Time(s)	Delta1C(deg)	Delta2C(deg)	Delta3C(deg)	Delta4C(deg)	Delta1(deg)	Delta2(deg)	Delta3(deg)	Delta4(deg)
0.000	0.000000	0.000000	0.000000	0.000000	-1.588780	-0.243532	0.158931	-0.201911
0.010	0.000000	0.000000	0.000000	0.000000	-1.588780	-0.243532	0.158931	-0.201911
0.020	0.000000	0.000000	0.000000	0.000000	-10.594481	-10.033079	-10.067368	-10.590134
0.030	0.000000	0.000000	0.000000	0.000000	-10.004214	-9.722955	-9.762997	-10.590134
0.040	0.000000	0.000000	0.000000	0.000000	-8.559613	-8.188661	-8.528602	-8.555621
0.050	0.000000	0.000000	0.000000	0.000000	-7.379080	-6.948168	-6.668555	-6.502779
0.060	0.000000	0.000000	0.000000	0.000000	-5.344212	-5.413874	-5.112880	-4.449937
0.070	0.000000	0.000000	0.000000	0.000000	-3.868545	-3.569457	-3.269743	-2.745345
0.080	0.000000	0.000000	0.000000	0.000000	-2.408411	-2.018840	-1.409696	-0.692503
0.090	0.000000	0.000000	0.000000	0.000000	-1.538544	-0.778347	-0.462763	0.333918
0.100	0.000000	0.000000	0.000000	0.000000	-1.523011	0.429502	-0.462763	0.315589
0.110	0.000000	0.000000	0.000000	0.000000	-1.538544	0.755947	-0.158392	0.315589
0.120	0.000000	0.000000	0.000000	0.000000	-1.538544	0.772269	-0.158392	0.315589
0.130	0.000000	0.000000	0.000000	0.000000	-1.538544	0.445824	-0.158392	0.297260
0.140	0.000000	0.000000	0.000000	0.000000	-1.243411	0.152023	-0.158392	0.645510
0.150	0.000000	0.000000	0.000000	0.000000	-1.227877	0.152023	0.129070	0.315589
0.160	0.000000	0.000000	0.000000	0.000000	-1.538544	-0.174423	-0.141482	0.315589
0.170	0.000000	0.000000	0.000000	0.000000	-1.227877	-0.174423	-0.158392	0.315589
0.180	0.000000	0.000000	0.000000	0.000000	-1.243411	0.152023	-0.158392	0.315589
0.190	0.000000	0.000000	0.000000	0.000000	-1.538544	-0.190745	-0.175301	0.315589
0.200	0.000000	0.000000	0.000000	0.000000	-1.523011	-0.174423	-0.175301	0.315589
0.210	0.000000	0.000000	0.000000	0.000000	-1.243411	-0.174423	-0.158392	0.315589
0.220	0.000000	0.000000	0.000000	0.000000	-1.523011	0.152023	-0.175301	0.297260
0.230	0.000000	0.000000	0.000000	0.000000	-1.538544	-0.174423	-0.175301	0.315589
0.240	0.000000	0.000000	0.000000	0.000000	-1.243411	-0.174423	-0.158392	0.315589
0.250	0.000000	0.000000	0.000000	0.000000	-1.523011	-0.158100	-0.158392	0.315589
0.260	0.000000	0.000000	0.000000	0.000000	-1.538544	-0.174423	-0.158392	0.333918
0.270	0.000000	0.000000	0.000000	0.000000	-1.243411	-0.174423	-0.158392	0.297260
0.280	0.000000	0.000000	0.000000	0.000000	-1.538544	0.135701	-0.158392	0.297260
0.290	0.000000	0.000000	0.000000	0.000000	-1.538544	0.135701	-0.158392	0.315589
0.300	0.000000	0.000000	0.000000	0.000000	-1.243411	0.135701	-0.158392	0.645510
0.310	0.000000	0.000000	0.000000	0.000000	-1.538544	-0.174423	-0.175301	0.315589
0.320	0.000000	0.000000	0.000000	0.000000	-1.523011	-0.190745	-0.175301	0.315589
0.330	0.000000	0.000000	0.000000	0.000000	-1.538544	0.135701	-0.158392	0.663839
0.340	0.000000	0.000000	0.000000	0.000000	-1.538544	-0.174423	-0.175301	0.315589
0.350	0.000000	0.000000	0.000000	0.000000	-1.538544	-0.174423	-0.158392	0.315589
0.360	0.000000	0.000000	0.000000	0.000000	-1.538544	0.152023	-0.158392	0.315589
0.370	0.000000	0.000000	0.000000	0.000000	-1.538544	0.152023	0.145979	0.645510
0.380	0.000000	0.000000	0.000000	0.000000	-1.243411	-0.158100	-0.158392	0.315589
0.390	0.000000	0.000000	0.000000	0.000000	-1.243411	0.135701	0.145979	0.315589
0.400	0.000000	0.000000	0.000000	0.000000	-1.243411	-0.174423	-0.175301	0.645510
0.410	0.000000	0.000000	0.000000	0.000000	-1.258944	-0.174423	-0.158392	0.315589
0.420	0.000000	0.000000	0.000000	0.000000	-1.243411	-0.174423	-0.158392	0.333918
0.430	0.000000	0.000000	0.000000	0.000000	-1.538544	0.135701	-0.158392	0.663839
0.440	0.000000	0.000000	0.000000	0.000000	-1.243411	-0.158100	-0.158392	0.645510
0.450	0.000000	0.000000	0.000000	0.000000	-1.538544	-0.190745	-0.158392	0.315589
0.460	0.000000	0.000000	0.000000	0.000000	-1.258944	-0.158100	-0.158392	0.315589
0.470	0.000000	0.000000	0.000000	0.000000	-1.243411	-0.174423	-0.158392	0.315589
0.480	0.000000	0.000000	0.000000	0.000000	-1.243411	-0.174423	-0.158392	0.645510
0.490	0.000000	0.000000	0.000000	0.000000	-1.243411	-0.158100	-0.158392	0.333918
0.500	0.000000	0.000000	0.000000	0.000000	-1.227877	-0.174423	0.145979	0.315589
0.510	0.000000	0.000000	0.000000	0.000000	-1.538544	-0.158100	-0.141482	0.645510
0.520	0.000000	0.000000	0.000000	0.000000	-1.523011	0.135701	-0.141482	0.333918
0.530	0.000000	0.000000	0.000000	0.000000	-1.523011	-0.174423	-0.158392	0.645510
0.540	0.000000	0.000000	0.000000	0.000000	-1.538544	-0.174423	-0.158392	0.315589
0.550	0.000000	0.000000	0.000000	0.000000	-1.538544	0.135701	-0.158392	0.333918
0.560	0.000000	0.000000	0.000000	0.000000	-1.243411	0.152023	-0.158392	0.333918
0.570	0.000000	0.000000	0.000000	0.000000	-1.538544	-0.174423	-0.175301	0.333918
0.580	0.000000	0.000000	0.000000	0.000000	-1.538544	-0.174423	-0.175301	0.297260
0.590	0.000000	0.000000	0.000000	0.000000	-1.243411	-0.174423	-0.479673	0.297260
0.600	0.000000	0.000000	0.000000	0.000000	-1.243411	-0.174423	-0.175301	0.315589
0.610	0.000000	0.000000	0.000000	0.000000	-1.523011	-0.158100	-0.175301	0.297260
0.620	0.000000	0.000000	0.000000	0.000000	-1.227877	0.135701	-0.175301	0.297260
0.630	0.000000	0.000000	0.000000	0.000000	-1.243411	-0.174423	-0.158392	0.315589
0.640	0.000000	0.000000	0.000000	0.000000	-1.523011	-0.174423	-0.158392	0.315589
0.650	0.000000	0.000000	0.000000	0.000000	-1.258944	0.135701	-0.158392	0.645510
0.660	0.000000	0.000000	0.000000	0.000000	-1.243411	-0.174423	-0.496582	0.663839
0.670	0.000000	0.000000	0.000000	0.000000	-1.538544	0.152023	-0.158392	0.315589
0.680	0.000000	0.000000	0.000000	0.000000	-1.243411	-0.174423	-0.175301	0.315589
0.690	0.000000	0.000000	0.000000	0.000000	-1.258944	-0.174423	0.145979	0.315589
0.700	0.000000	0.000000	0.000000	0.000000	-1.538544	-0.158100	-0.158392	0.333918
0.710	0.000000	0.000000	0.000000	0.000000	-1.243411	-0.158100	-0.175301	0.333918
0.720	0.000000	0.000000	0.000000	0.000000	-1.538544	-0.174423	-0.158392	0.333918
0.730	0.000000	0.000000	0.000000	0.000000	-1.538544	0.135701	-0.158392	0.297260
0.740	0.000000	0.000000	0.000000	0.000000	-1.243411	0.135701	-0.158392	0.315589
0.750	0.000000	0.000000	0.000000	0.000000	-1.538544	-0.158100	-0.158392	0.645510
0.760	0.000000	0.000000	0.000000	0.000000	-1.538544	0.152023	-0.175301	0.315589
0.770	0.000000	0.000000	0.000000	0.000000	-1.243411	0.152023	-0.175301	0.315589
0.780	0.000000	0.000000	0.000000	0.000000	-1.243411	-0.158100	-0.158392	0.315589
0.790	0.000000	0.000000	0.000000	0.000000	-1.538544	-0.158100	-0.158392	0.645510
0.800	0.000000	0.000000	0.000000	0.000000	-1.523011	-0.174423	-0.158392	0.645510
0.810	0.000000	0.000000	0.000000	0.000000	-1.243411	-0.174423	0.145979	0.297260
0.820	0.000000	0.000000	0.000000	0.000000	-1.227877	-0.158100	-0.175301	0.297260
0.830	0.000000	0.000000	0.000000	0.000000	-1.538544	-0.158100	-0.175301	0.297260
0.840	0.000000	0.000000	0.000000	0.000000	-1.243411	-0.158100	-0.158392	0.315589
0.850	0.000000	0.000000	0.000000	0.000000	-1.523011	0.135701	-0.158392	0.315589
0.860	0.000000	0.000000	0.000000	0.000000	-1.538544	-0.174423	-0.158392	0.315589
0.870	0.000000	0.000000	0.000000	0.000000	-1.538544	-0.174423	-0.158392	0.297260
0.880	0.000000	0.000000	0.000000	0.000000	-1.243411	0.135701	-0.175301	0.663839
0.890	0.000000	0.000000	0.000000	0.000000	-1.243411	-0.174423	-0.158392	0.315589
0.900	0.000000	0.000000	0.000000	0.000000	-1.243411	-0.174423	-0.158392	0.645510
0.910	0.000000	0.000000	0.000000	0.000000	-1.243411	-0.174423	-0.141482	0.315589
0.920	0.000000	0.000000	0.000000	0.000000	-1.243411	-0.174423	-0.158392	0.297260
0.930	0.000000	0.000000	0.000000	0.000000	-1.523011	-0.174423	-0.175301	0.645510
0.940	0.000000	0.000000	0.000000	0.000000	-1.538544	-0.158100	-0.158392	0.315589
0.950	0.000000	0.000000	0.000000	0.000000	-1.243411	-0.174423	-0.158392	0.663839
0.960	0.000000	0.000000	0.000000	0.000000	-1.243411	-0.158100	-0.158392	0.315589
0.970	0.000000	0.000000	0.000000	0.000000	-1.243411	-0.190745	-0.158392	0.315589
0.980	0.000000	0.000000	0.000000	0.000000	-1.243411	-0.174423	-0.158392	0.315589
0.990	0.000000	0.000000	0.000000	0.000000	-1.243411	-0.174423	-0.158392	0.315589
1.000	0.000000	0.000000	0.000000	0.000000	-1.243411	-0.190745	-0.158392	0.315589
1.010	-15.000000	-15.000000	-15.000000	-15.000000	-1.243411	0.135701	-0.175301	0.315589
1.020	-15.000000	-15.000000	-15.000000	-15.000000	-1.538544	0.135701	-0.158392	0.315589
1.030	-15.000000	-15.000000	-15.000000	-15.000000	-1.538544	-0.174423	-0.158392	0.333918
1.040	-15.000000	-15.000000	-15.000000	-15.000000	-1.523011	-0.158100	-0.141482	0.315589
1.050	-15.000000	-15.000000	-15.000000	-15.000000	-1.833678	-0.158100	-0.462763	-0.032661
1.060	-15.000000	-15.000000	-15.000000	-15.000000	-3.309345	-1.692395	-2.018439	-1.718924
1.070	-15.000000	-15.000000	-15.000000	-15.000000	-5.064612	-3.243011	-3.878485	-3.771766
1.080	-15.000000	-15.000000	-15.000000	-15.000000	-6.509213	-5.103751	-5.434161	-5.824608
1.090	-15.000000	-15.000000	-15.000000	-15.000000	-8.559613	-7.258291	-7.598579	-8.207371
1.100	-15.000000	-15.000000	-15.000000	-15.000000	-10.889614	-9.412832	-9.779906	-10.571805
1.110	-15.000000	-15.000000	-15.000000	-15.000000	-12.644881	-11.583695	-11.961234	-12.972897
1.120	-15.000000	-15.000000	-15.000000	-15.000000	-14.415682	-13.428113	-14.108743	-14.989081
1.130	-15.000000	-15.000000	-15.000000	-15.000000	-15.270016	-14.978729	-15.038766	-16.052160
1.140	-15.000000	-15.000000	-15.000000	-15.000000	-15.285549	-15.909099	-14.751304	-16.033831
1.150	-15.000000	-15.000000	-15.000000	-15.000000	-15.580682	-16.202900	-14.717485	-16.033831
1.160	-15.000000	-15.000000	-15.000000	-15.000000	-15.285549	-15.909099	-14.734395	-16.052160
1.170	-15.000000	-15.000000	-15.000000	-15.000000	-15.301082	-15.598976	-14.717485	-15.703910
1.180	-15.000000	-15.000000	-15.000000	-15.000000	-15.285549	-15.272530	-14.734395	-15.997173
1.190	-15.000000	-15.000000	-15.000000	-15.000000	-15.285549	-14.978729	-15.038766	-15.703910
1.200	-15.000000	-15.000000	-15.000000	-15.000000	-15.270016	-14.995051	-14.734395	-16.033831
1.210	-15.000000	-15.000000	-15.000000	-15.000000	-15.270016	-14.978729	-14.751304	-15.685581
1.220	-15.000000	-15.000000	-15.000000	-15.000000	-15.285549	-14.962407	-14.751304	-15.703910
1.230	-15.000000	-15.000000	-15.000000	-15.000000	-15.270016	-14.962407	-14.734395	-15.685581
1.240	-15.000000	-15.000000	-15.000000	-15.000000	-15.285549	-14.978729	-14.717485	-16.015502
1.250	-15.000000	-15.000000	-15.000000	-15.000000	-15.285549	-14.962407	-14.717485	-15.685581
1.260	-15.000000	-15.000000	-15.000000	-15.000000	-15.285549	-14.962407	-15.055675	-16.033831
1.270	-15.000000	-15.000000	-15.000000	-15.000000	-15.285549	-15.288852	-15.055675	-16.033831
1.280	-15.000000	-15.000000	-15.000000	-15.000000	-15.301082	-14.962407	-14.734395	-15.703910
1.290	-15.000000	-15.000000	-15.000000	-15.000000	-15.285549	-14.978729	-15.021856	-15.685581
1.300	-15.000000	-15.000000	-15.000000	-15.000000	-15.285549	-14.995051	-14.717485	-16.033831
1.310	-15.000000	-15.000000	-15.000000	-15.000000	-15.301082	-14.978729	-15.038766	-16.033831
1.320	-15.000000	-15.000000	-15.000000	-15.000000	-15.580682	-14.962407	-14.734395	-16.033831
1.330	-15.000000	-15.000000	-15.000000	-15.000000	-15.285549	-14.995051	-15.038766	-16.033831
1.340	-15.000000	-15.000000	-15.000000	-15.000000	-15.270016	-14.978729	-15.038766	-15.685581
1.350	-15.000000	-15.000000	-15.000000	-15.000000	-15.285549	-14.962407	-14.734395	-15.685581
1.360	-15.000000	-15.000000	-15.000000	-15.000000	-15.285549	-14.978729	-14.734395	-16.015502
1.370	-15.000000	-15.000000	-15.000000	-15.000000	-15.270016	-14.978729	-14.734395	-16.033831
1.380	-15.000000	-15.000000	-15.000000	-15.000000	-15.270016	-14.962407	-14.751304	-15.667252
1.390	-15.000000	-15.000000	-15.000000	-15.000000	-15.270016	-14.962407	-14.734395	-16.052160
1.400	-15.000000	-15.000000	-15.000000	-15.000000	-15.270016	-14.978729	-14.734395	-16.033831
1.410	-15.000000	-15.000000	-15.000000	-15.000000	-15.270016	-14.978729	-14.734395	-16.033831
1.420	-15.000000	-15.000000	-15.000000	-15.000000	-15.270016	-14.668606	-14.734395	-16.052160
1.430	-15.000000	-15.000000	-15.000000	-15.000000	-15.270016	-14.995051	-14.734395	-16.033831
1.440	-15.000000	-15.000000	-15.000000	-15.000000	-15.270016	-14.978729	-14.751304	-16.052160
1.450	-15.000000	-15.000000	-15.000000	-15.000000	-15.270016	-14.978729	-14.751304	-16.033831
1.460	-15.000000	-15.000000	-15.000000	-15.000000	-15.285549	-14.962407	-14.751304	-15.703910
1.470	-15.000000	-15.000000	-15.000000	-15.000000	-15.285549	-15.256208	-15.038766	-16.033831
1.480	-15.000000	-15.000000	-15.000000	-15.000000	-15.270016	-14.962407	-14.717485	-16.052160
1.490	-15.000000	-15.000000	-15.000000	-15.000000	-15.285549	-14.978729	-14.734395	-16.033831
1.500	-15.000000	-15.000000	-15.000000	-15.000000	-15.285549	-14.995051	-14.734395	-16.052160
1.510	-15.000000	-15.000000	-15.000000	-15.000000	-15.270016	-14.978729	-15.038766	-16.033831
1.520	-15.000000	-15.000000	-15.000000	-15.000000	-15.285549	-14.962407	-15.038766	-16.052160
1.530	-15.000000	-15.000000	-15.000000	-15.000000	-15.285549	-14.962407	-14.734395	-16.015502
1.540	-15.000000	-15.000000	-15.000000	-15.000000	-15.270016	-14.978729	-14.734395	-16.033831
1.550	-15.000000	-15.000000	-15.000000	-15.000000	-15.285549	-14.978729	-14.734395	-16.033831
1.560	-15.000000	-15.000000	-15.000000	-15.000000	-15.285549	-14.962407	-14.734395	-15.703910
1.570	-15.000000	-15.000000	-15.000000	-15.000000	-15.270016	-14.978729	-14.734395	-16.033831
1.580	-15.000000	-15.000000	-15.000000	-15.000000	-15.270016	-14.962407	-14.717485	-16.052160
1.590	-15.000000	-15.000000	-15.000000	-15.000000	-15.270016	-14.978729	-14.734395	-16.052160
1.600	-15.000000	-15.000000	-15.000000	-15.000000	-15.270016	-14.978729	-15.038766	-16.052160
1.610	-15.000000	-15.000000	-15.000000	-15.000000	-15.270016	-14.995051	-14.717485	-16.033831
1.620	-15.000000	-15.000000	-15.000000	-15.000000	-15.580682	-14.978729	-15.055675	-15.685581
1.630	-15.000000	-15.000000	-15.000000	-15.000000	-15.270016	-14.978729	-14.751304	-16.015502
1.640	-15.000000	-15.000000	-15.000000	-15.000000	-15.270016	-14.978729	-15.038766	-16.052160
1.650	-15.000000	-15.000000	-15.000000	-15.000000	-15.285549	-14.978729	-14.734395	-16.015502
1.660	-15.000000	-15.000000	-15.000000	-15.000000	-15.285549	-14.995051	-14.734395	-16.033831
1.670	-15.000000	-15.000000	-15.000000	-15.000000	-15.270016	-14.962407	-14.734395	-15.703910
1.680	-15.000000	-15.000000	-15.000000	-15.000000	-15.285549	-15.272530	-14.734395	-16.033831
1.690	-15.000000	-15.000000	-15.000000	-15.000000	-15.285549	-14.978729	-14.717485	-16.052160
1.700	-15.000000	-15.000000	-15.000000	-15.000000	-15.270016	-14.962407	-14.734395	-16.033831
1.710	-15.000000	-15.000000	-15.000000	-15.000000	-15.270016	-14.962407	-15.038766	-16.033831
1.720	-15.000000	-15.000000	-15.000000	-15.000000	-15.285549	-14.978729	-14.734395	-16.033831
1.730	-15.000000	-15.000000	-15.000000	-15.000000	-15.285549	-14.995051	-15.055675	-16.015502
1.740	-15.000000	-15.000000	-15.000000	-15.000000	-15.285549	-14.946084	-14.751304	-15.703910
1.750	-15.000000	-15.000000	-15.000000	-15.000000	-15.270016	-14.962407	-15.055675	-16.033831
1.760	-15.000000	-15.000000	-15.000000	-15.000000	-15.270016	-14.995051	-15.055675	-15.685581
1.770	-15.000000	-15.000000	-15.000000	-15.000000	-15.270016	-14.978729	-14.717485	-16.033831
1.780	-15.000000	-15.000000	-15.000000	-15.000000	-15.270016	-14.978729	-14.734395	-15.667252
1.790	-15.000000	-15.000000	-15.000000	-15.000000	-15.285549	-14.978729	-14.734395	-15.685581
1.800	-15.000000	-15.000000	-15.000000	-15.000000	-15.285549	-14.978729	-15.038766	-16.015502
1.810	-15.000000	-15.000000	-15.000000	-15.000000	-15.285549	-14.978729	-15.055675	-16.033831
1.820	-15.000000	-15.000000	-15.000000	-15.000000	-15.270016	-14.978729	-14.734395	-15.667252
1.830	-15.000000	-15.000000	-15.000000	-15.000000	-15.285549	-14.978729	-15.055675	-16.015502
1.840	-15.000000	-15.000000	-15.000000	-15.000000	-15.285549	-14.962407	-15.055675	-15.685581
1.850	-15.000000	-15.000000	-15.000000	-15.000000	-15.270016	-14.978729	-14.734395	-16.033831
1.860	-15.000000	-15.000000	-15.000000	-15.000000	-15.285549	-14.978729	-14.734395	-16.033831
1.870	-15.000000	-15.000000	-15.000000	-15.000000	-15.270016	-14.978729	-14.751304	-15.685581
1.880	-15.000000	-15.000000	-15.000000	-15.000000	-15.285549	-14.946084	-15.055675	-15.703910
1.890	-15.000000	-15.000000	-15.000000	-15.000000	-15.285549	-14.978729	-15.055675	-16.033831
1.900	-15.000000	-15.000000	-15.000000	-15.000000	-15.285549	-14.962407	-14.734395	-15.685581
1.910	-15.000000	-15.000000	-15.000000	-15.000000	-15.285549	-14.978729	-14.734395	-15.685581
1.920	-15.000000	-15.000000	-15.000000	-15.000000	-15.270016	-14.962407	-14.751304	-15.703910
1.930	-15.000000	-15.000000	-15.000000	-15.000000	-15.285549	-14.962407	-14.734395	-16.033831
1.940	-15.000000	-15.000000	-15.000000	-15.000000	-15.285549	-14.978729	-14.734395	-15.685581
1.950	-15.000000	-15.000000	-15.000000	-15.000000	-15.285549	-14.962407	-15.038766	-16.033831
1.960	-15.000000	-15.000000	-15.000000	-15.000000	-15.285549	-14.978729	-14.734395	-16.033831
1.970	-15.000000	-15.000000	-15.000000	-15.000000	-15.270016	-14.962407	-14.734395	-16.033831
1.980	-15.000000	-15.000000	-15.000000	-15.000000	-15.285549	-14.962407	-14.751304	-15.667252
1.990	-15.000000	-15.000000	-15.000000	-15.000000	-15.270016	-14.946084	-14.734395	-16.052160
2.000	-15.000000	-15.000000	-15.000000	-15.000000	-15.285549	-14.962407	-14.734395	-16.033831
2.010	-15.000000	-15.000000	-15.000000	-15.000000	-15.580682	-14.962407	-14.734395	-16.033831
2.020	-15.000000	-15.000000	-15.000000	-15.000000	-15.285549	-14.978729	-14.717485	-16.052160
2.030	-15.000000	-15.000000	-15.000000	-15.000000	-15.285549	-14.978729	-14.751304	-16.033831
2.040	-15.000000	-15.000000	-15.000000	-15.000000	-15.285549	-14.978729	-14.734395	-16.033831
2.050	-15.000000	-15.000000	-15.000000	-15.000000	-15.270016	-14.962407	-14.734395	-16.015502
2.060	-15.000000	-15.000000	-15.000000	-15.000000	-15.270016	-14.978729	-15.038766	-15.685581
2.070	-15.000000	-15.000000	-15.000000	-15.000000	-15.270016	-14.978729	-14.751304	-16.015502
2.080	-15.000000	-15.000000	-15.000000	-15.000000	-15.285549	-14.978729	-14.734395	-16.015502
2.090	-15.000000	-15.000000	-15.000000	-15.000000	-15.270016	-14.978729	-14.751304	-16.033831
2.100	-15.000000	-15.000000	-15.000000	-15.000000	-15.285549	-14.962407	-14.751304	-16.033831
2.110	-15.000000	-15.000000	-15.000000	-15.000000	-15.270016	-14.962407	-14.717485	-16.015502
2.120	-15.000000	-15.000000	-15.000000	-15.000000	-15.270016	-14.978729	-14.734395	-16.015502
2.130	-15.000000	-15.000000	-15.000000	-15.000000	-15.270016	-14.962407	-14.734395	-16.015502
2.140	-15.000000	-15.000000	-15.000000	-15.000000	-15.270016	-14.978729	-14.717485	-16.015502
2.150	-15.000000	-15.000000	-15.000000	-15.000000	-15.285549	-14.962407	-15.038766	-16.033831
2.160	-15.000000	-15.000000	-15.000000	-15.000000	-15.285549	-14.995051	-14.717485	-16.015502
2.170	-15.000000	-15.000000	-15.000000	-15.000000	-15.285549	-14.978729	-14.734395	-16.052160
2.180	-15.000000	-15.000000	-15.000000	-15.000000	-15.285549	-14.995051	-14.717485	-16.033831
2.190	-15.000000	-15.000000	-15.000000	-15.000000	-15.285549	-14.962407	-14.734395	-16.015502
2.200	-15.000000	-15.000000	-15.000000	-15.000000	-15.270016	-14.962407	-14.734395	-15.703910
2.210	-15.000000	-15.000000	-15.000000	-15.000000	-15.270016	-14.978729	-15.038766	-16.015502
2.220	-15.000000	-15.000000	-15.000000	-15.000000	-15.285549	-14.962407	-14.734395	-15.685581
2.230	-15.000000	-15.000000	-15.000000	-15.000000	-15.270016	-14.946084	-14.717485	-16.033831
2.240	-15.000000	-15.000000	-15.000000	-15.000000	-15.285549	-14.978729	-14.734395	-16.015502
2.250	-15.000000	-15.000000	-15.000000	-15.000000	-15.270016	-14.962407	-14.734395	-16.015502
2.260	-15.000000	-15.000000	-15.000000	-15.000000	-15.285549	-14.962407	-14.734395	-16.015502
2.270	-15.000000	-15.000000	-15.000000	-15.000000	-15.270016	-14.962407	-14.717485	-15.685581
2.280	-15.000000	-15.000000	-15.000000	-15.000000	-15.285549	-14.962407	-15.038766	-16.033831
2.290	-15.000000	-15.000000	-15.000000	-15.000000	-15.270016	-14.978729	-14.734395	-16.052160
2.300	-15.000000	-15.000000	-15.000000	-15.000000	-15.285549	-14.962407	-14.734395	-16.033831
2.310	-15.000000	-15.000000	-15.000000	-15.000000	-15.270016	-14.962407	-14.734395	-16.033831
2.320	-15.000000	-15.000000	-15.000000	-15.000000	-15.285549	-14.978729	-14.751304	-16.033831
2.330	-15.000000	-15.000000	-15.000000	-15.000000	-15.285549	-14.978729	-14.734395	-16.033831
2.340	-15.000000	-15.000000	-15.000000	-15.000000	-15.270016	-14.962407	-14.751304	-16.015502
2.350	-15.000000	-15.000000	-15.000000	-15.000000	-15.285549	-14.962407	-14.734395	-15.703910
2.360	-15.000000	-15.000000	-15.000000	-15.000000	-15.285549	-14.978729	-14.734395	-16.033831
2.370	-15.000000	-15.000000	-15.000000	-15.000000	-15.270016	-14.978729	-14.734395	-16.033831
2.380	-15.000000	-15.000000	-15.000000	-15.000000	-15.285549	-14.962407	-14.734395	-16.033831
2.390	-15.000000	-15.000000	-15.000000	-15.000000	-15.285549	-14.962407	-14.734395	-16.033831
2.400	-15.000000	-15.000000	-15.000000	-15.000000	-15.285549	-14.962407	-15.055675	-15.685581
2.410	-15.000000	-15.000000	-15.000000	-15.000000	-15.285549	-14.978729	-14.751304	-16.015502
2.420	-15.000000	-15.000000	-15.000000	-15.000000	-15.285549	-14.978729	-15.055675	-16.033831
2.430	-15.000000	-15.000000	-15.000000	-15.000000	-15.285549	-14.962407	-15.072585	-16.015502
2.440	-15.000000	-15.000000	-15.000000	-15.000000	-15.270016	-14.962407	-14.751304	-16.033831
2.450	-15.000000	-15.000000	-15.000000	-15.000000	-15.285549	-14.978729	-14.751304	-16.033831
2.460	-15.000000	-15.000000	-15.000000	-15.000000	-15.285549	-14.962407	-14.734395	-16.015502
2.470	-15.000000	-15.000000	-15.000000	-15.000000	-15.285549	-14.962407	-15.055675	-16.015502
2.480	-15.000000	-15.000000	-15.000000	-15.000000	-15.285549	-14.978729	-14.751304	-16.015502
2.490	-15.000000	-15.000000	-15.000000	-15.000000	-15.285549	-14.962407	-14.734395	-15.685581
2.500	-15.000000	-15.000000	-15.000000	-15.000000	-15.270016	-14.978729	-15.055675	-16.015502
2.510	-15.000000	-15.000000	-15.000000	-15.000000	-15.301082	-14.978729	-15.038766	-16.015502
2.520	-15.000000	-15.000000	-15.000000	-15.000000	-15.285549	-14.978729	-15.038766	-15.667252
2.530	-15.000000	-15.000000	-15.000000	-15.000000	-15.285549	-14.962407	-15.038766	-15.685581
2.540	-15.000000	-15.000000	-15.000000	-15.000000	-15.285549	-14.946084	-14.734395	-16.015502
2.550	-15.000000	-15.000000	-15.000000	-15.000000	-15.285549	-14.978729	-14.734395	-15.997173
2.560	-15.000000	-15.000000	-15.000000	-15.000000	-15.285549	-14.978729	-14.734395	-16.033831
2.570	-15.000000	-15.000000	-15.000000	-15.000000	-15.285549	-14.962407	-15.038766	-16.015502
2.580	-15.000000	-15.000000	-15.000000	-15.000000	-15.285549	-14.962407	-14.734395	-16.015502
2.590	-15.000000	-15.000000	-15.000000	-15.000000	-15.285549	-14.962407	-15.055675	-15.685581
2.600	-15.000000	-15.000000	-15.000000	-15.000000	-15.285549	-14.978729	-14.734395	-15.685581
2.610	-15.000000	-15.000000	-15.000000	-15.000000	-15.285549	-14.978729	-14.734395	-16.033831
2.620	-15.000000	-15.000000	-15.000000	-15.000000	-15.285549	-14.962407	-14.734395	-16.033831
2.630	-15.000000	-15.000000	-15.000000	-15.000000	-15.285549	-14.978729	-14.717485	-16.033831
2.640	-15.000000	-15.000000	-15.000000	-15.000000	-15.285549	-14.962407	-14.734395	-15.722238
2.650	-15.000000	-15.000000	-15.000000	-15.000000	-15.254482	-14.978729	-15.055675	-16.033831
2.660	-15.000000	-15.000000	-15.000000	-15.000000	-15.270016	-14.962407	-14.751304	-16.033831
2.670	-15.000000	-15.000000	-15.000000	-15.000000	-15.285549	-14.962407	-15.038766	-16.033831
2.680	-15.000000	-15.000000	-15.000000	-15.000000	-15.580682	-14.962407	-14.751304	-15.703910
2.690	-15.000000	-15.000000	-15.000000	-15.000000	-15.270016	-14.962407	-14.734395	-16.052160
2.700	-15.000000	-15.000000	-15.000000	-15.000000	-15.270016	-14.978729	-14.734395	-16.033831
2.710	-15.000000	-15.000000	-15.000000	-15.000000	-15.285549	-14.962407	-14.734395	-15.703910
2.720	-15.000000	-15.000000	-15.000000	-15.000000	-15.285549	-14.946084	-14.751304	-16.033831
2.730	-15.000000	-15.000000	-15.000000	-15.000000	-15.285549	-14.962407	-14.734395	-16.033831
2.740	-15.000000	-15.000000	-15.000000	-15.000000	-15.285549	-14.962407	-14.751304	-15.703910
2.750	-15.000000	-15.000000	-15.000000	-15.000000	-15.270016	-14.962407	-14.734395	-16.033831
2.760	-15.000000	-15.000000	-15.000000	-15.000000	-15.270016	-14.962407	-14.751304	-16.052160
2.770	-15.000000	-15.000000	-15.000000	-15.000000	-15.285549	-14.962407	-14.751304	-15.722238
2.780	-15.000000	-15.000000	-15.000000	-15.000000	-15.270016	-14.946084	-14.751304	-16.033831
2.790	-15.000000	-15.000000	-15.000000	-15.000000	-15.285549	-14.962407	-15.055675	-16.052160
2.800	-15.000000	-15.000000	-15.000000	-15.000000	-15.285549	-14.978729	-14.751304	-16.033831
2.810	-15.000000	-15.000000	-15.000000	-15.000000	-15.285549	-14.962407	-14.751304	-16.033831
2.820	-15.000000	-15.000000	-15.000000	-15.000000	-15.285549	-14.978729	-14.751304	-16.052160
2.830	-15.000000	-15.000000	-15.000000	-15.000000	-15.285549	-14.962407	-14.751304	-16.033831
2.840	-15.000000	-15.000000	-15.000000	-15.000000	-15.270016	-14.962407	-14.751304	-16.052160
2.850	-15.000000	-15.000000	-15.000000	-15.000000	-15.285549	-14.962407	-14.751304	-15.703910
2.860	-15.000000	-15.000000	-15.000000	-15.000000	-15.285549	-14.962407	-14.734395	-16.015502
2.870	-15.000000	-15.000000	-15.000000	-15.000000	-15.301082	-14.962407	-14.751304	-16.033831
2.880	-15.000000	-15.000000	-15.000000	-15.000000	-15.285549	-14.962407	-14.734395	-16.033831
2.890	-15.000000	-15.000000	-15.000000	-15.000000	-15.285549	-14.946084	-15.038766	-15.703910
2.900	-15.000000	-15.000000	-15.000000	-15.000000	-15.285549	-14.946084	-14.734395	-15.685581
2.910	-15.000000	-15.000000	-15.000000	-15.000000	-15.270016	-14.946084	-14.734395	-15.685581
2.920	-15.000000	-15.000000	-15.000000	-15.000000	-15.301082	-14.978729	-14.734395	-16.052160
2.930	-15.000000	-15.000000	-15.000000	-15.000000	-15.285549	-14.978729	-15.038766	-16.052160
2.940	-15.000000	-15.000000	-15.000000	-15.000000	-15.285549	-14.962407	-14.751304	-16.015502
2.950	-15.000000	-15.000000	-15.000000	-15.000000	-15.285549	-14.962407	-15.038766	-15.703910
2.960	-15.000000	-15.000000	-15.000000	-15.000000	-15.285549	-14.962407	-14.734395	-15.703910
2.970	-15.000000	-15.000000	-15.000000	-15.000000	-15.301082	-14.978729	-14.734395	-16.033831
2.980	-15.000000	-15.000000	-15.000000	-15.000000	-15.301082	-14.978729	-15.055675	-16.033831
2.990	-15.000000	-15.000000	-15.000000	-15.000000	-15.285549	-14.978729	-14.751304	-15.703910
3.000	-15.000000	-15.000000	-15.000000	-15.000000	-15.285549	-14.978729	-14.751304	-15.703910
3.010	-15.000000	-15.000000	-15.000000	-15.000000	-15.285549	-14.962407	-14.751304	-15.685581
3.020	-15.000000	-15.000000	-15.000000	-15.000000	-15.270016	-14.978729	-14.751304	-16.015502
3.030	-15.000000	-15.000000	-15.000000	-15.000000	-15.285549	-14.962407	-14.751304	-16.052160
3.040	-15.000000	-15.000000	-15.000000	-15.000000	-15.285549	-14.946084	-14.734395	-16.033831
3.050	-15.000000	-15.000000	-15.000000	-15.000000	-15.285549	-14.962407	-14.717485	-15.685581
3.060	-15.000000	-15.000000	-15.000000	-15.000000	-15.285549	-14.962407	-14.734395	-16.033831
3.070	-15.000000	-15.000000	-15.000000	-15.000000	-15.285549	-14.962407	-14.717485	-15.703910
3.080	-15.000000	-15.000000	-15.000000	-15.000000	-15.285549	-14.962407	-14.751304	-16.015502
3.090	-15.000000	-15.000000	-15.000000	-15.000000	-15.285549	-14.978729	-15.038766	-16.033831
3.100	-15.000000	-15.000000	-15.000000	-15.000000	-15.285549	-14.962407	-14.734395	-16.015502
3.110	-15.000000	-15.000000	-15.000000	-15.000000	-15.285549	-14.962407	-15.038766	-15.685581
3.120	-15.000000	-15.000000	-15.000000	-15.000000	-15.285549	-14.962407	-14.734395	-15.685581
3.130	-15.000000	-15.000000	-15.000000	-15.000000	-15.285549	-14.978729	-14.734395	-16.033831
3.140	-15.000000	-15.000000	-15.000000	-15.000000	-15.301082	-14.978729	-15.038766	-15.685581
3.150	-15.000000	-15.000000	-15.000000	-15.000000	-15.301082	-14.946084	-14.717485	-16.033831
3.160	-15.000000	-15.000000	-15.000000	-15.000000	-15.285549	-14.978729	-14.717485	-16.033831
3.170	-15.000000	-15.000000	-15.000000	-15.000000	-15.285549	-14.978729	-14.734395	-16.033831
3.180	-15.000000	-15.000000	-15.000000	-15.000000	-15.270016	-14.962407	-14.717485	-16.033831
3.190	-15.000000	-15.000000	-15.000000	-15.000000	-15.301082	-14.978729	-15.038766	-15.703910
3.200	-15.000000	-15.000000	-15.000000	-15.000000	-15.285549	-14.962407	-14.734395	-15.685581
3.210	-15.000000	-15.000000	-15.000000	-15.000000	-15.301082	-14.962407	-15.055675	-15.703910
3.220	-15.000000	-15.000000	-15.000000	-15.000000	-15.285549	-14.962407	-14.734395	-16.033831
3.230	-15.000000	-15.000000	-15.000000	-15.000000	-15.285549	-14.962407	-14.751304	-16.052160
3.240	-15.000000	-15.000000	-15.000000	-15.000000	-15.285549	-14.978729	-14.751304	-15.722238
3.250	-15.000000	-15.000000	-15.000000	-15.000000	-15.285549	-14.962407	-14.751304	-16.033831
3.260	-15.000000	-15.000000	-15.000000	-15.000000	-15.285549	-14.962407	-14.717485	-16.033831
3.270	-15.000000	-15.000000	-15.000000	-15.000000	-15.301082	-14.962407	-15.038766	-16.015502
3.280	-15.000000	-15.000000	-15.000000	-15.000000	-15.285549	-14.962407	-14.734395	-16.015502
3.290	-15.000000	-15.000000	-15.000000	-15.000000	-15.285549	-14.978729	-15.055675	-16.033831
3.300	-15.000000	-15.000000	-15.000000	-15.000000	-15.285549	-14.978729	-14.734395	-16.052160
3.310	-15.000000	-15.000000	-15.000000	-15.000000	-15.285549	-14.978729	-14.734395	-16.052160
3.320	-15.000000	-15.000000	-15.000000	-15.000000	-15.285549	-14.962407	-14.734395	-16.033831
3.330	-15.000000	-15.000000	-15.000000	-15.000000	-15.285549	-14.978729	-15.038766	-16.033831
3.340	-15.000000	-15.000000	-15.000000	-15.000000	-15.285549	-14.962407	-15.038766	-15.703910
3.350	-15.000000	-15.000000	-15.000000	-15.000000	-15.285549	-14.978729	-14.734395	-16.033831
3.360	-15.000000	-15.000000	-15.000000	-15.000000	-15.285549	-14.978729	-14.734395	-16.033831
3.370	-15.000000	-15.000000	-15.000000	-15.000000	-15.270016	-14.978729	-14.751304	-16.033831
3.380	-15.000000	-15.000000	-15.000000	-15.000000	-15.270016	-14.962407	-15.055675	-16.033831
3.390	-15.000000	-15.000000	-15.000000	-15.000000	-15.270016	-14.978729	-14.751304	-15.703910
3.400	-15.000000	-15.000000	-15.000000	-15.000000	-15.285549	-14.962407	-15.038766	-16.033831
3.410	-15.000000	-15.000000	-15.000000	-15.000000	-15.285549	-14.978729	-14.734395	-16.033831
3.420	-15.000000	-15.000000	-15.000000	-15.000000	-15.270016	-14.962407	-14.751304	-16.033831
3.430	-15.000000	-15.000000	-15.000000	-15.000000	-15.270016	-14.946084	-15.055675	-15.685581
3.440	-15.000000	-15.000000	-15.000000	-15.000000	-15.270016	-14.978729	-14.751304	-16.033831
3.450	-15.000000	-15.000000	-15.000000	-15.000000	-15.285549	-14.962407	-14.751304	-16.052160
3.460	-15.000000	-15.000000	-15.000000	-15.000000	-15.285549	-14.946084	-14.751304	-16.033831
3.470	-15.000000	-15.000000	-15.000000	-15.000000	-15.285549	-14.978729	-14.751304	-16.052160
3.480	-15.000000	-15.000000	-15.000000	-15.000000	-15.270016	-14.962407	-14.751304	-15.703910
3.490	-15.000000	-15.000000	-15.000000	-15.000000	-15.285549	-14.962407	-14.734395	-16.033831
3.500	-15.000000	-15.000000	-15.000000	-15.000000	-15.285549	-14.962407	-14.734395	-16.033831
3.510	-15.000000	-15.000000	-15.000000	-15.000000	-15.270016	-14.962407	-14.751304	-16.033831
3.520	-15.000000	-15.000000	-15.000000	-15.000000	-15.270016	-14.978729	-14.734395	-15.685581
3.530	-15.000000	-15.000000	-15.000000	-15.000000	-15.285549	-14.635961	-14.734395	-16.052160
3.540	-15.000000	-15.000000	-15.000000	-15.000000	-15.285549	-14.652283	-14.751304	-15.685581
3.550	-15.000000	-15.000000	-15.000000	-15.000000	-15.285549	-14.946084	-14.734395	-16.052160
3.560	-15.000000	-15.000000	-15.000000	-15.000000	-15.285549	-14.978729	-14.734395	-15.685581
3.570	-15.000000	-15.000000	-15.000000	-15.000000	-15.285549	-14.962407	-14.768214	-16.015502
3.580	-15.000000	-15.000000	-15.000000	-15.000000	-15.270016	-14.962407	-14.734395	-16.052160
3.590	-15.000000	-15.000000	-15.000000	-15.000000	-15.270016	-14.962407	-14.717485	-16.033831
3.600	-15.000000	-15.000000	-15.000000	-15.000000	-15.270016	-14.946084	-14.734395	-16.033831
3.610	-15.000000	-15.000000	-15.000000	-15.000000	-15.285549	-14.978729	-14.717485	-16.033831
3.620	-15.000000	-15.000000	-15.000000	-15.000000	-15.270016	-14.962407	-15.038766	-16.033831
3.630	-15.000000	-15.000000	-15.000000	-15.000000	-15.285549	-14.962407	-14.751304	-15.685581
3.640	-15.000000	-15.000000	-15.000000	-15.000000	-15.270016	-14.962407	-15.055675	-16.033831
3.650	-15.000000	-15.000000	-15.000000	-15.000000	-15.270016	-14.962407	-14.751304	-16.052160
3.660	-15.000000	-15.000000	-15.000000	-15.000000	-15.270016	-14.946084	-15.055675	-16.052160
3.670	-15.000000	-15.000000	-15.000000	-15.000000	-15.270016	-14.962407	-14.734395	-16.015502
3.680	-15.000000	-15.000000	-15.000000	-15.000000	-15.285549	-14.978729	-14.734395	-16.033831
3.690	-15.000000	-15.000000	-15.000000	-15.000000	-15.285549	-14.962407	-14.734395	-15.703910
3.700	-15.000000	-15.000000	-15.000000	-15.000000	-15.285549	-14.978729	-14.734395	-16.033831
3.710	-15.000000	-15.000000	-15.000000	-15.000000	-15.270016	-15.272530	-14.751304	-16.052160
3.720	-15.000000	-15.000000	-15.000000	-15.000000	-15.285549	-14.962407	-14.751304	-16.033831
3.730	-15.000000	-15.000000	-15.000000	-15.000000	-15.285549	-14.962407	-14.734395	-16.052160
3.740	-15.000000	-15.000000	-15.000000	-15.000000	-15.270016	-14.962407	-14.751304	-16.052160
3.750	-15.000000	-15.000000	-15.000000	-15.000000	-15.270016	-14.962407	-14.734395	-16.052160
3.760	-15.000000	-15.000000	-15.000000	-15.000000	-15.270016	-14.978729	-14.734395	-16.052160
3.770	-15.000000	-15.000000	-15.000000	-15.000000	-15.285549	-14.946084	-14.734395	-16.052160
3.780	-15.000000	-15.000000	-15.000000	-15.000000	-15.270016	-14.962407	-15.055675	-16.033831
3.790	-15.000000	-15.000000	-15.000000	-15.000000	-15.285549	-14.962407	-14.734395	-16.052160
3.800	-15.000000	-15.000000	-15.000000	-15.000000	-15.270016	-14.995051	-15.038766	-16.033831
3.810	-15.000000	-15.000000	-15.000000	-15.000000	-15.285549	-14.962407	-14.717485	-16.033831
3.820	-15.000000	-15.000000	-15.000000	-15.000000	-15.285549	-14.978729	-14.734395	-16.033831
3.830	-15.000000	-15.000000	-15.000000	-15.000000	-15.285549	-14.962407	-15.038766	-16.015502
3.840	-15.000000	-15.000000	-15.000000	-15.000000	-15.285549	-14.962407	-14.717485	-16.015502
3.850	-15.000000	-15.000000	-15.000000	-15.000000	-15.270016	-14.995051	-14.734395	-15.685581
3.860	-15.000000	-15.000000	-15.000000	-15.000000	-15.285549	-14.978729	-14.717485	-16.033831
3.870	-15.000000	-15.000000	-15.000000	-15.000000	-15.285549	-14.962407	-15.021856	-16.033831
3.880	-15.000000	-15.000000	-15.000000	-15.000000	-15.270016	-14.978729	-15.038766	-16.033831
3.890	-15.000000	-15.000000	-15.000000	-15.000000	-15.285549	-14.962407	-14.717485	-15.685581
3.900	-15.000000	-15.000000	-15.000000	-15.000000	-15.285549	-14.962407	-14.734395	-16.015502
3.910	-15.000000	-15.000000	-15.000000	-15.000000	-15.270016	-14.962407	-14.734395	-16.033831
3.920	-15.000000	-15.000000	-15.000000	-15.000000	-15.285549	-14.978729	-15.038766	-16.033831
3.930	-15.000000	-15.000000	-15.000000	-15.000000	-15.285549	-14.962407	-15.038766	-16.052160
3.940	-15.000000	-15.000000	-15.000000	-15.000000	-15.285549	-14.962407	-14.734395	-16.033831
3.950	-15.000000	-15.000000	-15.000000	-15.000000	-15.285549	-14.978729	-14.717485	-15.703910
3.960	-15.000000	-15.000000	-15.000000	-15.000000	-15.285549	-14.962407	-14.734395	-16.033831
3.970	-15.000000	-15.000000	-15.000000	-15.000000	-15.285549	-14.978729	-14.717485	-16.033831
3.980	-15.000000	-15.000000	-15.000000	-15.000000	-15.270016	-14.962407	-14.734395	-16.052160
3.990	-15.000000	-15.000000	-15.000000	-15.000000	-15.270016	-14.978729	-14.717485	-16.052160
4.000	-15.000000	-15.000000	-15.000000	-15.000000	-15.285549	-14.978729	-14.717485	-15.703910
4.010	-15.000000	-15.000000	-15.000000	-15.000000	-15.285549	-14.978729	-15.038766	-16.033831
4.020	-15.000000	-15.000000	-15.000000	-15.000000	-15.285549	-14.978729	-14.734395	-16.052160
4.030	-15.000000	-15.000000	-15.000000	-15.000000	-15.285549	-14.962407	-14.734395	-16.033831
4.040	-15.000000	-15.000000	-15.000000	-15.000000	-15.285549	-14.978729	-14.734395	-16.033831
4.050	-15.000000	-15.000000	-15.000000	-15.000000	-15.285549	-14.962407	-14.734395	-16.015502
4.060	-15.000000	-15.000000	-15.000000	-15.000000	-15.285549	-14.962407	-15.021856	-16.052160
4.070	-15.000000	-15.000000	-15.000000	-15.000000	-15.285549	-14.978729	-14.734395	-16.033831
4.080	-15.000000	-15.000000	-15.000000	-15.000000	-15.285549	-14.962407	-14.717485	-16.033831
4.090	-15.000000	-15.000000	-15.000000	-15.000000	-15.270016	-14.962407	-14.717485	-15.703910
4.100	-15.000000	-15.000000	-15.000000	-15.000000	-15.285549	-14.978729	-14.734395	-16.033831
4.110	-15.000000	-15.000000	-15.000000	-15.000000	-15.285549	-14.978729	-14.751304	-16.052160
4.120	-15.000000	-15.000000	-15.000000	-15.000000	-15.285549	-14.962407	-14.734395	-15.685581
4.130	-15.000000	-15.000000	-15.000000	-15.000000	-15.270016	-14.962407	-14.734395	-16.052160
4.140	-15.000000	-15.000000	-15.000000	-15.000000	-15.285549	-14.978729	-15.038766	-16.052160
4.150	-15.000000	-15.000000	-15.000000	-15.000000	-15.285549	-14.962407	-14.717485	-16.052160
4.160	-15.000000	-15.000000	-15.000000	-15.000000	-15.301082	-14.962407	-14.734395	-16.052160
4.170	-15.000000	-15.000000	-15.000000	-15.000000	-15.270016	-14.962407	-15.038766	-16.052160
4.180	-15.000000	-15.000000	-15.000000	-15.000000	-15.285549	-14.962407	-14.734395	-16.052160
4.190	-15.000000	-15.000000	-15.000000	-15.000000	-15.270016	-14.978729	-14.751304	-16.033831
4.200	-15.000000	-15.000000	-15.000000	-15.000000	-15.270016	-14.978729	-14.734395	-15.703910
4.210	-15.000000	-15.000000	-15.000000	-15.000000	-15.301082	-14.962407	-15.021856	-15.703910
4.220	-15.000000	-15.000000	-15.000000	-15.000000	-15.285549	-14.962407	-15.055675	-16.052160
4.230	-15.000000	-15.000000	-15.000000	-15.000000	-15.285549	-14.978729	-14.751304	-16.052160
4.240	-15.000000	-15.000000	-15.000000	-15.000000	-15.285549	-14.978729	-14.751304	-15.703910
4.250	-15.000000	-15.000000	-15.000000	-15.000000	-15.270016	-14.962407	-14.734395	-16.015502
4.260	-15.000000	-15.000000	-15.000000	-15.000000	-15.270016	-14.962407	-14.734395	-16.033831
4.480	-15.000000	-15.000000	-15.000000	-15.000000	-15.285549	-14.962407	-15.038766	-16.033831
4.490	-15.000000	-15.000000	-15.000000	-15.000000	-15.270016	-14.978729	-14.734395	-16.033831
4.500	-15.000000	-15.000000	-15.000000	-15.000000	-15.285549	-14.962407	-14.734395	-16.033831
4.510	-15.000000	-15.000000	-15.000000	-15.000000	-15.270016	-14.978729	-15.038766	-16.033831
4.520	-15.000000	-15.000000	-15.000000	-15.000000	-15.270016	-14.978729	-15.038766	-16.015502
4.530	-15.000000	-15.000000	-15.000000	-15.000000	-15.285549	-14.962407	-14.734395	-16.033831
4.540	-15.000000	-15.000000	-15.000000	-15.000000	-15.285549	-14.962407	-14.734395	-16.052160
4.550	-15.000000	-15.000000	-15.000000	-15.000000	-15.270016	-14.962407	-14.734395	-16.033831
4.560	-15.000000	-15.000000	-15.000000	-15.000000	-15.285549	-14.978729	-14.734395	-16.033831
4.570	-15.000000	-15.000000	-15.000000	-15.000000	-15.270016	-14.978729	-14.734395	-15.685581
4.580	-15.000000	-15.000000	-15.000000	-15.000000	-15.270016	-14.946084	-14.734395	-16.033831
4.590	-15.000000	-15.000000	-15.000000	-15.000000	-15.270016	-14.962407	-14.734395	-16.033831
4.600	-15.000000	-15.000000	-15.000000	-15.000000	-15.285549	-14.978729	-14.717485	-16.033831
4.610	-15.000000	-15.000000	-15.000000	-15.000000	-15.285549	-14.962407	-15.038766	-16.015502
4.620	-15.000000	-15.000000	-15.000000	-15.000000	-15.270016	-14.962407	-14.734395	-15.703910
4.630	-15.000000	-15.000000	-15.000000	-15.000000	-15.270016	-14.946084	-15.055675	-16.033831
4.640	-15.000000	-15.000000	-15.000000	-15.000000	-15.270016	-14.962407	-14.734395	-16.033831
4.650	-15.000000	-15.000000	-15.000000	-15.000000	-15.285549	-14.978729	-14.717485	-16.033831
4.660	-15.000000	-15.000000	-15.000000	-15.000000	-15.285549	-14.962407	-14.734395	-16.033831
4.670	-15.000000	-15.000000	-15.000000	-15.000000	-15.285549	-14.962407	-14.734395	-16.015502
4.680	-15.000000	-15.000000	-15.000000	-15.000000	-15.565149	-14.962407	-14.751304	-15.685581
4.690	-15.000000	-15.000000	-15.000000	-15.000000	-15.285549	-14.978729	-14.734395	-15.685581
4.700	-15.000000	-15.000000	-15.000000	-15.000000	-15.270016	-14.978729	-14.751304	-16.033831
4.710	-15.000000	-15.000000	-15.000000	-15.000000	-15.270016	-14.978729	-15.072585	-16.033831
4.720	-15.000000	-15.000000	-15.000000	-15.000000	-15.285549	-14.962407	-15.055675	-16.033831
4.730	-15.000000	-15.000000	-15.000000	-15.000000	-15.301082	-14.946084	-14.734395	-16.033831
4.740	-15.000000	-15.000000	-15.000000	-15.000000	-15.285549	-14.962407	-15.038766	-16.052160
4.750	-15.000000	-15.000000	-15.000000	-15.000000	-15.270016	-14.962407	-14.734395	-16.033831
4.760	-15.000000	-15.000000	-15.000000	-15.000000	-15.285549	-14.962407	-14.734395	-16.033831
4.770	-15.000000	-15.000000	-15.000000	-15.000000	-15.285549	-14.978729	-14.734395	-15.703910
4.780	-15.000000	-15.000000	-15.000000	-15.000000	-15.285549	-14.962407	-14.734395	-16.015502
4.790	-15.000000	-15.000000	-15.000000	-15.000000	-15.270016	-14.946084	-14.751304	-16.033831
4.800	-15.000000	-15.000000	-15.000000	-15.000000	-15.270016	-14.946084	-15.038766	-16.033831
4.810	-15.000000	-15.000000	-15.000000	-15.000000	-15.270016	-14.962407	-15.055675	-16.033831
4.820	-15.000000	-15.000000	-15.000000	-15.000000	-15.285549	-14.978729	-15.038766	-15.703910
4.830	-15.000000	-15.000000	-15.000000	-15.000000	-15.285549	-14.978729	-14.751304	-15.685581
4.840	-15.000000	-15.000000	-15.000000	-15.000000	-15.301082	-14.978729	-14.751304	-15.685581
4.850	-15.000000	-15.000000	-15.000000	-15.000000	-15.285549	-14.962407	-14.751304	-15.685581
4.860	-15.000000	-15.000000	-15.000000	-15.000000	-15.285549	-14.978729	-14.751304	-15.685581
4.870	-15.000000	-15.000000	-15.000000	-15.000000	-15.270016	-14.962407	-15.055675	-16.052160
4.880	-15.000000	-15.000000	-15.000000	-15.000000	-15.285549	-14.962407	-14.751304	-16.033831
4.890	-15.000000	-15.000000	-15.000000	-15.000000	-15.285549	-14.962407	-14.751304	-16.033831
4.900	-15.000000	-15.000000	-15.000000	-15.000000	-15.270016	-14.978729	-15.055675	-16.052160
4.910	-15.000000	-15.000000	-15.000000	-15.000000	-15.270016	-14.978729	-14.734395	-16.015502
4.920	-15.000000	-15.000000	-15.000000	-15.000000	-15.270016	-14.978729	-14.734395	-15.685581
4.930	-15.000000	-15.000000	-15.000000	-15.000000	-15.285549	-14.962407	-15.055675	-16.015502
4.940	-15.000000	-15.000000	-15.000000	-15.000000	-15.270016	-14.962407	-14.734395	-16.033831
4.950	-15.000000	-15.000000	-15.000000	-15.000000	-15.270016	-14.978729	-14.734395	-15.685581
4.960	-15.000000	-15.000000	-15.000000	-15.000000	-15.270016	-14.978729	-14.751304	-16.033831
4.970	-15.000000	-15.000000	-15.000000	-15.000000	-15.270016	-14.962407	-14.734395	-16.033831
4.980	-15.000000	-15.000000	-15.000000	-15.000000	-15.270016	-14.978729	-14.751304	-16.033831
4.990	-15.000000	-15.000000	-15.000000	-15.000000	-15.270016	-14.962407	-14.734395	-16.015502
5.000	-15.000000	-15.000000	-15.000000	-15.000000	-15.270016	-14.978729	-14.751304	-15.685581
5.010	-15.000000	-15.000000	-15.000000	-15.000000	-15.270016	-14.962407	-14.768214	-16.015502
5.020	-15.000000	-15.000000	-15.000000	-15.000000	-15.285549	-14.978729	-14.734395	-16.033831
5.030	-15.000000	-15.000000	-15.000000	-15.000000	-15.270016	-14.962407	-14.734395	-15.685581
5.040	-15.000000	-15.000000	-15.000000	-15.000000	-15.285549	-14.962407	-14.734395	-16.015502
5.050	-15.000000	-15.000000	-15.000000	-15.000000	-15.285549	-14.978729	-15.055675	-16.033831
5.060	-15.000000	-15.000000	-15.000000	-15.000000	-15.285549	-14.962407	-14.751304	-16.033831
5.070	-15.000000	-15.000000	-15.000000	-15.000000	-15.285549	-14.962407	-14.734395	-16.033831
5.080	-15.000000	-15.000000	-15.000000	-15.000000	-15.270016	-14.962407	-14.734395	-15.685581
5.090	-15.000000	-15.000000	-15.000000	-15.000000	-15.270016	-14.946084	-14.734395	-16.033831
5.100	-15.000000	-15.000000	-15.000000	-15.000000	-15.270016	-14.946084	-14.734395	-16.033831
5.110	-15.000000	-15.000000	-15.000000	-15.000000	-15.285549	-14.652283	-14.734395	-16.015502
5.120	-15.000000	-15.000000	-15.000000	-15.000000	-15.285549	-14.946084	-15.038766	-16.033831
5.130	-15.000000	-15.000000	-15.000000	-15.000000	-15.270016	-14.946084	-14.717485	-15.685581
5.140	-15.000000	-15.000000	-15.000000	-15.000000	-15.580682	-14.652283	-14.734395	-16.033831
5.150	-15.000000	-15.000000	-15.000000	-15.000000	-15.285549	-14.978729	-14.734395	-15.685581
5.160	-15.000000	-15.000000	-15.000000	-15.000000	-15.285549	-14.962407	-14.734395	-16.033831
5.170	-15.000000	-15.000000	-15.000000	-15.000000	-15.285549	-14.978729	-14.717485	-16.033831
5.180	-15.000000	-15.000000	-15.000000	-15.000000	-15.270016	-14.978729	-15.038766	-16.015502
5.190	-15.000000	-15.000000	-15.000000	-15.000000	-15.254482	-14.962407	-14.751304	-16.033831
5.200	-15.000000	-15.000000	-15.000000	-15.000000	-15.270016	-14.962407	-14.751304	-16.033831
5.210	-15.000000	-15.000000	-15.000000	-15.000000	-15.285549	-14.962407	-14.734395	-16.015502
5.220	-15.000000	-15.000000	-15.000000	-15.000000	-15.285549	-14.978729	-14.717485	-16.015502
5.230	-15.000000	-15.000000	-15.000000	-15.000000	-15.285549	-14.962407	-14.751304	-15.685581
5.240	-15.000000	-15.000000	-15.000000	-15.000000	-15.285549	-14.962407	-14.734395	-16.052160
5.250	-15.000000	-15.000000	-15.000000	-15.000000	-15.270016	-14.978729	-14.751304	-16.033831
5.260	-15.000000	-15.000000	-15.000000	-15.000000	-15.270016	-14.978729	-15.055675	-15.703910
5.270	-15.000000	-15.000000	-15.000000	-15.000000	-15.285549	-14.962407	-14.734395	-16.033831
5.280	-15.000000	-15.000000	-15.000000	-15.000000	-15.270016	-14.978729	-14.734395	-16.033831
5.290	-15.000000	-15.000000	-15.000000	-15.000000	-15.270016	-14.946084	-14.734395	-16.033831
5.300	-15.000000	-15.000000	-15.000000	-15.000000	-15.270016	-14.978729	-15.038766	-16.015502
5.310	-15.000000	-15.000000	-15.000000	-15.000000	-15.285549	-14.962407	-15.038766	-15.685581
5.320	-15.000000	-15.000000	-15.000000	-15.000000	-15.285549	-14.978729	-15.055675	-16.033831
5.330	-15.000000	-15.000000	-15.000000	-15.000000	-15.285549	-14.978729	-14.734395	-16.033831
5.340	-15.000000	-15.000000	-15.000000	-15.000000	-15.285549	-14.978729	-14.751304	-16.015502
5.350	-15.000000	-15.000000	-15.000000	-15.000000	-15.270016	-14.962407	-15.038766	-16.033831
5.360	-15.000000	-15.000000	-15.000000	-15.000000	-15.285549	-14.978729	-14.734395	-16.033831
5.370	-15.000000	-15.000000	-15.000000	-15.000000	-15.285549	-14.978729	-14.734395	-16.015502
5.380	-15.000000	-15.000000	-15.000000	-15.000000	-15.285549	-14.962407	-15.038766	-15.667252
5.390	-15.000000	-15.000000	-15.000000	-15.000000	-15.270016	-14.962407	-14.734395	-15.703910
5.400	-15.000000	-15.000000	-15.000000	-15.000000	-15.270016	-14.978729	-14.751304	-16.033831
5.410	-15.000000	-15.000000	-15.000000	-15.000000	-15.254482	-14.962407	-14.751304	-16.033831
5.420	-15.000000	-15.000000	-15.000000	-15.000000	-15.254482	-14.962407	-14.734395	-16.033831
5.430	-15.000000	-15.000000	-15.000000	-15.000000	-15.285549	-14.962407	-14.734395	-16.033831
5.440	-15.000000	-15.000000	-15.000000	-15.000000	-15.285549	-14.684928	-14.734395	-16.033831
5.450	-15.000000	-15.000000	-15.000000	-15.000000	-15.270016	-14.978729	-15.055675	-15.703910
5.460	-15.000000	-15.000000	-15.000000	-15.000000	-15.270016	-14.962407	-15.038766	-16.015502
5.470	-15.000000	-15.000000	-15.000000	-15.000000	-15.270016	-14.962407	-14.734395	-16.015502
5.480	-15.000000	-15.000000	-15.000000	-15.000000	-15.270016	-14.962407	-15.038766	-16.033831
5.490	-15.000000	-15.000000	-15.000000	-15.000000	-15.285549	-14.978729	-14.734395	-16.033831
5.500	-15.000000	-15.000000	-15.000000	-15.000000	-15.270016	-14.978729	-15.055675	-15.685581
5.510	-15.000000	-15.000000	-15.000000	-15.000000	-15.270016	-14.978729	-15.038766	-16.033831
5.520	-15.000000	-15.000000	-15.000000	-15.000000	-15.270016	-14.978729	-15.038766	-16.033831
5.530	-15.000000	-15.000000	-15.000000	-15.000000	-15.270016	-14.978729	-14.734395	-16.052160
5.540	-15.000000	-15.000000	-15.000000	-15.000000	-15.270016	-14.978729	-14.751304	-16.033831
5.550	-15.000000	-15.000000	-15.000000	-15.000000	-15.285549	-14.978729	-14.751304	-15.703910
5.560	-15.000000	-15.000000	-15.000000	-15.000000	-15.270016	-14.978729	-15.055675	-16.033831
5.570	-15.000000	-15.000000	-15.000000	-15.000000	-15.270016	-14.946084	-14.751304	-15.685581
5.580	-15.000000	-15.000000	-15.000000	-15.000000	-15.270016	-14.962407	-14.751304	-15.685581
5.590	-15.000000	-15.000000	-15.000000	-15.000000	-15.565149	-14.995051	-14.751304	-16.033831
5.600	-15.000000	-15.000000	-15.000000	-15.000000	-15.285549	-14.962407	-14.751304	-15.685581
5.610	-15.000000	-15.000000	-15.000000	-15.000000	-15.270016	-14.978729	-14.751304	-15.685581
5.620	-15.000000	-15.000000	-15.000000	-15.000000	-15.270016	-14.978729	-15.072585	-16.015502
5.630	-15.000000	-15.000000	-15.000000	-15.000000	-15.270016	-14.978729	-14.734395	-16.033831
5.640	-15.000000	-15.000000	-15.000000	-15.000000	-15.270016	-14.978729	-14.734395	-16.033831
5.650	-15.000000	-15.000000	-15.000000	-15.000000	-15.270016	-14.978729	-14.717485	-16.033831
5.660	-15.000000	-15.000000	-15.000000	-15.000000	-15.270016	-14.978729	-14.734395	-16.015502
5.670	-15.000000	-15.000000	-15.000000	-15.000000	-15.270016	-14.962407	-14.751304	-15.685581
5.680	-15.000000	-15.000000	-15.000000	-15.000000	-15.270016	-14.978729	-14.751304	-15.685581
5.690	-15.000000	-15.000000	-15.000000	-15.000000	-15.270016	-14.978729	-14.717485	-16.033831
5.700	-15.000000	-15.000000	-15.000000	-15.000000	-15.270016	-14.962407	-15.038766	-16.052160
5.710	-15.000000	-15.000000	-15.000000	-15.000000	-15.270016	-14.962407	-14.734395	-16.052160
5.720	-15.000000	-15.000000	-15.000000	-15.000000	-15.285549	-14.962407	-14.751304	-16.015502
5.730	-15.000000	-15.000000	-15.000000	-15.000000	-15.270016	-14.946084	-14.734395	-16.033831
5.740	-15.000000	-15.000000	-15.000000	-15.000000	-15.270016	-14.962407	-14.734395	-15.703910
5.750	-15.000000	-15.000000	-15.000000	-15.000000	-15.270016	-14.978729	-14.734395	-16.015502
5.760	-15.000000	-15.000000	-15.000000	-15.000000	-15.254482	-14.946084	-15.038766	-16.015502
5.770	-15.000000	-15.000000	-15.000000	-15.000000	-15.270016	-14.962407	-14.751304	-16.033831
5.780	-15.000000	-15.000000	-15.000000	-15.000000	-15.285549	-14.978729	-14.734395	-15.685581
5.790	-15.000000	-15.000000	-15.000000	-15.000000	-15.285549	-14.962407	-14.734395	-15.685581
5.800	-15.000000	-15.000000	-15.000000	-15.000000	-15.270016	-14.978729	-15.055675	-15.703910
5.810	-15.000000	-15.000000	-15.000000	-15.000000	-15.270016	-14.962407	-14.734395	-15.685581
5.820	-15.000000	-15.000000	-15.000000	-15.000000	-15.270016	-14.962407	-14.734395	-16.033831
5.830	-15.000000	-15.000000	-15.000000	-15.000000	-15.270016	-14.962407	-14.751304	-15.703910
5.840	-15.000000	-15.000000	-15.000000	-15.000000	-15.270016	-14.978729	-14.717485	-15.703910
5.850	-15.000000	-15.000000	-15.000000	-15.000000	-15.285549	-14.962407	-14.734395	-16.015502
5.860	-15.000000	-15.000000	-15.000000	-15.000000	-15.285549	-14.962407	-15.038766	-16.033831
5.870	-15.000000	-15.000000	-15.000000	-15.000000	-15.270016	-14.946084	-14.717485	-16.033831
5.880	-15.000000	-15.000000	-15.000000	-15.000000	-15.270016	-14.978729	-14.734395	-16.033831
5.890	-15.000000	-15.000000	-15.000000	-15.000000	-15.270016	-14.978729	-14.734395	-15.685581
5.900	-15.000000	-15.000000	-15.000000	-15.000000	-15.270016	-14.978729	-15.038766	-16.015502
5.910	-15.000000	-15.000000	-15.000000	-15.000000	-15.285549	-14.962407	-14.717485	-16.033831
5.920	-15.000000	-15.000000	-15.000000	-15.000000	-15.270016	-14.962407	-15.038766	-15.667252
5.930	-15.000000	-15.000000	-15.000000	-15.000000	-15.270016	-14.978729	-14.717485	-16.033831
5.940	-15.000000	-15.000000	-15.000000	-15.000000	-15.270016	-14.978729	-14.734395	-15.667252
5.950	-15.000000	-15.000000	-15.000000	-15.000000	-15.270016	-14.978729	-14.734395	-16.015502
5.960	-15.000000	-15.000000	-15.000000	-15.000000	-15.270016	-14.962407	-15.038766	-16.015502
5.970	-15.000000	-15.000000	-15.000000	-15.000000	-15.254482	-14.962407	-14.734395	-16.015502
5.980	-15.000000	-15.000000	-15.000000	-15.000000	-15.270016	-14.978729	-14.734395	-16.015502
5.990	-15.000000	-15.000000	-15.000000	-15.000000	-15.270016	-14.978729	-14.734395	-16.033831
6.000	-15.000000	-15.000000	-15.000000	-15.000000	-15.270016	-14.978729	-14.734395	-16.033831
6.010	-15.000000	-15.000000	-15.000000	-15.000000	-15.270016	-14.978729	-15.038766	-16.015502
6.020	-15.000000	-15.000000	-15.000000	-15.000000	-15.270016	-14.978729	-15.038766	-16.033831
6.030	-15.000000	-15.000000	-15.000000	-15.000000	-15.285549	-14.978729	-14.734395	-16.015502
6.040	-15.000000	-15.000000	-15.000000	-15.000000	-15.285549	-14.978729	-15.038766	-16.015502
6.050	-15.000000	-15.000000	-15.000000	-15.000000	-15.270016	-14.995051	-14.734395	-16.033831
6.060	-15.000000	-15.000000	-15.000000	-15.000000	-15.270016	-14.995051	-14.717485	-16.015502
6.070	-15.000000	-15.000000	-15.000000	-15.000000	-15.270016	-14.978729	-14.734395	-16.033831
6.080	-15.000000	-15.000000	-15.000000	-15.000000	-15.285549	-14.978729	-14.717485	-16.033831
6.090	-15.000000	-15.000000	-15.000000	-15.000000	-15.270016	-14.978729	-14.734395	-16.033831
6.100	-15.000000	-15.000000	-15.000000	-15.000000	-15.285549	-14.978729	-15.038766	-15.685581
6.110	-15.000000	-15.000000	-15.000000	-15.000000	-15.270016	-14.962407	-14.734395	-16.033831
6.120	-15.000000	-15.000000	-15.000000	-15.000000	-15.301082	-14.962407	-14.734395	-16.015502
6.130	-15.000000	-15.000000	-15.000000	-15.000000	-15.270016	-14.962407	-14.717485	-15.685581
6.140	-15.000000	-15.000000	-15.000000	-15.000000	-15.270016	-14.978729	-15.055675	-16.033831
6.150	-15.000000	-15.000000	-15.000000	-15.000000	-15.270016	-14.978729	-15.038766	-15.685581
6.160	-15.000000	-15.000000	-15.000000	-15.000000	-15.270016	-14.978729	-14.717485	-16.015502
6.170	-15.000000	-15.000000	-15.000000	-15.000000	-15.270016	-14.978729	-15.038766	-16.033831
6.180	-15.000000	-15.000000	-15.000000	-15.000000	-15.270016	-14.684928	-14.734395	-16.033831
6.190	-15.000000	-15.000000	-15.000000	-15.000000	-15.270016	-14.962407	-14.734395	-15.685581
6.200	-15.000000	-15.000000	-15.000000	-15.000000	-15.285549	-14.962407	-14.734395	-16.015502
6.210	-15.000000	-15.000000	-15.000000	-15.000000	-15.270016	-14.962407	-14.717485	-16.033831
6.220	-15.000000	-15.000000	-15.000000	-15.000000	-15.254482	-14.962407	-15.038766	-16.015502
6.230	-15.000000	-15.000000	-15.000000	-15.000000	-15.254482	-14.978729	-15.038766	-16.033831
6.240	-15.000000	-15.000000	-15.000000	-15.000000	-15.285549	-14.978729	-14.717485	-16.052160
6.250	-15.000000	-15.000000	-15.000000	-15.000000	-15.285549	-14.978729	-14.734395	-15.685581
6.260	-15.000000	-15.000000	-15.000000	-15.000000	-15.285549	-14.962407	-14.734395	-15.685581
6.270	-15.000000	-15.000000	-15.000000	-15.000000	-15.270016	-14.978729	-15.038766	-16.033831
6.280	-15.000000	-15.000000	-15.000000	-15.000000	-15.285549	-14.962407	-14.734395	-15.667252
6.290	-15.000000	-15.000000	-15.000000	-15.000000	-15.270016	-14.978729	-14.717485	-16.015502
6.300	-15.000000	-15.000000	-15.000000	-15.000000	-15.270016	-14.962407	-14.734395	-16.033831
6.310	-15.000000	-15.000000	-15.000000	-15.000000	-15.270016	-14.962407	-14.751304	-16.015502
6.320	-15.000000	-15.000000	-15.000000	-15.000000	-15.270016	-14.962407	-14.717485	-16.015502
6.330	-15.000000	-15.000000	-15.000000	-15.000000	-15.254482	-14.962407	-14.717485	-15.685581
6.340	-15.000000	-15.000000	-15.000000	-15.000000	-15.270016	-14.978729	-15.021856	-15.685581
6.350	-15.000000	-15.000000	-15.000000	-15.000000	-15.270016	-14.995051	-14.717485	-15.685581
6.360	-15.000000	-15.000000	-15.000000	-15.000000	-15.270016	-14.962407	-14.734395	-16.033831
6.370	-15.000000	-15.000000	-15.000000	-15.000000	-15.270016	-14.962407	-15.038766	-16.015502
6.380	-15.000000	-15.000000	-15.000000	-15.000000	-15.285549	-14.962407	-15.055675	-15.703910
6.390	-15.000000	-15.000000	-15.000000	-15.000000	-15.270016	-14.962407	-14.734395	-15.703910
6.400	-15.000000	-15.000000	-15.000000	-15.000000	-15.270016	-14.978729	-14.717485	-16.015502
6.410	-15.000000	-15.000000	-15.000000	-15.000000	-15.270016	-15.288852	-14.734395	-16.052160
6.420	-15.000000	-15.000000	-15.000000	-15.000000	-15.285549	-14.978729	-14.734395	-16.015502
6.430	-15.000000	-15.000000	-15.000000	-15.000000	-15.270016	-14.978729	-14.717485	-15.667252
6.440	-15.000000	-15.000000	-15.000000	-15.000000	-15.285549	-14.995051	-14.734395	-15.703910
6.450	-15.000000	-15.000000	-15.000000	-15.000000	-15.285549	-14.978729	-14.734395	-16.033831
6.460	-15.000000	-15.000000	-15.000000	-15.000000	-15.285549	-14.962407	-15.038766	-16.033831
6.470	-15.000000	-15.000000	-15.000000	-15.000000	-15.270016	-14.962407	-14.734395	-16.033831
6.480	-15.000000	-15.000000	-15.000000	-15.000000	-15.285549	-14.978729	-15.055675	-16.033831
6.490	-15.000000	-15.000000	-15.000000	-15.000000	-15.270016	-14.978729	-14.717485	-16.033831
6.500	-15.000000	-15.000000	-15.000000	-15.000000	-15.270016	-14.978729	-14.734395	-16.033831
6.510	-15.000000	-15.000000	-15.000000	-15.000000	-15.270016	-14.978729	-14.751304	-16.015502
6.520	-15.000000	-15.000000	-15.000000	-15.000000	-15.285549	-14.978729	-14.717485	-16.033831
6.530	-15.000000	-15.000000	-15.000000	-15.000000	-15.285549	-14.978729	-15.038766	-16.033831
6.540	-15.000000	-15.000000	-15.000000	-15.000000	-15.285549	-14.962407	-14.734395	-16.033831
6.550	-15.000000	-15.000000	-15.000000	-15.000000	-15.285549	-14.962407	-14.734395	-15.685581
6.560	-15.000000	-15.000000	-15.000000	-15.000000	-15.285549	-14.978729	-14.717485	-16.015502
6.570	-15.000000	-15.000000	-15.000000	-15.000000	-15.285549	-14.978729	-15.038766	-15.685581
6.580	-15.000000	-15.000000	-15.000000	-15.000000	-15.301082	-14.978729	-14.717485	-16.033831
6.590	-15.000000	-15.000000	-15.000000	-15.000000	-15.270016	-14.962407	-15.038766	-16.033831
6.600	-15.000000	-15.000000	-15.000000	-15.000000	-15.285549	-14.962407	-14.717485	-16.052160
6.610	-15.000000	-15.000000	-15.000000	-15.000000	-15.285549	-14.978729	-15.038766	-16.015502
6.620	-15.000000	-15.000000	-15.000000	-15.000000	-15.285549	-14.978729	-15.038766	-15.685581
6.630	-15.000000	-15.000000	-15.000000	-15.000000	-15.285549	-14.978729	-14.734395	-16.015502
6.640	-15.000000	-15.000000	-15.000000	-15.000000	-15.270016	-14.962407	-15.038766	-16.033831
6.650	-15.000000	-15.000000	-15.000000	-15.000000	-15.285549	-14.978729	-15.021856	-15.997173
6.660	-15.000000	-15.000000	-15.000000	-15.000000	-15.285549	-14.978729	-14.734395	-15.997173
6.670	-15.000000	-15.000000	-15.000000	-15.000000	-15.285549	-14.978729	-14.734395	-16.015502
6.680	-15.000000	-15.000000	-15.000000	-15.000000	-15.285549	-14.978729	-14.734395	-15.685581
6.690	-15.000000	-15.000000	-15.000000	-15.000000	-15.285549	-14.978729	-14.751304	-16.015502
6.700	-15.000000	-15.000000	-15.000000	-15.000000	-15.285549	-14.978729	-14.734395	-16.033831
6.710	-15.000000	-15.000000	-15.000000	-15.000000	-15.285549	-14.995051	-14.751304	-16.015502
6.720	-15.000000	-15.000000	-15.000000	-15.000000	-15.285549	-14.978729	-14.717485	-15.997173
6.730	-15.000000	-15.000000	-15.000000	-15.000000	-15.285549	-14.978729	-14.717485	-16.015502
6.740	-15.000000	-15.000000	-15.000000	-15.000000	-15.270016	-14.995051	-14.717485	-16.015502
6.750	-15.000000	-15.000000	-15.000000	-15.000000	-15.285549	-14.978729	-14.717485	-16.033831
6.760	-15.000000	-15.000000	-15.000000	-15.000000	-15.285549	-14.995051	-14.734395	-16.015502
6.770	-15.000000	-15.000000	-15.000000	-15.000000	-15.270016	-14.962407	-14.734395	-15.703910
6.780	-15.000000	-15.000000	-15.000000	-15.000000	-15.270016	-14.962407	-14.734395	-15.685581
6.790	-15.000000	-15.000000	-15.000000	-15.000000	-15.285549	-14.978729	-14.734395	-15.703910
6.800	-15.000000	-15.000000	-15.000000	-15.000000	-15.270016	-14.995051	-14.734395	-15.685581
6.810	-15.000000	-15.000000	-15.000000	-15.000000	-15.270016	-14.978729	-14.717485	-16.033831
6.820	-15.000000	-15.000000	-15.000000	-15.000000	-15.285549	-14.962407	-14.717485	-16.033831
6.830	-15.000000	-15.000000	-15.000000	-15.000000	-15.285549	-14.978729	-15.021856	-16.033831
6.840	-15.000000	-15.000000	-15.000000	-15.000000	-15.270016	-14.962407	-14.734395	-16.033831
6.850	-15.000000	-15.000000	-15.000000	-15.000000	-15.285549	-14.978729	-15.038766	-16.033831
6.860	-15.000000	-15.000000	-15.000000	-15.000000	-15.580682	-14.962407	-14.734395	-16.033831
6.870	-15.000000	-15.000000	-15.000000	-15.000000	-15.285549	-14.978729	-14.734395	-16.015502
6.880	-15.000000	-15.000000	-15.000000	-15.000000	-15.285549	-14.978729	-14.734395	-16.015502
6.890	-15.000000	-15.000000	-15.000000	-15.000000	-15.285549	-14.978729	-14.734395	-16.052160
6.900	-15.000000	-15.000000	-15.000000	-15.000000	-15.285549	-14.978729	-14.734395	-16.052160
6.910	-15.000000	-15.000000	-15.000000	-15.000000	-15.285549	-14.978729	-14.717485	-16.033831
6.920	-15.000000	-15.000000	-15.000000	-15.000000	-15.285549	-14.978729	-14.717485	-16.052160
6.930	-15.000000	-15.000000	-15.000000	-15.000000	-15.285549	-14.962407	-14.734395	-16.033831
6.940	-15.000000	-15.000000	-15.000000	-15.000000	-15.285549	-14.978729	-14.734395	-16.052160
6.950	-15.000000	-15.000000	-15.000000	-15.000000	-15.301082	-14.978729	-14.734395	-15.685581
6.960	-15.000000	-15.000000	-15.000000	-15.000000	-15.301082	-14.978729	-14.734395	-16.052160
6.970	-15.000000	-15.000000	-15.000000	-15.000000	-15.301082	-14.978729	-14.734395	-15.703910
6.980	-15.000000	-15.000000	-15.000000	-15.000000	-15.580682	-14.995051	-14.751304	-16.033831
6.990	-15.000000	-15.000000	-15.000000	-15.000000	-15.285549	-14.978729	-14.734395	-16.015502
7.000	-15.000000	-15.000000	-15.000000	-15.000000	-15.285549	-14.978729	-15.038766	-16.033831
7.010	-15.000000	-15.000000	-15.000000	-15.000000	-15.285549	-14.978729	-14.734395	-16.033831
7.020	-15.000000	-15.000000	-15.000000	-15.000000	-15.301082	-14.995051	-15.038766	-15.703910
7.030	-15.000000	-15.000000	-15.000000	-15.000000	-15.285549	-14.978729	-14.734395	-16.033831
7.040	-15.000000	-15.000000	-15.000000	-15.000000	-15.270016	-14.962407	-14.717485	-16.033831
7.050	-15.000000	-15.000000	-15.000000	-15.000000	-15.285549	-14.978729	-14.734395	-16.015502
7.060	-15.000000	-15.000000	-15.000000	-15.000000	-15.285549	-14.962407	-14.717485	-16.033831
7.070	-15.000000	-15.000000	-15.000000	-15.000000	-15.301082	-14.978729	-15.055675	-16.015502
7.080	-15.000000	-15.000000	-15.000000	-15.000000	-15.285549	-14.962407	-14.717485	-15.685581
7.090	-15.000000	-15.000000	-15.000000	-15.000000	-15.285549	-14.978729	-15.021856	-16.015502
7.100	-15.000000	-15.000000	-15.000000	-15.000000	-15.285549	-14.978729	-14.717485	-15.685581
7.110	-15.000000	-15.000000	-15.000000	-15.000000	-15.285549	-14.978729	-14.717485	-16.015502
7.120	-15.000000	-15.000000	-15.000000	-15.000000	-15.285549	-14.978729	-14.700576	-16.033831
7.130	-15.000000	-15.000000	-15.000000	-15.000000	-15.285549	-14.995051	-14.734395	-16.033831
7.140	-15.000000	-15.000000	-15.000000	-15.000000	-15.301082	-14.962407	-14.717485	-16.015502
7.150	-15.000000	-15.000000	-15.000000	-15.000000	-15.285549	-14.962407	-14.734395	-15.685581
7.160	-15.000000	-15.000000	-15.000000	-15.000000	-15.285549	-14.962407	-14.717485	-16.033831
7.170	-15.000000	-15.000000	-15.000000	-15.000000	-15.285549	-14.978729	-14.717485	-16.033831
7.180	-15.000000	-15.000000	-15.000000	-15.000000	-15.285549	-14.978729	-14.734395	-16.015502
7.190	-15.000000	-15.000000	-15.000000	-15.000000	-15.270016	-14.978729	-14.734395	-16.033831
7.200	-15.000000	-15.000000	-15.000000	-15.000000	-15.285549	-14.995051	-15.038766	-15.685581
7.210	-15.000000	-15.000000	-15.000000	-15.000000	-15.285549	-14.978729	-14.734395	-16.033831
7.220	-15.000000	-15.000000	-15.000000	-15.000000	-15.285549	-14.962407	-14.734395	-16.052160
7.230	-15.000000	-15.000000	-15.000000	-15.000000	-15.285549	-14.978729	-15.038766	-15.667252
7.240	-15.000000	-15.000000	-15.000000	-15.000000	-15.270016	-14.962407	-14.734395	-16.052160
7.250	-15.000000	-15.000000	-15.000000	-15.000000	-15.270016	-14.978729	-15.038766	-16.052160
7.260	-15.000000	-15.000000	-15.000000	-15.000000	-15.285549	-14.978729	-15.038766	-16.052160
7.270	-15.000000	-15.000000	-15.000000	-15.000000	-15.270016	-14.962407	-14.717485	-16.033831
7.280	-15.000000	-15.000000	-15.000000	-15.000000	-15.285549	-14.962407	-14.717485	-16.033831
7.290	-15.000000	-15.000000	-15.000000	-15.000000	-15.285549	-14.995051	-14.734395	-15.703910
7.300	-15.000000	-15.000000	-15.000000	-15.000000	-15.285549	-14.978729	-15.038766	-16.033831
7.310	-15.000000	-15.000000	-15.000000	-15.000000	-15.285549	-14.962407	-14.717485	-16.052160
7.320	-15.000000	-15.000000	-15.000000	-15.000000	-15.285549	-14.978729	-14.734395	-16.052160
7.330	-15.000000	-15.000000	-15.000000	-15.000000	-15.285549	-14.978729	-15.038766	-15.703910
7.340	-15.000000	-15.000000	-15.000000	-15.000000	-15.270016	-14.962407	-14.734395	-16.033831
7.350	-15.000000	-15.000000	-15.000000	-15.000000	-15.285549	-14.962407	-14.734395	-16.052160
7.360	-15.000000	-15.000000	-15.000000	-15.000000	-15.285549	-14.962407	-14.734395	-16.033831
7.370	-15.000000	-15.000000	-15.000000	-15.000000	-15.285549	-14.962407	-14.734395	-15.703910
7.380	-15.000000	-15.000000	-15.000000	-15.000000	-15.285549	-14.962407	-15.055675	-16.033831
7.390	-15.000000	-15.000000	-15.000000	-15.000000	-15.270016	-14.962407	-14.734395	-15.685581
7.400	-15.000000	-15.000000	-15.000000	-15.000000	-15.270016	-14.978729	-14.734395	-16.033831
7.410	-15.000000	-15.000000	-15.000000	-15.000000	-15.270016	-14.978729	-14.734395	-16.033831
7.420	-15.000000	-15.000000	-15.000000	-15.000000	-15.270016	-14.962407	-14.734395	-16.052160
7.430	-15.000000	-15.000000	-15.000000	-15.000000	-15.270016	-14.978729	-14.751304	-16.033831
7.440	-15.000000	-15.000000	-15.000000	-15.000000	-15.270016	-14.962407	-14.734395	-16.033831
7.450	-15.000000	-15.000000	-15.000000	-15.000000	-15.270016	-14.978729	-14.734395	-15.703910
7.460	-15.000000	-15.000000	-15.000000	-15.000000	-15.285549	-14.962407	-15.038766	-16.033831
7.470	-15.000000	-15.000000	-15.000000	-15.000000	-15.270016	-14.668606	-14.734395	-16.033831
7.480	-15.000000	-15.000000	-15.000000	-15.000000	-15.270016	-14.962407	-14.734395	-16.033831
7.490	-15.000000	-15.000000	-15.000000	-15.000000	-15.270016	-14.978729	-14.751304	-15.703910
7.500	-15.000000	-15.000000	-15.000000	-15.000000	-15.285549	-14.962407	-14.734395	-16.052160
7.510	-15.000000	-15.000000	-15.000000	-15.000000	-15.285549	-14.978729	-14.751304	-16.052160
7.520	-15.000000	-15.000000	-15.000000	-15.000000	-15.285549	-14.962407	-14.734395	-16.052160
7.530	-15.000000	-15.000000	-15.000000	-15.000000	-15.285549	-14.962407	-14.734395	-16.052160
7.540	-15.000000	-15.000000	-15.000000	-15.000000	-15.270016	-14.978729	-15.055675	-15.703910
7.550	-15.000000	-15.000000	-15.000000	-15.000000	-15.270016	-14.978729	-14.751304	-16.033831
7.560	-15.000000	-15.000000	-15.000000	-15.000000	-15.270016	-14.995051	-14.734395	-16.033831
7.570	-15.000000	-15.000000	-15.000000	-15.000000	-15.270016	-14.962407	-14.734395	-16.052160
7.580	-15.000000	-15.000000	-15.000000	-15.000000	-15.270016	-14.978729	-14.734395	-16.015502
7.590	-15.000000	-15.000000	-15.000000	-15.000000	-15.270016	-14.978729	-14.734395	-15.685581
7.600	-15.000000	-15.000000	-15.000000	-15.000000	-15.285549	-14.978729	-14.717485	-16.033831
7.610	-15.000000	-15.000000	-15.000000	-15.000000	-15.270016	-14.962407	-15.038766	-16.033831
7.620	-15.000000	-15.000000	-15.000000	-15.000000	-15.285549	-14.995051	-15.055675	-16.015502
7.630	-15.000000	-15.000000	-15.000000	-15.000000	-15.270016	-14.978729	-14.751304	-16.052160
7.640	-15.000000	-15.000000	-15.000000	-15.000000	-15.270016	-14.978729	-14.751304	-16.033831
7.650	-15.000000	-15.000000	-15.000000	-15.000000	-15.270016	-14.978729	-14.717485	-16.015502
7.660	-15.000000	-15.000000	-15.000000	-15.000000	-15.285549	-14.962407	-14.734395	-15.685581
7.670	-15.000000	-15.000000	-15.000000	-15.000000	-15.270016	-14.978729	-15.038766	-15.685581
7.680	-15.000000	-15.000000	-15.000000	-15.000000	-15.285549	-14.978729	-14.717485	-15.685581
7.690	-15.000000	-15.000000	-15.000000	-15.000000	-15.270016	-14.978729	-14.717485	-16.015502
7.700	-15.000000	-15.000000	-15.000000	-15.000000	-15.285549	-14.962407	-14.734395	-16.052160
7.710	-15.000000	-15.000000	-15.000000	-15.000000	-15.285549	-14.962407	-14.717485	-16.033831
7.720	-15.000000	-15.000000	-15.000000	-15.000000	-15.270016	-14.668606	-15.038766	-15.667252
7.730	-15.000000	-15.000000	-15.000000	-15.000000	-15.270016	-14.978729	-14.717485	-15.685581
7.740	-15.000000	-15.000000	-15.000000	-15.000000	-15.285549	-14.995051	-15.038766	-15.997173
7.750	-15.000000	-15.000000	-15.000000	-15.000000	-15.285549	-14.962407	-14.734395	-16.033831
7.760	-15.000000	-15.000000	-15.000000	-15.000000	-15.285549	-14.978729	-15.038766	-16.033831
7.770	-15.000000	-15.000000	-15.000000	-15.000000	-15.270016	-14.978729	-14.751304	-16.033831
7.780	-15.000000	-15.000000	-15.000000	-15.000000	-15.270016	-14.978729	-15.038766	-16.015502
7.790	-15.000000	-15.000000	-15.000000	-15.000000	-15.285549	-14.978729	-15.055675	-16.033831
7.800	-15.000000	-15.000000	-15.000000	-15.000000	-15.285549	-14.978729	-14.734395	-16.015502
7.810	-15.000000	-15.000000	-15.000000	-15.000000	-15.270016	-14.962407	-14.734395	-16.033831
7.820	-15.000000	-15.000000	-15.000000	-15.000000	-15.270016	-14.978729	-14.717485	-15.685581
7.830	-15.000000	-15.000000	-15.000000	-15.000000	-15.270016	-14.962407	-14.734395	-15.667252
7.840	-15.000000	-15.000000	-15.000000	-15.000000	-15.270016	-14.978729	-15.038766	-16.052160
7.850	-15.000000	-15.000000	-15.000000	-15.000000	-15.285549	-14.978729	-14.751304	-15.667252
7.860	-15.000000	-15.000000	-15.000000	-15.000000	-15.285549	-14.978729	-14.734395	-16.033831
7.870	-15.000000	-15.000000	-15.000000	-15.000000	-15.285549	-14.978729	-14.717485	-16.033831
7.880	-15.000000	-15.000000	-15.000000	-15.000000	-15.285549	-14.962407	-14.734395	-16.033831
7.890	-15.000000	-15.000000	-15.000000	-15.000000	-15.270016	-14.962407	-14.717485	-16.033831
7.900	-15.000000	-15.000000	-15.000000	-15.000000	-15.285549	-14.978729	-14.717485	-15.703910
7.910	-15.000000	-15.000000	-15.000000	-15.000000	-15.270016	-14.978729	-15.038766	-16.033831
7.920	-15.000000	-15.000000	-15.000000	-15.000000	-15.270016	-14.978729	-14.734395	-16.052160
7.930	-15.000000	-15.000000	-15.000000	-15.000000	-15.285549	-14.978729	-14.734395	-16.033831
7.940	-15.000000	-15.000000	-15.000000	-15.000000	-15.565149	-14.978729	-14.717485	-16.033831
7.950	-15.000000	-15.000000	-15.000000	-15.000000	-15.285549	-14.962407	-15.038766	-16.052160
7.960	-15.000000	-15.000000	-15.000000	-15.000000	-15.270016	-14.946084	-14.734395	-16.052160
7.970	-15.000000	-15.000000	-15.000000	-15.000000	-15.270016	-14.962407	-14.734395	-16.052160
7.980	-15.000000	-15.000000	-15.000000	-15.000000	-14.990416	-14.962407	-15.055675	-16.015502
7.990	-15.000000	-15.000000	-15.000000	-15.000000	-15.285549	-14.978729	-15.021856	-16.052160
8.000	-15.000000	-15.000000	-15.000000	-15.000000	-15.285549	-14.978729	-14.717485	-16.052160
8.010	-15.000000	-15.000000	-15.000000	-15.000000	-15.285549	-14.995051	-14.717485	-15.703910
8.020	-15.000000	-15.000000	-15.000000	-15.000000	-15.285549	-14.978729	-14.700576	-15.703910
8.030	-15.000000	-15.000000	-15.000000	-15.000000	-15.285549	-14.995051	-14.734395	-16.033831
8.040	-15.000000	-15.000000	-15.000000	-15.000000	-15.285549	-14.978729	-14.717485	-16.033831
8.050	-15.000000	-15.000000	-15.000000	-15.000000	-15.285549	-14.962407	-15.038766	-16.033831
8.060	-15.000000	-15.000000	-15.000000	-15.000000	-15.285549	-14.978729	-14.734395	-16.033831
8.070	-15.000000	-15.000000	-15.000000	-15.000000	-15.285549	-14.962407	-15.038766	-16.015502
8.080	-15.000000	-15.000000	-15.000000	-15.000000	-15.285549	-14.978729	-14.734395	-16.033831
8.090	-15.000000	-15.000000	-15.000000	-15.000000	-15.270016	-14.962407	-14.734395	-16.052160
8.100	-15.000000	-15.000000	-15.000000	-15.000000	-15.270016	-15.272530	-15.021856	-16.033831
8.110	-15.000000	-15.000000	-15.000000	-15.000000	-15.285549	-14.962407	-14.734395	-16.033831
8.120	-15.000000	-15.000000	-15.000000	-15.000000	-15.270016	-14.995051	-15.038766	-16.033831
8.130	-15.000000	-15.000000	-15.000000	-15.000000	-15.270016	-14.962407	-14.734395	-16.015502
8.140	-15.000000	-15.000000	-15.000000	-15.000000	-15.285549	-14.962407	-14.734395	-16.033831
8.150	-15.000000	-15.000000	-15.000000	-15.000000	-15.270016	-14.962407	-14.734395	-16.033831
8.160	-15.000000	-15.000000	-15.000000	-15.000000	-15.270016	-14.962407	-15.038766	-16.033831
8.170	-15.000000	-15.000000	-15.000000	-15.000000	-15.285549	-15.272530	-15.021856	-16.033831
8.180	-15.000000	-15.000000	-15.000000	-15.000000	-15.285549	-14.962407	-14.734395	-16.033831
8.190	-15.000000	-15.000000	-15.000000	-15.000000	-15.270016	-14.978729	-14.734395	-16.033831
8.200	-15.000000	-15.000000	-15.000000	-15.000000	-15.565149	-14.978729	-14.717485	-15.667252
8.210	-15.000000	-15.000000	-15.000000	-15.000000	-15.285549	-14.962407	-14.717485	-15.685581
8.220	-15.000000	-15.000000	-15.000000	-15.000000	-15.270016	-14.962407	-15.038766	-16.052160
8.230	-15.000000	-15.000000	-15.000000	-15.000000	-15.285549	-14.962407	-14.700576	-16.033831
8.240	-15.000000	-15.000000	-15.000000	-15.000000	-15.270016	-14.962407	-14.700576	-16.015502
8.250	-15.000000	-15.000000	-15.000000	-15.000000	-15.285549	-14.962407	-14.700576	-16.033831
8.260	-15.000000	-15.000000	-15.000000	-15.000000	-15.270016	-14.978729	-14.700576	-16.033831
8.270	-15.000000	-15.000000	-15.000000	-15.000000	-15.285549	-14.962407	-15.021856	-16.033831
8.280	-15.000000	-15.000000	-15.000000	-15.000000	-15.285549	-14.978729	-14.717485	-16.052160
8.290	-15.000000	-15.000000	-15.000000	-15.000000	-15.285549	-14.962407	-14.717485	-16.015502
8.300	-15.000000	-15.000000	-15.000000	-15.000000	-15.285549	-14.978729	-15.021856	-16.033831
8.310	-15.000000	-15.000000	-15.000000	-15.000000	-15.270016	-14.978729	-14.717485	-16.033831
8.320	-15.000000	-15.000000	-15.000000	-15.000000	-15.270016	-14.978729	-14.734395	-16.033831
8.330	-15.000000	-15.000000	-15.000000	-15.000000	-15.285549	-14.652283	-14.717485	-16.033831
8.340	-15.000000	-15.000000	-15.000000	-15.000000	-15.285549	-14.978729	-14.734395	-16.033831
8.350	-15.000000	-15.000000	-15.000000	-15.000000	-15.285549	-14.962407	-14.717485	-15.703910
8.360	-15.000000	-15.000000	-15.000000	-15.000000	-15.285549	-14.962407	-14.734395	-15.703910
8.370	-15.000000	-15.000000	-15.000000	-15.000000	-15.270016	-14.978729	-15.055675	-16.033831
8.380	-15.000000	-15.000000	-15.000000	-15.000000	-15.254482	-14.962407	-14.734395	-16.033831
8.390	-15.000000	-15.000000	-15.000000	-15.000000	-15.285549	-14.962407	-14.717485	-16.015502
8.400	-15.000000	-15.000000	-15.000000	-15.000000	-15.285549	-14.978729	-14.717485	-16.033831
8.410	-15.000000	-15.000000	-15.000000	-15.000000	-15.285549	-14.962407	-15.038766	-16.033831
8.420	-15.000000	-15.000000	-15.000000	-15.000000	-15.270016	-14.978729	-15.038766	-15.703910
8.430	-15.000000	-15.000000	-15.000000	-15.000000	-15.270016	-14.962407	-15.055675	-16.033831
8.440	-15.000000	-15.000000	-15.000000	-15.000000	-15.285549	-14.962407	-14.734395	-15.685581
8.450	-15.000000	-15.000000	-15.000000	-15.000000	-15.254482	-14.978729	-14.734395	-16.033831
8.460	-15.000000	-15.000000	-15.000000	-15.000000	-15.285549	-14.962407	-15.055675	-16.052160
8.470	-15.000000	-15.000000	-15.000000	-15.000000	-15.285549	-14.978729	-14.751304	-15.685581
8.480	-15.000000	-15.000000	-15.000000	-15.000000	-15.285549	-14.978729	-14.734395	-16.033831
8.490	-15.000000	-15.000000	-15.000000	-15.000000	-15.285549	-14.978729	-14.734395	-16.015502
8.500	-15.000000	-15.000000	-15.000000	-15.000000	-15.270016	-14.962407	-14.734395	-16.033831
8.510	-15.000000	-15.000000	-15.000000	-15.000000	-15.270016	-14.978729	-14.734395	-16.033831
8.520	-15.000000	-15.000000	-15.000000	-15.000000	-15.285549	-14.978729	-14.734395	-16.033831
8.530	-15.000000	-15.000000	-15.000000	-15.000000	-15.285549	-14.978729	-15.072585	-16.033831
8.540	-15.000000	-15.000000	-15.000000	-15.000000	-15.285549	-14.978729	-14.734395	-16.015502
8.550	-15.000000	-15.000000	-15.000000	-15.000000	-15.285549	-14.978729	-15.055675	-16.033831
8.560	-15.000000	-15.000000	-15.000000	-15.000000	-15.285549	-14.978729	-15.055675	-16.033831
8.570	-15.000000	-15.000000	-15.000000	-15.000000	-15.285549	-14.962407	-14.751304	-16.033831
8.580	-15.000000	-15.000000	-15.000000	-15.000000	-15.254482	-14.962407	-15.055675	-15.667252
8.590	-15.000000	-15.000000	-15.000000	-15.000000	-15.270016	-14.978729	-14.734395	-16.033831
8.600	-15.000000	-15.000000	-15.000000	-15.000000	-15.270016	-14.978729	-14.751304	-15.685581
8.610	-15.000000	-15.000000	-15.000000	-15.000000	-15.270016	-14.962407	-14.717485	-16.015502
8.620	-15.000000	-15.000000	-15.000000	-15.000000	-15.285549	-14.978729	-14.717485	-16.015502
8.630	-15.000000	-15.000000	-15.000000	-15.000000	-15.270016	-14.962407	-14.734395	-16.033831
8.640	-15.000000	-15.000000	-15.000000	-15.000000	-15.285549	-14.978729	-14.734395	-16.015502
8.650	-15.000000	-15.000000	-15.000000	-15.000000	-15.285549	-14.962407	-15.038766	-16.033831
8.660	-15.000000	-15.000000	-15.000000	-15.000000	-15.285549	-14.962407	-14.734395	-16.033831
8.670	-15.000000	-15.000000	-15.000000	-15.000000	-15.565149	-14.962407	-14.734395	-16.033831
8.680	-15.000000	-15.000000	-15.000000	-15.000000	-15.270016	-14.962407	-15.038766	-16.033831
8.690	-15.000000	-15.000000	-15.000000	-15.000000	-15.285549	-14.978729	-14.734395	-16.033831
8.700	-15.000000	-15.000000	-15.000000	-15.000000	-15.285549	-14.962407	-15.038766	-16.033831
8.710	-15.000000	-15.000000	-15.000000	-15.000000	-15.270016	-14.978729	-14.734395	-16.033831
8.720	-15.000000	-15.000000	-15.000000	-15.000000	-15.285549	-14.962407	-14.734395	-16.033831
8.730	-15.000000	-15.000000	-15.000000	-15.000000	-15.270016	-14.946084	-14.751304	-16.033831
8.740	-15.000000	-15.000000	-15.000000	-15.000000	-15.285549	-14.962407	-14.734395	-16.033831
8.750	-15.000000	-15.000000	-15.000000	-15.000000	-15.285549	-14.962407	-14.717485	-16.033831
8.760	-15.000000	-15.000000	-15.000000	-15.000000	-15.285549	-14.978729	-14.734395	-16.033831
8.770	-15.000000	-15.000000	-15.000000	-15.000000	-15.285549	-14.962407	-14.734395	-16.052160
8.780	-15.000000	-15.000000	-15.000000	-15.000000	-15.301082	-14.978729	-15.038766	-15.703910
8.790	-15.000000	-15.000000	-15.000000	-15.000000	-15.285549	-14.978729	-15.038766	-16.015502
8.800	-15.000000	-15.000000	-15.000000	-15.000000	-15.580682	-14.962407	-14.717485	-16.033831
8.810	-15.000000	-15.000000	-15.000000	-15.000000	-15.285549	-14.978729	-14.717485	-16.033831
8.820	-15.000000	-15.000000	-15.000000	-15.000000	-15.285549	-14.962407	-14.717485	-16.033831
8.830	-15.000000	-15.000000	-15.000000	-15.000000	-15.285549	-14.978729	-14.734395	-15.703910
8.840	-15.000000	-15.000000	-15.000000	-15.000000	-15.301082	-14.962407	-14.734395	-15.667252
8.850	-15.000000	-15.000000	-15.000000	-15.000000	-15.285549	-14.962407	-14.717485	-16.033831
8.860	-15.000000	-15.000000	-15.000000	-15.000000	-15.285549	-14.962407	-14.734395	-16.033831
8.870	-15.000000	-15.000000	-15.000000	-15.000000	-15.285549	-14.962407	-14.734395	-16.033831
8.880	-15.000000	-15.000000	-15.000000	-15.000000	-15.565149	-14.978729	-14.751304	-16.015502
8.890	-15.000000	-15.000000	-15.000000	-15.000000	-15.301082	-14.962407	-15.038766	-15.997173
8.900	-15.000000	-15.000000	-15.000000	-15.000000	-15.285549	-14.978729	-14.717485	-16.015502
8.910	-15.000000	-15.000000	-15.000000	-15.000000	-15.285549	-14.962407	-14.717485	-16.015502
8.920	-15.000000	-15.000000	-15.000000	-15.000000	-15.285549	-14.978729	-14.734395	-16.015502
8.930	-15.000000	-15.000000	-15.000000	-15.000000	-15.285549	-14.978729	-14.734395	-16.033831
8.940	-15.000000	-15.000000	-15.000000	-15.000000	-15.285549	-14.978729	-15.038766	-16.033831
8.950	-15.000000	-15.000000	-15.000000	-15.000000	-15.285549	-14.978729	-14.717485	-16.033831
8.960	-15.000000	-15.000000	-15.000000	-15.000000	-15.285549	-14.978729	-14.734395	-15.667252
8.970	-15.000000	-15.000000	-15.000000	-15.000000	-15.285549	-14.962407	-14.717485	-16.015502
8.980	-15.000000	-15.000000	-15.000000	-15.000000	-15.285549	-14.978729	-14.734395	-16.033831
8.990	-15.000000	-15.000000	-15.000000	-15.000000	-15.580682	-14.978729	-14.734395	-15.685581
9.000	-15.000000	-15.000000	-15.000000	-15.000000	-15.285549	-14.978729	-14.734395	-15.997173
9.010	-15.000000	-15.000000	-15.000000	-15.000000	-15.285549	-14.978729	-14.717485	-15.667252
9.020	-15.000000	-15.000000	-15.000000	-15.000000	-15.580682	-14.978729	-15.038766	-15.703910
9.030	-15.000000	-15.000000	-15.000000	-15.000000	-15.285549	-14.978729	-14.734395	-16.033831
9.040	-15.000000	-15.000000	-15.000000	-15.000000	-15.285549	-14.978729	-14.734395	-16.015502
9.050	-15.000000	-15.000000	-15.000000	-15.000000	-15.285549	-14.962407	-15.038766	-16.033831
9.060	-15.000000	-15.000000	-15.000000	-15.000000	-15.285549	-14.962407	-14.717485	-16.015502
9.070	-15.000000	-15.000000	-15.000000	-15.000000	-15.270016	-14.978729	-14.734395	-16.033831
9.080	-15.000000	-15.000000	-15.000000	-15.000000	-15.285549	-14.978729	-14.734395	-16.015502
9.090	-15.000000	-15.000000	-15.000000	-15.000000	-15.285549	-14.978729	-14.734395	-15.997173
9.100	-15.000000	-15.000000	-15.000000	-15.000000	-15.285549	-14.978729	-14.734395	-16.033831
9.110	-15.000000	-15.000000	-15.000000	-15.000000	-15.285549	-14.978729	-14.734395	-16.033831
9.120	-15.000000	-15.000000	-15.000000	-15.000000	-15.565149	-14.978729	-14.734395	-16.033831
9.130	-15.000000	-15.000000	-15.000000	-15.000000	-15.270016	-14.962407	-14.717485	-16.015502
9.140	-15.000000	-15.000000	-15.000000	-15.000000	-15.270016	-14.962407	-15.038766	-15.685581
9.150	-15.000000	-15.000000	-15.000000	-15.000000	-15.580682	-14.978729	-15.038766	-16.033831
9.160	-15.000000	-15.000000	-15.000000	-15.000000	-15.285549	-14.978729	-14.751304	-15.685581
9.170	-15.000000	-15.000000	-15.000000	-15.000000	-15.270016	-14.978729	-14.734395	-16.033831
9.180	-15.000000	-15.000000	-15.000000	-15.000000	-15.301082	-14.978729	-15.055675	-15.722238
9.190	-15.000000	-15.000000	-15.000000	-15.000000	-15.285549	-14.978729	-14.734395	-15.685581
9.200	-15.000000	-15.000000	-15.000000	-15.000000	-15.285549	-14.962407	-14.734395	-16.033831
9.210	-15.000000	-15.000000	-15.000000	-15.000000	-15.285549	-14.962407	-14.751304	-16.033831
9.220	-15.000000	-15.000000	-15.000000	-15.000000	-15.285549	-14.978729	-14.734395	-16.033831
9.230	-15.000000	-15.000000	-15.000000	-15.000000	-15.285549	-14.978729	-14.734395	-15.685581
9.240	-15.000000	-15.000000	-15.000000	-15.000000	-15.270016	-14.978729	-14.717485	-15.685581
9.250	-15.000000	-15.000000	-15.000000	-15.000000	-15.270016	-14.978729	-14.717485	-15.685581
9.260	-15.000000	-15.000000	-15.000000	-15.000000	-15.285549	-14.978729	-14.734395	-16.033831
9.270	-15.000000	-15.000000	-15.000000	-15.000000	-15.285549	-14.962407	-14.751304	-16.033831
9.280	-15.000000	-15.000000	-15.000000	-15.000000	-15.285549	-14.978729	-14.734395	-16.015502
9.290	-15.000000	-15.000000	-15.000000	-15.000000	-15.285549	-14.962407	-14.734395	-15.685581
9.300	-15.000000	-15.000000	-15.000000	-15.000000	-15.285549	-14.995051	-14.734395	-16.033831
9.310	-15.000000	-15.000000	-15.000000	-15.000000	-15.285549	-14.978729	-15.021856	-16.015502
9.320	-15.000000	-15.000000	-15.000000	-15.000000	-15.285549	-14.978729	-14.734395	-15.685581
9.330	-15.000000	-15.000000	-15.000000	-15.000000	-15.285549	-14.978729	-14.734395	-16.033831
9.340	-15.000000	-15.000000	-15.000000	-15.000000	-15.285549	-14.978729	-14.734395	-16.033831
9.350	-15.000000	-15.000000	-15.000000	-15.000000	-15.285549	-14.995051	-15.055675	-16.015502
9.360	-15.000000	-15.000000	-15.000000	-15.000000	-15.301082	-14.978729	-14.734395	-15.685581
9.370	-15.000000	-15.000000	-15.000000	-15.000000	-15.285549	-14.978729	-14.717485	-16.015502
9.380	-15.000000	-15.000000	-15.000000	-15.000000	-15.270016	-14.978729	-14.717485	-16.015502
9.390	-15.000000	-15.000000	-15.000000	-15.000000	-15.285549	-14.978729	-14.717485	-16.015502
9.400	-15.000000	-15.000000	-15.000000	-15.000000	-15.285549	-14.962407	-15.038766	-16.033831
9.410	-15.000000	-15.000000	-15.000000	-15.000000	-15.301082	-14.978729	-14.734395	-15.667252
9.420	-15.000000	-15.000000	-15.000000	-15.000000	-15.285549	-14.978729	-14.734395	-16.015502
9.430	-15.000000	-15.000000	-15.000000	-15.000000	-15.285549	-14.978729	-15.038766	-16.015502
9.440	-15.000000	-15.000000	-15.000000	-15.000000	-15.285549	-14.962407	-14.734395	-16.015502
9.450	-15.000000	-15.000000	-15.000000	-15.000000	-15.285549	-14.978729	-15.038766	-16.015502
9.460	-15.000000	-15.000000	-15.000000	-15.000000	-15.301082	-14.978729	-14.734395	-16.015502
9.470	-15.000000	-15.000000	-15.000000	-15.000000	-15.301082	-14.978729	-14.734395	-16.015502
9.480	-15.000000	-15.000000	-15.000000	-15.000000	-15.285549	-14.978729	-14.717485	-16.033831
9.490	-15.000000	-15.000000	-15.000000	-15.000000	-15.285549	-14.962407	-14.734395	-16.033831
9.500	-15.000000	-15.000000	-15.000000	-15.000000	-15.285549	-14.962407	-15.038766	-16.015502
9.510	-15.000000	-15.000000	-15.000000	-15.000000	-15.285549	-14.978729	-14.717485	-15.667252
9.520	-15.000000	-15.000000	-15.000000	-15.000000	-15.285549	-14.962407	-14.717485	-16.033831
9.530	-15.000000	-15.000000	-15.000000	-15.000000	-15.285549	-14.978729	-14.734395	-16.033831
9.540	-15.000000	-15.000000	-15.000000	-15.000000	-15.301082	-14.962407	-15.038766	-16.033831
9.550	-15.000000	-15.000000	-15.000000	-15.000000	-15.285549	-14.978729	-14.717485	-16.033831
9.560	-15.000000	-15.000000	-15.000000	-15.000000	-15.301082	-14.978729	-14.751304	-16.033831
9.570	-15.000000	-15.000000	-15.000000	-15.000000	-15.285549	-14.962407	-15.038766	-16.033831
9.580	-15.000000	-15.000000	-15.000000	-15.000000	-15.285549	-14.978729	-14.717485	-15.685581
9.590	-15.000000	-15.000000	-15.000000	-15.000000	-15.301082	-14.978729	-14.717485	-16.033831
9.600	-15.000000	-15.000000	-15.000000	-15.000000	-15.285549	-14.978729	-14.734395	-16.033831
9.610	-15.000000	-15.000000	-15.000000	-15.000000	-15.285549	-14.995051	-14.734395	-16.033831
9.620	-15.000000	-15.000000	-15.000000	-15.000000	-15.285549	-14.995051	-14.717485	-15.685581
9.630	-15.000000	-15.000000	-15.000000	-15.000000	-15.270016	-14.962407	-14.717485	-16.033831
9.640	-15.000000	-15.000000	-15.000000	-15.000000	-15.285549	-14.978729	-14.734395	-15.685581
9.650	-15.000000	-15.000000	-15.000000	-15.000000	-15.285549	-14.978729	-14.717485	-16.015502
9.660	-15.000000	-15.000000	-15.000000	-15.000000	-15.270016	-14.962407	-15.021856	-16.015502
9.670	-15.000000	-15.000000	-15.000000	-15.000000	-15.301082	-14.978729	-14.734395	-16.033831
