Time(s)	Delta1C(deg)	Delta2C(deg)	Delta3C(deg)	Delta4C(deg)	Delta1(deg)	Delta2(deg)	Delta3(deg)	Delta4(deg)
0.000	0.000000	0.000000	0.000000	0.000000	-1.588780	-0.243532	0.158931	-0.201911
0.010	0.000000	0.000000	0.000000	0.000000	-1.588780	-0.243532	0.158931	-0.201911
0.020	0.000000	0.000000	0.000000	0.000000	3.432124	4.461104	4.796096	5.429365
0.030	0.000000	0.000000	0.000000	0.000000	2.857391	4.167303	4.474816	4.402944
0.040	0.000000	0.000000	0.000000	0.000000	1.676857	2.926810	2.936050	3.028273
0.050	0.000000	0.000000	0.000000	0.000000	0.216723	1.376194	1.701655	1.671931
0.060	0.000000	0.000000	0.000000	0.000000	-0.653144	0.462146	0.467260	0.663839
0.070	0.000000	0.000000	0.000000	0.000000	-0.948277	0.445824	-0.175301	-0.032661
0.080	0.000000	0.000000	0.000000	0.000000	-1.274477	0.135701	-0.192211	0.315589
0.090	0.000000	0.000000	0.000000	0.000000	-1.258944	0.152023	-0.158392	0.315589
0.100	0.000000	0.000000	0.000000	0.000000	-1.243411	0.152023	-0.175301	-0.032661
0.110	0.000000	0.000000	0.000000	0.000000	-1.258944	0.135701	-0.192211	-0.014332
0.120	0.000000	0.000000	0.000000	0.000000	-0.963811	0.152023	-0.192211	-0.032661
0.130	0.000000	0.000000	0.000000	0.000000	-1.243411	0.152023	-0.158392	-0.032661
0.140	0.000000	0.000000	0.000000	0.000000	-1.243411	0.152023	-0.175301	-0.032661
0.150	0.000000	0.000000	0.000000	0.000000	-1.243411	0.152023	0.129070	-0.014332
0.160	0.000000	0.000000	0.000000	0.000000	-1.243411	0.152023	-0.158392	0.315589
0.170	0.000000	0.000000	0.000000	0.000000	-1.243411	0.152023	-0.175301	-0.014332
0.180	0.000000	0.000000	0.000000	0.000000	-1.258944	0.152023	-0.158392	-0.014332
0.190	0.000000	0.000000	0.000000	0.000000	-1.258944	-0.158100	-0.158392	-0.032661
0.200	0.000000	0.000000	0.000000	0.000000	-1.258944	0.135701	-0.175301	-0.032661
0.210	0.000000	0.000000	0.000000	0.000000	-1.258944	0.152023	-0.175301	-0.032661
0.220	0.000000	0.000000	0.000000	0.000000	-1.258944	0.152023	0.145979	0.315589
0.230	0.000000	0.000000	0.000000	0.000000	-1.243411	0.152023	-0.175301	-0.014332
0.240	0.000000	0.000000	0.000000	0.000000	-1.243411	0.135701	-0.158392	-0.032661
0.250	0.000000	0.000000	0.000000	0.000000	-1.258944	-0.158100	-0.175301	0.315589
0.260	0.000000	0.000000	0.000000	0.000000	-1.243411	0.152023	-0.192211	-0.014332
0.270	0.000000	0.000000	0.000000	0.000000	-1.258944	0.135701	-0.175301	-0.032661
0.280	0.000000	0.000000	0.000000	0.000000	-1.258944	0.152023	-0.175301	-0.032661
0.290	0.000000	0.000000	0.000000	0.000000	-1.258944	0.152023	-0.158392	0.315589
0.300	0.000000	0.000000	0.000000	0.000000	-1.258944	0.152023	0.145979	-0.032661
0.310	0.000000	0.000000	0.000000	0.000000	-0.963811	-0.174423	-0.175301	-0.032661
0.320	0.000000	0.000000	0.000000	0.000000	-1.243411	0.152023	-0.192211	-0.032661
0.330	0.000000	0.000000	0.000000	0.000000	-1.258944	0.152023	0.129070	-0.032661
0.340	0.000000	0.000000	0.000000	0.000000	-0.963811	0.152023	-0.175301	-0.014332
0.350	0.000000	0.000000	0.000000	0.000000	-1.243411	0.135701	-0.175301	-0.032661
0.360	0.000000	0.000000	0.000000	0.000000	-1.243411	0.152023	0.145979	-0.014332
0.370	0.000000	0.000000	0.000000	0.000000	-1.243411	0.152023	-0.175301	-0.014332
0.380	0.000000	0.000000	0.000000	0.000000	-1.258944	0.152023	-0.175301	-0.014332
0.390	0.000000	0.000000	0.000000	0.000000	-1.243411	0.152023	0.112160	-0.014332
0.400	0.000000	0.000000	0.000000	0.000000	-0.948277	0.135701	-0.192211	0.297260
0.410	0.000000	0.000000	0.000000	0.000000	-1.243411	0.135701	-0.175301	-0.032661
0.420	0.000000	0.000000	0.000000	0.000000	-1.243411	0.152023	-0.175301	-0.014332
0.430	0.000000	0.000000	0.000000	0.000000	-1.258944	0.135701	-0.175301	-0.050990
0.440	0.000000	0.000000	0.000000	0.000000	-1.243411	0.135701	-0.175301	-0.050990
0.450	0.000000	0.000000	0.000000	0.000000	-1.243411	0.152023	-0.175301	-0.014332
0.460	0.000000	0.000000	0.000000	0.000000	-1.243411	0.135701	-0.158392	-0.032661
0.470	0.000000	0.000000	0.000000	0.000000	-1.258944	0.135701	-0.158392	-0.014332
0.480	0.000000	0.000000	0.000000	0.000000	-1.243411	0.119378	-0.175301	-0.032661
0.490	0.000000	0.000000	0.000000	0.000000	-0.963811	0.135701	-0.158392	-0.032661
0.500	0.000000	0.000000	0.000000	0.000000	-0.948277	0.152023	-0.175301	-0.014332
0.510	0.000000	0.000000	0.000000	0.000000	-1.243411	0.135701	-0.175301	0.315589
0.520	0.000000	0.000000	0.000000	0.000000	-1.258944	-0.158100	-0.158392	-0.032661
0.530	0.000000	0.000000	0.000000	0.000000	-1.243411	0.152023	-0.175301	-0.014332
0.540	0.000000	0.000000	0.000000	0.000000	-1.243411	0.152023	-0.175301	0.315589
0.550	0.000000	0.000000	0.000000	0.000000	-1.243411	0.152023	-0.175301	-0.032661
0.560	0.000000	0.000000	0.000000	0.000000	-1.258944	0.152023	-0.175301	-0.014332
0.570	0.000000	0.000000	0.000000	0.000000	-1.243411	0.152023	-0.158392	-0.032661
0.580	0.000000	0.000000	0.000000	0.000000	-0.948277	0.152023	-0.175301	-0.032661
0.590	0.000000	0.000000	0.000000	0.000000	-1.243411	-0.174423	-0.158392	-0.032661
0.600	0.000000	0.000000	0.000000	0.000000	-0.932744	0.152023	-0.158392	-0.032661
0.610	0.000000	0.000000	0.000000	0.000000	-1.227877	0.135701	-0.175301	-0.032661
0.620	0.000000	0.000000	0.000000	0.000000	-1.227877	0.135701	-0.158392	-0.014332
0.630	0.000000	0.000000	0.000000	0.000000	-0.948277	0.135701	-0.175301	-0.014332
0.640	0.000000	0.000000	0.000000	0.000000	-1.227877	0.135701	-0.175301	-0.014332
0.650	0.000000	0.000000	0.000000	0.000000	-1.227877	0.152023	-0.175301	0.333918
0.660	0.000000	0.000000	0.000000	0.000000	-1.227877	0.119378	0.129070	-0.014332
0.670	0.000000	0.000000	0.000000	0.000000	-1.227877	0.135701	-0.158392	-0.014332
0.680	0.000000	0.000000	0.000000	0.000000	-1.243411	0.152023	-0.175301	-0.014332
0.690	0.000000	0.000000	0.000000	0.000000	-1.227877	0.152023	0.145979	0.315589
0.700	0.000000	0.000000	0.000000	0.000000	-1.243411	0.152023	-0.192211	-0.014332
0.710	0.000000	0.000000	0.000000	0.000000	-1.227877	0.135701	-0.175301	-0.014332
0.720	0.000000	0.000000	0.000000	0.000000	-1.243411	0.135701	0.145979	0.003997
0.730	0.000000	0.000000	0.000000	0.000000	-1.227877	0.152023	-0.192211	-0.014332
0.740	0.000000	0.000000	0.000000	0.000000	-1.227877	0.135701	0.112160	-0.014332
0.750	0.000000	0.000000	0.000000	0.000000	-0.932744	0.135701	-0.175301	-0.014332
0.760	0.000000	0.000000	0.000000	0.000000	-1.227877	0.119378	-0.175301	-0.032661
0.770	0.000000	0.000000	0.000000	0.000000	-1.227877	0.135701	-0.192211	-0.014332
0.780	0.000000	0.000000	0.000000	0.000000	-0.932744	0.135701	-0.192211	-0.014332
0.790	0.000000	0.000000	0.000000	0.000000	-1.243411	0.135701	-0.158392	0.333918
0.800	0.000000	0.000000	0.000000	0.000000	-1.227877	0.135701	-0.175301	0.315589
0.810	0.000000	0.000000	0.000000	0.000000	-0.948277	0.135701	-0.175301	-0.014332
0.820	0.000000	0.000000	0.000000	0.000000	-1.243411	0.152023	-0.192211	-0.014332
0.830	0.000000	0.000000	0.000000	0.000000	-1.243411	0.152023	-0.175301	-0.032661
0.840	0.000000	0.000000	0.000000	0.000000	-1.243411	0.152023	-0.175301	-0.014332
0.850	0.000000	0.000000	0.000000	0.000000	-1.243411	0.135701	0.129070	-0.032661
0.860	0.000000	0.000000	0.000000	0.000000	-0.948277	-0.158100	-0.192211	0.315589
0.870	0.000000	0.000000	0.000000	0.000000	-1.243411	0.135701	-0.158392	-0.014332
0.880	0.000000	0.000000	0.000000	0.000000	-1.243411	0.135701	-0.175301	-0.032661
0.890	0.000000	0.000000	0.000000	0.000000	-0.948277	0.135701	-0.158392	0.297260
0.900	0.000000	0.000000	0.000000	0.000000	-1.243411	0.152023	-0.158392	-0.032661
0.910	0.000000	0.000000	0.000000	0.000000	-1.243411	0.135701	-0.175301	-0.032661
0.920	0.000000	0.000000	0.000000	0.000000	-1.243411	0.135701	-0.192211	-0.032661
0.930	0.000000	0.000000	0.000000	0.000000	-1.258944	0.135701	-0.175301	0.315589
0.940	0.000000	0.000000	0.000000	0.000000	-1.243411	0.152023	-0.192211	-0.032661
0.950	0.000000	0.000000	0.000000	0.000000	-1.243411	0.152023	-0.175301	-0.032661
0.960	0.000000	0.000000	0.000000	0.000000	-1.258944	0.152023	-0.175301	-0.032661
0.970	0.000000	0.000000	0.000000	0.000000	-1.243411	0.135701	-0.175301	-0.032661
0.980	0.000000	0.000000	0.000000	0.000000	-1.227877	0.168345	-0.175301	0.315589
0.990	0.000000	0.000000	0.000000	0.000000	-0.963811	0.135701	0.129070	-0.014332
1.000	0.000000	0.000000	0.000000	0.000000	-1.243411	0.168345	-0.175301	-0.032661
1.010	-5.000000	-5.000000	-5.000000	-5.000000	-1.243411	0.152023	-0.158392	-0.032661
1.020	-5.000000	-5.000000	-5.000000	-5.000000	-1.258944	0.152023	-0.175301	0.315589
1.030	-5.000000	-5.000000	-5.000000	-5.000000	-1.243411	0.119378	-0.158392	-0.032661
1.040	-5.000000	-5.000000	-5.000000	-5.000000	-1.243411	0.152023	-0.175301	-0.032661
1.050	-5.000000	-5.000000	-5.000000	-5.000000	-1.818144	-0.468224	-0.784044	-0.710832
1.060	-5.000000	-5.000000	-5.000000	-5.000000	-3.278278	-1.708717	-2.035348	-2.085503
1.070	-5.000000	-5.000000	-5.000000	-5.000000	-4.458812	-3.243011	-3.269743	-3.423516
1.080	-5.000000	-5.000000	-5.000000	-5.000000	-5.344212	-4.483504	-4.521047	-4.798187
1.090	-5.000000	-5.000000	-5.000000	-5.000000	-5.623812	-4.467182	-5.129790	-5.458029
1.100	-5.000000	-5.000000	-5.000000	-5.000000	-5.623812	-4.777305	-5.129790	-5.128108
1.110	-5.000000	-5.000000	-5.000000	-5.000000	-5.623812	-4.793627	-5.129790	-5.476358
1.120	-5.000000	-5.000000	-5.000000	-5.000000	-5.623812	-4.793627	-5.434161	-5.128108
1.130	-5.000000	-5.000000	-5.000000	-5.000000	-5.623812	-4.793627	-5.129790	-5.146437
1.140	-5.000000	-5.000000	-5.000000	-5.000000	-5.623812	-4.793627	-5.129790	-5.476358
1.150	-5.000000	-5.000000	-5.000000	-5.000000	-5.623812	-4.777305	-5.451070	-5.476358
1.160	-5.000000	-5.000000	-5.000000	-5.000000	-5.623812	-4.777305	-5.129790	-5.128108
1.170	-5.000000	-5.000000	-5.000000	-5.000000	-5.639346	-4.793627	-5.434161	-5.109779
1.180	-5.000000	-5.000000	-5.000000	-5.000000	-5.639346	-4.793627	-5.146699	-5.128108
1.190	-5.000000	-5.000000	-5.000000	-5.000000	-5.639346	-4.777305	-5.451070	-5.146437
1.200	-5.000000	-5.000000	-5.000000	-5.000000	-5.623812	-4.777305	-5.451070	-5.128108
1.210	-5.000000	-5.000000	-5.000000	-5.000000	-5.608279	-4.793627	-5.451070	-5.128108
1.220	-5.000000	-5.000000	-5.000000	-5.000000	-5.623812	-4.793627	-5.146699	-5.128108
1.230	-5.000000	-5.000000	-5.000000	-5.000000	-5.328679	-4.793627	-5.434161	-5.476358
1.240	-5.000000	-5.000000	-5.000000	-5.000000	-5.639346	-4.777305	-5.451070	-5.128108
1.250	-5.000000	-5.000000	-5.000000	-5.000000	-5.623812	-4.793627	-5.434161	-5.494687
1.260	-5.000000	-5.000000	-5.000000	-5.000000	-5.623812	-4.777305	-5.451070	-5.128108
1.270	-5.000000	-5.000000	-5.000000	-5.000000	-5.918946	-4.809950	-5.451070	-5.128108
1.280	-5.000000	-5.000000	-5.000000	-5.000000	-5.639346	-4.777305	-5.129790	-5.128108
1.290	-5.000000	-5.000000	-5.000000	-5.000000	-5.623812	-4.793627	-5.146699	-5.128108
1.300	-5.000000	-5.000000	-5.000000	-5.000000	-5.639346	-4.777305	-5.129790	-5.128108
1.310	-5.000000	-5.000000	-5.000000	-5.000000	-5.623812	-4.809950	-5.451070	-5.128108
1.320	-5.000000	-5.000000	-5.000000	-5.000000	-5.623812	-4.793627	-5.434161	-5.128108
1.330	-5.000000	-5.000000	-5.000000	-5.000000	-5.639346	-4.793627	-5.434161	-5.128108
1.340	-5.000000	-5.000000	-5.000000	-5.000000	-5.623812	-4.793627	-5.434161	-5.128108
1.350	-5.000000	-5.000000	-5.000000	-5.000000	-5.623812	-4.793627	-5.451070	-5.109779
1.360	-5.000000	-5.000000	-5.000000	-5.000000	-5.608279	-4.793627	-5.129790	-5.128108
1.370	-5.000000	-5.000000	-5.000000	-5.000000	-5.639346	-4.777305	-5.129790	-5.128108
1.380	-5.000000	-5.000000	-5.000000	-5.000000	-5.623812	-4.793627	-5.434161	-5.439700
1.390	-5.000000	-5.000000	-5.000000	-5.000000	-5.623812	-4.793627	-5.451070	-5.128108
1.400	-5.000000	-5.000000	-5.000000	-5.000000	-5.623812	-4.793627	-5.129790	-5.128108
1.410	-5.000000	-5.000000	-5.000000	-5.000000	-5.639346	-4.777305	-5.451070	-5.128108
1.420	-5.000000	-5.000000	-5.000000	-5.000000	-5.623812	-4.793627	-5.129790	-5.128108
1.430	-5.000000	-5.000000	-5.000000	-5.000000	-5.639346	-4.777305	-5.451070	-5.476358
1.440	-5.000000	-5.000000	-5.000000	-5.000000	-5.623812	-4.793627	-5.146699	-5.458029
1.450	-5.000000	-5.000000	-5.000000	-5.000000	-5.623812	-5.103751	-5.129790	-5.146437
1.460	-5.000000	-5.000000	-5.000000	-5.000000	-5.623812	-4.809950	-5.129790	-5.109779
1.470	-5.000000	-5.000000	-5.000000	-5.000000	-5.623812	-4.809950	-5.434161	-5.476358
1.480	-5.000000	-5.000000	-5.000000	-5.000000	-5.918946	-4.793627	-5.434161	-5.458029
1.490	-5.000000	-5.000000	-5.000000	-5.000000	-5.639346	-4.793627	-5.434161	-5.476358
1.500	-5.000000	-5.000000	-5.000000	-5.000000	-5.328679	-4.809950	-5.434161	-5.128108
1.510	-5.000000	-5.000000	-5.000000	-5.000000	-5.639346	-4.793627	-5.434161	-5.128108
1.520	-5.000000	-5.000000	-5.000000	-5.000000	-5.639346	-4.793627	-5.451070	-5.128108
1.530	-5.000000	-5.000000	-5.000000	-5.000000	-5.623812	-4.777305	-5.129790	-5.476358
1.540	-5.000000	-5.000000	-5.000000	-5.000000	-5.623812	-4.777305	-5.451070	-5.458029
1.550	-5.000000	-5.000000	-5.000000	-5.000000	-5.608279	-4.793627	-5.129790	-5.458029
1.560	-5.000000	-5.000000	-5.000000	-5.000000	-5.623812	-4.777305	-5.129790	-5.128108
1.570	-5.000000	-5.000000	-5.000000	-5.000000	-5.918946	-4.793627	-5.451070	-5.128108
1.580	-5.000000	-5.000000	-5.000000	-5.000000	-5.639346	-4.793627	-5.129790	-5.128108
1.590	-5.000000	-5.000000	-5.000000	-5.000000	-5.623812	-4.793627	-5.129790	-5.458029
1.600	-5.000000	-5.000000	-5.000000	-5.000000	-5.623812	-4.793627	-5.146699	-5.146437
1.610	-5.000000	-5.000000	-5.000000	-5.000000	-5.639346	-4.793627	-5.129790	-5.146437
1.620	-5.000000	-5.000000	-5.000000	-5.000000	-5.623812	-4.793627	-5.129790	-5.109779
1.630	-5.000000	-5.000000	-5.000000	-5.000000	-5.623812	-4.793627	-5.146699	-5.476358
1.640	-5.000000	-5.000000	-5.000000	-5.000000	-5.623812	-4.777305	-5.434161	-5.128108
1.650	-5.000000	-5.000000	-5.000000	-5.000000	-5.639346	-4.777305	-5.129790	-5.458029
1.660	-5.000000	-5.000000	-5.000000	-5.000000	-5.639346	-4.777305	-5.434161	-5.128108
1.670	-5.000000	-5.000000	-5.000000	-5.000000	-5.639346	-4.793627	-5.417251	-5.109779
1.680	-5.000000	-5.000000	-5.000000	-5.000000	-5.623812	-4.777305	-5.112880	-5.109779
1.690	-5.000000	-5.000000	-5.000000	-5.000000	-5.623812	-4.777305	-5.417251	-5.109779
1.700	-5.000000	-5.000000	-5.000000	-5.000000	-5.639346	-4.777305	-5.434161	-5.458029
1.710	-5.000000	-5.000000	-5.000000	-5.000000	-5.639346	-4.793627	-5.417251	-5.146437
1.720	-5.000000	-5.000000	-5.000000	-5.000000	-5.623812	-5.103751	-5.434161	-5.146437
1.730	-5.000000	-5.000000	-5.000000	-5.000000	-5.639346	-4.777305	-5.434161	-5.128108
1.740	-5.000000	-5.000000	-5.000000	-5.000000	-5.623812	-4.777305	-5.146699	-5.128108
1.750	-5.000000	-5.000000	-5.000000	-5.000000	-5.918946	-4.777305	-5.112880	-5.128108
1.760	-5.000000	-5.000000	-5.000000	-5.000000	-5.623812	-4.483504	-5.451070	-5.476358
1.770	-5.000000	-5.000000	-5.000000	-5.000000	-5.623812	-4.793627	-5.112880	-5.128108
1.780	-5.000000	-5.000000	-5.000000	-5.000000	-5.639346	-4.777305	-5.434161	-5.476358
1.790	-5.000000	-5.000000	-5.000000	-5.000000	-5.328679	-4.793627	-5.112880	-5.128108
1.800	-5.000000	-5.000000	-5.000000	-5.000000	-5.623812	-4.793627	-5.129790	-5.476358
1.810	-5.000000	-5.000000	-5.000000	-5.000000	-5.623812	-4.793627	-5.129790	-5.146437
1.820	-5.000000	-5.000000	-5.000000	-5.000000	-5.639346	-4.793627	-5.451070	-5.128108
1.830	-5.000000	-5.000000	-5.000000	-5.000000	-5.623812	-4.793627	-5.434161	-5.109779
1.840	-5.000000	-5.000000	-5.000000	-5.000000	-5.623812	-4.777305	-5.129790	-5.458029
1.850	-5.000000	-5.000000	-5.000000	-5.000000	-5.623812	-4.793627	-5.451070	-5.109779
1.860	-5.000000	-5.000000	-5.000000	-5.000000	-5.639346	-4.793627	-5.451070	-5.128108
1.870	-5.000000	-5.000000	-5.000000	-5.000000	-5.639346	-4.777305	-5.434161	-5.128108
1.880	-5.000000	-5.000000	-5.000000	-5.000000	-5.639346	-4.793627	-5.434161	-5.146437
1.890	-5.000000	-5.000000	-5.000000	-5.000000	-5.639346	-4.777305	-5.434161	-5.128108
1.900	-5.000000	-5.000000	-5.000000	-5.000000	-5.623812	-4.793627	-5.146699	-5.458029
1.910	-5.000000	-5.000000	-5.000000	-5.000000	-5.623812	-4.777305	-5.434161	-5.146437
1.920	-5.000000	-5.000000	-5.000000	-5.000000	-5.639346	-4.793627	-5.451070	-5.109779
1.930	-5.000000	-5.000000	-5.000000	-5.000000	-5.623812	-4.777305	-5.451070	-5.146437
1.940	-5.000000	-5.000000	-5.000000	-5.000000	-5.623812	-4.793627	-5.451070	-5.146437
1.950	-5.000000	-5.000000	-5.000000	-5.000000	-5.623812	-4.777305	-5.434161	-5.476358
1.960	-5.000000	-5.000000	-5.000000	-5.000000	-5.639346	-4.777305	-5.129790	-5.146437
1.970	-5.000000	-5.000000	-5.000000	-5.000000	-5.639346	-4.793627	-5.129790	-5.109779
1.980	-5.000000	-5.000000	-5.000000	-5.000000	-5.623812	-4.793627	-5.129790	-5.128108
1.990	-5.000000	-5.000000	-5.000000	-5.000000	-5.639346	-4.777305	-5.129790	-5.476358
2.000	-5.000000	-5.000000	-5.000000	-5.000000	-5.639346	-4.793627	-5.434161	-5.128108
2.010	-5.000000	-5.000000	-5.000000	-5.000000	-5.639346	-4.777305	-5.129790	-5.128108
2.020	-5.000000	-5.000000	-5.000000	-5.000000	-5.639346	-4.777305	-5.434161	-5.146437
2.030	-5.000000	-5.000000	-5.000000	-5.000000	-5.639346	-4.777305	-5.129790	-5.476358
2.040	-5.000000	-5.000000	-5.000000	-5.000000	-5.639346	-4.760983	-5.434161	-5.476358
2.050	-5.000000	-5.000000	-5.000000	-5.000000	-5.623812	-4.793627	-5.112880	-5.128108
2.060	-5.000000	-5.000000	-5.000000	-5.000000	-5.654879	-4.777305	-5.129790	-5.128108
2.070	-5.000000	-5.000000	-5.000000	-5.000000	-5.623812	-4.793627	-5.129790	-5.128108
2.080	-5.000000	-5.000000	-5.000000	-5.000000	-5.639346	-4.777305	-5.129790	-5.128108
2.090	-5.000000	-5.000000	-5.000000	-5.000000	-5.639346	-4.793627	-5.434161	-5.128108
2.100	-5.000000	-5.000000	-5.000000	-5.000000	-5.639346	-4.777305	-5.434161	-5.128108
2.110	-5.000000	-5.000000	-5.000000	-5.000000	-5.639346	-4.793627	-5.129790	-5.128108
2.120	-5.000000	-5.000000	-5.000000	-5.000000	-5.344212	-4.793627	-5.129790	-5.109779
2.130	-5.000000	-5.000000	-5.000000	-5.000000	-5.623812	-4.777305	-5.112880	-5.109779
2.140	-5.000000	-5.000000	-5.000000	-5.000000	-5.623812	-4.793627	-5.434161	-5.458029
2.150	-5.000000	-5.000000	-5.000000	-5.000000	-5.623812	-4.809950	-5.451070	-5.109779
2.160	-5.000000	-5.000000	-5.000000	-5.000000	-5.623812	-4.793627	-5.434161	-5.128108
2.170	-5.000000	-5.000000	-5.000000	-5.000000	-5.623812	-4.793627	-5.129790	-5.458029
2.180	-5.000000	-5.000000	-5.000000	-5.000000	-5.639346	-4.760983	-5.451070	-5.109779
2.190	-5.000000	-5.000000	-5.000000	-5.000000	-5.639346	-4.793627	-5.129790	-5.146437
2.200	-5.000000	-5.000000	-5.000000	-5.000000	-5.623812	-4.793627	-5.129790	-5.109779
2.210	-5.000000	-5.000000	-5.000000	-5.000000	-5.639346	-4.793627	-5.451070	-5.146437
2.220	-5.000000	-5.000000	-5.000000	-5.000000	-5.623812	-4.793627	-5.451070	-5.476358
2.230	-5.000000	-5.000000	-5.000000	-5.000000	-5.623812	-4.777305	-5.451070	-5.128108
2.240	-5.000000	-5.000000	-5.000000	-5.000000	-5.623812	-4.777305	-5.146699	-5.128108
2.250	-5.000000	-5.000000	-5.000000	-5.000000	-5.623812	-4.793627	-5.146699	-5.128108
2.260	-5.000000	-5.000000	-5.000000	-5.000000	-5.623812	-4.793627	-5.129790	-5.128108
2.270	-5.000000	-5.000000	-5.000000	-5.000000	-5.623812	-4.777305	-5.146699	-5.128108
2.280	-5.000000	-5.000000	-5.000000	-5.000000	-5.623812	-5.087428	-5.434161	-5.128108
2.290	-5.000000	-5.000000	-5.000000	-5.000000	-5.623812	-4.777305	-5.129790	-5.128108
2.300	-5.000000	-5.000000	-5.000000	-5.000000	-5.623812	-4.777305	-5.434161	-5.128108
2.310	-5.000000	-5.000000	-5.000000	-5.000000	-5.623812	-4.777305	-5.112880	-5.146437
2.320	-5.000000	-5.000000	-5.000000	-5.000000	-5.608279	-4.777305	-5.434161	-5.128108
2.330	-5.000000	-5.000000	-5.000000	-5.000000	-5.623812	-4.777305	-5.129790	-5.476358
2.340	-5.000000	-5.000000	-5.000000	-5.000000	-5.623812	-4.777305	-5.146699	-5.128108
2.350	-5.000000	-5.000000	-5.000000	-5.000000	-5.639346	-4.777305	-5.434161	-5.476358
2.360	-5.000000	-5.000000	-5.000000	-5.000000	-5.608279	-4.777305	-5.146699	-5.476358
2.370	-5.000000	-5.000000	-5.000000	-5.000000	-5.623812	-4.777305	-5.129790	-5.128108
2.380	-5.000000	-5.000000	-5.000000	-5.000000	-5.623812	-4.777305	-5.146699	-5.476358
2.390	-5.000000	-5.000000	-5.000000	-5.000000	-5.623812	-4.793627	-5.434161	-5.146437
2.400	-5.000000	-5.000000	-5.000000	-5.000000	-5.623812	-4.777305	-5.146699	-5.458029
2.410	-5.000000	-5.000000	-5.000000	-5.000000	-5.639346	-4.777305	-5.129790	-5.128108
2.420	-5.000000	-5.000000	-5.000000	-5.000000	-5.623812	-4.777305	-5.146699	-5.128108
2.430	-5.000000	-5.000000	-5.000000	-5.000000	-5.623812	-4.793627	-5.146699	-5.128108
2.440	-5.000000	-5.000000	-5.000000	-5.000000	-5.639346	-4.777305	-5.129790	-5.146437
2.450	-5.000000	-5.000000	-5.000000	-5.000000	-5.639346	-4.777305	-5.129790	-5.128108
2.460	-5.000000	-5.000000	-5.000000	-5.000000	-5.623812	-4.777305	-5.434161	-5.476358
2.470	-5.000000	-5.000000	-5.000000	-5.000000	-5.623812	-4.777305	-5.146699	-5.476358
2.480	-5.000000	-5.000000	-5.000000	-5.000000	-5.623812	-4.793627	-5.434161	-5.476358
2.490	-5.000000	-5.000000	-5.000000	-5.000000	-5.639346	-5.087428	-5.434161	-5.146437
2.500	-5.000000	-5.000000	-5.000000	-5.000000	-5.623812	-4.777305	-5.129790	-5.476358
2.510	-5.000000	-5.000000	-5.000000	-5.000000	-5.623812	-4.777305	-5.434161	-5.458029
2.520	-5.000000	-5.000000	-5.000000	-5.000000	-5.623812	-4.777305	-5.112880	-5.128108
2.530	-5.000000	-5.000000	-5.000000	-5.000000	-5.639346	-4.793627	-5.467980	-4.798187
2.540	-5.000000	-5.000000	-5.000000	-5.000000	-5.623812	-4.793627	-5.129790	-5.146437
2.550	-5.000000	-5.000000	-5.000000	-5.000000	-5.623812	-4.793627	-5.417251	-5.476358
2.560	-5.000000	-5.000000	-5.000000	-5.000000	-5.623812	-4.793627	-5.434161	-5.458029
2.570	-5.000000	-5.000000	-5.000000	-5.000000	-5.623812	-4.793627	-5.129790	-5.128108
2.580	-5.000000	-5.000000	-5.000000	-5.000000	-5.639346	-4.777305	-5.434161	-5.128108
2.590	-5.000000	-5.000000	-5.000000	-5.000000	-5.639346	-4.777305	-5.146699	-5.476358
2.600	-5.000000	-5.000000	-5.000000	-5.000000	-5.623812	-4.793627	-5.451070	-5.128108
2.610	-5.000000	-5.000000	-5.000000	-5.000000	-5.623812	-4.777305	-5.434161	-5.128108
2.620	-5.000000	-5.000000	-5.000000	-5.000000	-5.623812	-4.793627	-5.146699	-5.128108
2.630	-5.000000	-5.000000	-5.000000	-5.000000	-5.639346	-4.777305	-5.451070	-5.109779
2.640	-5.000000	-5.000000	-5.000000	-5.000000	-5.623812	-5.103751	-5.451070	-5.458029
2.650	-5.000000	-5.000000	-5.000000	-5.000000	-5.623812	-4.793627	-5.129790	-5.109779
2.660	-5.000000	-5.000000	-5.000000	-5.000000	-5.608279	-4.793627	-5.146699	-5.128108
2.670	-5.000000	-5.000000	-5.000000	-5.000000	-5.623812	-4.777305	-5.451070	-5.476358
2.680	-5.000000	-5.000000	-5.000000	-5.000000	-5.639346	-4.793627	-5.146699	-5.476358
2.690	-5.000000	-5.000000	-5.000000	-5.000000	-5.623812	-4.793627	-5.129790	-5.458029
2.700	-5.000000	-5.000000	-5.000000	-5.000000	-5.623812	-4.793627	-5.451070	-5.476358
2.710	-5.000000	-5.000000	-5.000000	-5.000000	-5.608279	-4.793627	-5.129790	-5.128108
2.720	-5.000000	-5.000000	-5.000000	-5.000000	-5.623812	-4.809950	-5.451070	-5.128108
2.730	-5.000000	-5.000000	-5.000000	-5.000000	-5.623812	-4.777305	-5.451070	-5.146437
2.740	-5.000000	-5.000000	-5.000000	-5.000000	-5.623812	-4.793627	-5.434161	-5.458029
2.750	-5.000000	-5.000000	-5.000000	-5.000000	-5.623812	-4.483504	-5.146699	-5.109779
2.760	-5.000000	-5.000000	-5.000000	-5.000000	-5.623812	-4.793627	-5.434161	-5.476358
2.770	-5.000000	-5.000000	-5.000000	-5.000000	-5.623812	-4.777305	-5.129790	-5.146437
2.780	-5.000000	-5.000000	-5.000000	-5.000000	-5.623812	-4.777305	-5.129790	-5.128108
2.790	-5.000000	-5.000000	-5.000000	-5.000000	-5.623812	-4.467182	-5.434161	-5.476358
2.800	-5.000000	-5.000000	-5.000000	-5.000000	-5.344212	-4.777305	-5.434161	-5.128108
2.810	-5.000000	-5.000000	-5.000000	-5.000000	-5.918946	-4.793627	-5.434161	-5.128108
2.820	-5.000000	-5.000000	-5.000000	-5.000000	-5.623812	-4.777305	-5.434161	-5.128108
2.830	-5.000000	-5.000000	-5.000000	-5.000000	-5.623812	-4.777305	-5.451070	-5.128108
2.840	-5.000000	-5.000000	-5.000000	-5.000000	-5.639346	-4.793627	-5.451070	-5.128108
2.850	-5.000000	-5.000000	-5.000000	-5.000000	-5.623812	-4.777305	-5.129790	-5.476358
2.860	-5.000000	-5.000000	-5.000000	-5.000000	-5.639346	-4.793627	-5.434161	-5.128108
2.870	-5.000000	-5.000000	-5.000000	-5.000000	-5.623812	-4.793627	-5.129790	-5.128108
2.880	-5.000000	-5.000000	-5.000000	-5.000000	-5.623812	-4.777305	-5.451070	-5.128108
2.890	-5.000000	-5.000000	-5.000000	-5.000000	-5.623812	-4.793627	-5.451070	-5.146437
2.900	-5.000000	-5.000000	-5.000000	-5.000000	-5.639346	-4.793627	-5.129790	-5.146437
2.910	-5.000000	-5.000000	-5.000000	-5.000000	-5.623812	-4.793627	-5.112880	-5.128108
2.920	-5.000000	-5.000000	-5.000000	-5.000000	-5.639346	-4.793627	-5.434161	-5.128108
2.930	-5.000000	-5.000000	-5.000000	-5.000000	-5.639346	-4.793627	-5.129790	-5.476358
2.940	-5.000000	-5.000000	-5.000000	-5.000000	-5.623812	-4.793627	-5.434161	-5.146437
2.950	-5.000000	-5.000000	-5.000000	-5.000000	-5.639346	-4.793627	-5.451070	-5.146437
2.960	-5.000000	-5.000000	-5.000000	-5.000000	-5.903412	-4.793627	-5.129790	-5.476358
2.970	-5.000000	-5.000000	-5.000000	-5.000000	-5.623812	-4.777305	-5.129790	-5.128108
2.980	-5.000000	-5.000000	-5.000000	-5.000000	-5.344212	-4.777305	-5.112880	-5.128108
2.990	-5.000000	-5.000000	-5.000000	-5.000000	-5.623812	-4.777305	-5.129790	-5.109779
3.000	-5.000000	-5.000000	-5.000000	-5.000000	-5.639346	-4.777305	-5.434161	-5.476358
3.010	-5.000000	-5.000000	-5.000000	-5.000000	-5.639346	-4.793627	-5.129790	-5.128108
3.020	-5.000000	-5.000000	-5.000000	-5.000000	-5.639346	-4.793627	-5.434161	-5.128108
3.030	-5.000000	-5.000000	-5.000000	-5.000000	-5.623812	-4.777305	-5.146699	-5.109779
3.040	-5.000000	-5.000000	-5.000000	-5.000000	-5.639346	-5.071106	-5.451070	-5.128108
3.050	-5.000000	-5.000000	-5.000000	-5.000000	-5.639346	-4.467182	-5.451070	-5.146437
3.060	-5.000000	-5.000000	-5.000000	-5.000000	-5.639346	-4.777305	-5.451070	-5.146437
3.070	-5.000000	-5.000000	-5.000000	-5.000000	-5.639346	-4.793627	-5.434161	-5.128108
3.080	-5.000000	-5.000000	-5.000000	-5.000000	-5.623812	-4.793627	-5.146699	-5.128108
3.090	-5.000000	-5.000000	-5.000000	-5.000000	-5.639346	-4.793627	-5.129790	-5.128108
3.100	-5.000000	-5.000000	-5.000000	-5.000000	-5.623812	-4.777305	-5.417251	-5.109779
3.110	-5.000000	-5.000000	-5.000000	-5.000000	-5.608279	-4.793627	-5.451070	-5.458029
3.120	-5.000000	-5.000000	-5.000000	-5.000000	-5.623812	-4.793627	-5.434161	-5.128108
3.130	-5.000000	-5.000000	-5.000000	-5.000000	-5.623812	-4.777305	-5.434161	-5.146437
3.140	-5.000000	-5.000000	-5.000000	-5.000000	-5.623812	-4.777305	-5.434161	-5.476358
3.150	-5.000000	-5.000000	-5.000000	-5.000000	-5.623812	-4.793627	-5.434161	-5.109779
3.160	-5.000000	-5.000000	-5.000000	-5.000000	-5.623812	-4.777305	-5.129790	-5.128108
3.170	-5.000000	-5.000000	-5.000000	-5.000000	-5.608279	-4.777305	-5.451070	-5.128108
3.180	-5.000000	-5.000000	-5.000000	-5.000000	-5.623812	-4.793627	-5.112880	-5.458029
3.190	-5.000000	-5.000000	-5.000000	-5.000000	-5.639346	-4.777305	-5.451070	-5.476358
3.200	-5.000000	-5.000000	-5.000000	-5.000000	-5.623812	-4.793627	-5.129790	-5.476358
3.210	-5.000000	-5.000000	-5.000000	-5.000000	-5.623812	-4.793627	-5.434161	-5.128108
3.220	-5.000000	-5.000000	-5.000000	-5.000000	-5.608279	-4.777305	-5.129790	-5.476358
3.230	-5.000000	-5.000000	-5.000000	-5.000000	-5.623812	-4.777305	-5.129790	-5.128108
3.240	-5.000000	-5.000000	-5.000000	-5.000000	-5.328679	-4.777305	-5.434161	-5.128108
3.250	-5.000000	-5.000000	-5.000000	-5.000000	-5.623812	-4.793627	-5.112880	-5.128108
3.260	-5.000000	-5.000000	-5.000000	-5.000000	-5.639346	-4.793627	-5.112880	-5.146437
3.270	-5.000000	-5.000000	-5.000000	-5.000000	-5.623812	-4.793627	-5.129790	-5.128108
3.280	-5.000000	-5.000000	-5.000000	-5.000000	-5.623812	-4.777305	-5.129790	-5.476358
3.290	-5.000000	-5.000000	-5.000000	-5.000000	-5.623812	-4.777305	-5.146699	-5.128108
3.300	-5.000000	-5.000000	-5.000000	-5.000000	-5.639346	-4.793627	-5.434161	-5.476358
3.310	-5.000000	-5.000000	-5.000000	-5.000000	-5.639346	-4.777305	-5.129790	-5.128108
3.320	-5.000000	-5.000000	-5.000000	-5.000000	-5.623812	-4.777305	-5.451070	-5.476358
3.330	-5.000000	-5.000000	-5.000000	-5.000000	-5.623812	-4.777305	-5.451070	-5.146437
3.340	-5.000000	-5.000000	-5.000000	-5.000000	-5.623812	-4.777305	-5.129790	-5.146437
3.350	-5.000000	-5.000000	-5.000000	-5.000000	-5.639346	-4.777305	-5.434161	-5.476358
3.360	-5.000000	-5.000000	-5.000000	-5.000000	-5.623812	-4.777305	-5.451070	-5.494687
3.370	-5.000000	-5.000000	-5.000000	-5.000000	-5.623812	-4.777305	-5.417251	-5.146437
3.380	-5.000000	-5.000000	-5.000000	-5.000000	-5.623812	-4.777305	-5.129790	-5.146437
3.390	-5.000000	-5.000000	-5.000000	-5.000000	-5.639346	-4.777305	-5.129790	-5.128108
3.400	-5.000000	-5.000000	-5.000000	-5.000000	-5.623812	-4.793627	-5.129790	-5.146437
3.410	-5.000000	-5.000000	-5.000000	-5.000000	-5.623812	-4.777305	-5.129790	-5.128108
3.420	-5.000000	-5.000000	-5.000000	-5.000000	-5.639346	-4.777305	-5.129790	-5.476358
3.430	-5.000000	-5.000000	-5.000000	-5.000000	-5.639346	-4.777305	-5.112880	-5.128108
3.440	-5.000000	-5.000000	-5.000000	-5.000000	-5.623812	-4.777305	-5.417251	-5.146437
3.450	-5.000000	-5.000000	-5.000000	-5.000000	-5.623812	-4.777305	-5.451070	-5.128108
3.460	-5.000000	-5.000000	-5.000000	-5.000000	-5.623812	-4.793627	-5.434161	-5.128108
3.470	-5.000000	-5.000000	-5.000000	-5.000000	-5.623812	-4.777305	-5.451070	-5.128108
3.480	-5.000000	-5.000000	-5.000000	-5.000000	-5.639346	-4.793627	-5.451070	-5.109779
3.490	-5.000000	-5.000000	-5.000000	-5.000000	-5.639346	-4.777305	-5.129790	-5.128108
3.500	-5.000000	-5.000000	-5.000000	-5.000000	-5.623812	-4.777305	-5.451070	-5.146437
3.510	-5.000000	-5.000000	-5.000000	-5.000000	-5.639346	-4.793627	-5.129790	-5.476358
3.520	-5.000000	-5.000000	-5.000000	-5.000000	-5.639346	-4.793627	-5.451070	-5.128108
3.530	-5.000000	-5.000000	-5.000000	-5.000000	-5.623812	-4.793627	-5.129790	-5.128108
3.540	-5.000000	-5.000000	-5.000000	-5.000000	-5.623812	-4.793627	-5.434161	-5.109779
3.550	-5.000000	-5.000000	-5.000000	-5.000000	-5.623812	-4.793627	-5.129790	-5.128108
3.560	-5.000000	-5.000000	-5.000000	-5.000000	-5.639346	-4.793627	-5.434161	-5.146437
3.570	-5.000000	-5.000000	-5.000000	-5.000000	-5.623812	-4.793627	-5.112880	-5.128108
3.580	-5.000000	-5.000000	-5.000000	-5.000000	-5.623812	-4.777305	-5.129790	-5.146437
3.590	-5.000000	-5.000000	-5.000000	-5.000000	-5.623812	-4.777305	-5.451070	-5.458029
3.600	-5.000000	-5.000000	-5.000000	-5.000000	-5.623812	-4.777305	-5.146699	-5.128108
3.610	-5.000000	-5.000000	-5.000000	-5.000000	-5.623812	-4.793627	-5.434161	-5.476358
3.620	-5.000000	-5.000000	-5.000000	-5.000000	-5.623812	-4.777305	-5.451070	-5.128108
3.630	-5.000000	-5.000000	-5.000000	-5.000000	-5.623812	-4.793627	-5.129790	-5.476358
3.640	-5.000000	-5.000000	-5.000000	-5.000000	-5.623812	-4.793627	-5.129790	-5.128108
3.650	-5.000000	-5.000000	-5.000000	-5.000000	-5.623812	-4.777305	-5.434161	-5.458029
3.660	-5.000000	-5.000000	-5.000000	-5.000000	-5.639346	-4.777305	-5.146699	-5.128108
3.670	-5.000000	-5.000000	-5.000000	-5.000000	-5.639346	-4.483504	-5.112880	-5.128108
3.680	-5.000000	-5.000000	-5.000000	-5.000000	-5.623812	-4.777305	-5.112880	-5.146437
3.690	-5.000000	-5.000000	-5.000000	-5.000000	-5.623812	-4.793627	-5.112880	-5.146437
3.700	-5.000000	-5.000000	-5.000000	-5.000000	-5.639346	-4.793627	-5.434161	-5.146437
3.710	-5.000000	-5.000000	-5.000000	-5.000000	-5.639346	-4.793627	-5.451070	-5.476358
3.720	-5.000000	-5.000000	-5.000000	-5.000000	-5.639346	-4.793627	-5.451070	-5.458029
3.730	-5.000000	-5.000000	-5.000000	-5.000000	-5.623812	-4.793627	-5.417251	-5.128108
3.740	-5.000000	-5.000000	-5.000000	-5.000000	-5.639346	-4.777305	-5.112880	-5.146437
3.750	-5.000000	-5.000000	-5.000000	-5.000000	-5.639346	-4.793627	-5.434161	-5.128108
3.760	-5.000000	-5.000000	-5.000000	-5.000000	-5.623812	-4.809950	-5.129790	-5.476358
3.770	-5.000000	-5.000000	-5.000000	-5.000000	-5.623812	-4.793627	-5.434161	-5.476358
3.780	-5.000000	-5.000000	-5.000000	-5.000000	-5.623812	-4.793627	-5.112880	-5.128108
3.790	-5.000000	-5.000000	-5.000000	-5.000000	-5.623812	-4.793627	-5.129790	-5.476358
3.800	-5.000000	-5.000000	-5.000000	-5.000000	-5.639346	-4.793627	-5.129790	-5.146437
3.810	-5.000000	-5.000000	-5.000000	-5.000000	-5.639346	-4.809950	-5.129790	-5.128108
3.820	-5.000000	-5.000000	-5.000000	-5.000000	-5.639346	-4.793627	-5.434161	-5.128108
3.830	-5.000000	-5.000000	-5.000000	-5.000000	-5.639346	-4.777305	-5.129790	-5.146437
3.840	-5.000000	-5.000000	-5.000000	-5.000000	-5.623812	-4.777305	-5.451070	-5.146437
3.850	-5.000000	-5.000000	-5.000000	-5.000000	-5.623812	-4.793627	-5.451070	-5.146437
3.860	-5.000000	-5.000000	-5.000000	-5.000000	-5.623812	-4.793627	-5.112880	-5.128108
3.870	-5.000000	-5.000000	-5.000000	-5.000000	-5.623812	-4.777305	-5.434161	-5.128108
3.880	-5.000000	-5.000000	-5.000000	-5.000000	-5.639346	-4.793627	-5.434161	-5.128108
3.890	-5.000000	-5.000000	-5.000000	-5.000000	-5.639346	-4.793627	-5.451070	-5.128108
3.900	-5.000000	-5.000000	-5.000000	-5.000000	-5.639346	-4.777305	-5.129790	-5.146437
3.910	-5.000000	-5.000000	-5.000000	-5.000000	-5.639346	-4.793627	-5.129790	-5.128108
3.920	-5.000000	-5.000000	-5.000000	-5.000000	-5.639346	-4.777305	-5.434161	-5.128108
3.930	-5.000000	-5.000000	-5.000000	-5.000000	-5.623812	-4.777305	-5.129790	-5.476358
3.940	-5.000000	-5.000000	-5.000000	-5.000000	-5.623812	-4.793627	-5.146699	-5.109779
3.950	-5.000000	-5.000000	-5.000000	-5.000000	-5.639346	-4.809950	-5.146699	-5.109779
3.960	-5.000000	-5.000000	-5.000000	-5.000000	-5.623812	-4.777305	-5.451070	-5.128108
3.970	-5.000000	-5.000000	-5.000000	-5.000000	-5.623812	-4.777305	-5.434161	-5.128108
3.980	-5.000000	-5.000000	-5.000000	-5.000000	-5.623812	-4.777305	-5.129790	-5.128108
3.990	-5.000000	-5.000000	-5.000000	-5.000000	-5.623812	-4.793627	-5.451070	-5.128108
4.000	-5.000000	-5.000000	-5.000000	-5.000000	-5.639346	-4.777305	-5.451070	-5.476358
4.010	-5.000000	-5.000000	-5.000000	-5.000000	-5.639346	-4.777305	-5.146699	-5.146437
4.020	-5.000000	-5.000000	-5.000000	-5.000000	-5.639346	-4.793627	-5.129790	-5.109779
4.030	-5.000000	-5.000000	-5.000000	-5.000000	-5.623812	-4.793627	-5.129790	-5.128108
4.040	-5.000000	-5.000000	-5.000000	-5.000000	-5.328679	-4.777305	-5.451070	-5.128108
4.050	-5.000000	-5.000000	-5.000000	-5.000000	-5.639346	-4.793627	-5.434161	-5.146437
4.060	-5.000000	-5.000000	-5.000000	-5.000000	-5.623812	-4.793627	-5.451070	-5.458029
4.070	-5.000000	-5.000000	-5.000000	-5.000000	-5.623812	-4.793627	-5.146699	-5.476358
4.080	-5.000000	-5.000000	-5.000000	-5.000000	-5.623812	-4.793627	-5.451070	-5.146437
4.090	-5.000000	-5.000000	-5.000000	-5.000000	-5.623812	-4.777305	-5.129790	-5.128108
4.100	-5.000000	-5.000000	-5.000000	-5.000000	-5.639346	-4.793627	-5.434161	-5.146437
4.110	-5.000000	-5.000000	-5.000000	-5.000000	-5.608279	-4.793627	-5.434161	-5.128108
4.120	-5.000000	-5.000000	-5.000000	-5.000000	-5.623812	-4.793627	-5.129790	-5.146437
4.130	-5.000000	-5.000000	-5.000000	-5.000000	-5.623812	-4.793627	-5.451070	-5.476358
4.140	-5.000000	-5.000000	-5.000000	-5.000000	-5.623812	-4.793627	-5.129790	-5.146437
4.150	-5.000000	-5.000000	-5.000000	-5.000000	-5.623812	-4.777305	-5.129790	-5.128108
4.160	-5.000000	-5.000000	-5.000000	-5.000000	-5.639346	-4.793627	-5.129790	-5.128108
4.170	-5.000000	-5.000000	-5.000000	-5.000000	-5.623812	-4.793627	-5.434161	-5.128108
4.180	-5.000000	-5.000000	-5.000000	-5.000000	-5.623812	-4.777305	-5.434161	-5.128108
4.190	-5.000000	-5.000000	-5.000000	-5.000000	-5.623812	-4.793627	-5.129790	-5.439700
4.200	-5.000000	-5.000000	-5.000000	-5.000000	-5.623812	-4.793627	-5.129790	-5.109779
4.210	-5.000000	-5.000000	-5.000000	-5.000000	-5.639346	-4.777305	-5.129790	-5.128108
4.220	-5.000000	-5.000000	-5.000000	-5.000000	-5.639346	-4.793627	-5.451070	-5.128108
4.230	-5.000000	-5.000000	-5.000000	-5.000000	-5.623812	-4.793627	-5.129790	-4.798187
4.240	-5.000000	-5.000000	-5.000000	-5.000000	-5.639346	-4.793627	-5.434161	-5.146437
4.250	-5.000000	-5.000000	-5.000000	-5.000000	-5.623812	-4.793627	-5.146699	-4.798187
4.260	-5.000000	-5.000000	-5.000000	-5.000000	-5.623812	-4.793627	-5.434161	-5.128108
4.270	-5.000000	-5.000000	-5.000000	-5.000000	-5.639346	-5.120073	-5.146699	-5.146437
4.280	-5.000000	-5.000000	-5.000000	-5.000000	-5.623812	-4.793627	-5.129790	-5.128108
4.290	-5.000000	-5.000000	-5.000000	-5.000000	-5.639346	-4.777305	-5.146699	-5.128108
4.300	-5.000000	-5.000000	-5.000000	-5.000000	-5.623812	-5.103751	-5.129790	-5.458029
4.310	-5.000000	-5.000000	-5.000000	-5.000000	-5.623812	-4.793627	-5.451070	-5.146437
4.320	-5.000000	-5.000000	-5.000000	-5.000000	-5.623812	-4.793627	-5.434161	-5.146437
4.330	-5.000000	-5.000000	-5.000000	-5.000000	-5.623812	-4.793627	-5.146699	-5.146437
4.340	-5.000000	-5.000000	-5.000000	-5.000000	-5.623812	-4.467182	-5.434161	-5.476358
4.350	-5.000000	-5.000000	-5.000000	-5.000000	-5.608279	-4.793627	-5.129790	-5.128108
4.360	-5.000000	-5.000000	-5.000000	-5.000000	-5.608279	-4.777305	-5.434161	-5.128108
4.370	-5.000000	-5.000000	-5.000000	-5.000000	-5.639346	-4.777305	-5.129790	-5.476358
4.380	-5.000000	-5.000000	-5.000000	-5.000000	-5.639346	-4.793627	-5.146699	-5.146437
4.390	-5.000000	-5.000000	-5.000000	-5.000000	-5.623812	-4.793627	-5.434161	-5.494687
4.400	-5.000000	-5.000000	-5.000000	-5.000000	-5.623812	-4.793627	-5.129790	-5.146437
4.410	-5.000000	-5.000000	-5.000000	-5.000000	-5.639346	-4.809950	-5.434161	-5.146437
4.420	-5.000000	-5.000000	-5.000000	-5.000000	-5.623812	-4.793627	-5.451070	-5.146437
4.430	-5.000000	-5.000000	-5.000000	-5.000000	-5.639346	-4.793627	-5.451070	-5.146437
4.440	-5.000000	-5.000000	-5.000000	-5.000000	-5.639346	-4.793627	-5.129790	-5.128108
4.450	-5.000000	-5.000000	-5.000000	-5.000000	-5.639346	-4.809950	-5.434161	-5.128108
4.460	-5.000000	-5.000000	-5.000000	-5.000000	-5.623812	-4.793627	-5.129790	-5.128108
4.470	-5.000000	-5.000000	-5.000000	-5.000000	-5.934479	-4.809950	-5.146699	-5.128108
4.480	-5.000000	-5.000000	-5.000000	-5.000000	-5.639346	-4.793627	-5.434161	-5.128108
4.490	-5.000000	-5.000000	-5.000000	-5.000000	-5.639346	-4.793627	-5.129790	-5.128108
4.500	-5.000000	-5.000000	-5.000000	-5.000000	-5.623812	-4.793627	-5.434161	-5.128108
4.510	-5.000000	-5.000000	-5.000000	-5.000000	-5.639346	-4.777305	-5.129790	-5.146437
4.520	-5.000000	-5.000000	-5.000000	-5.000000	-5.623812	-4.793627	-5.129790	-5.128108
4.530	-5.000000	-5.000000	-5.000000	-5.000000	-5.623812	-4.793627	-5.434161	-5.146437
4.540	-5.000000	-5.000000	-5.000000	-5.000000	-5.639346	-4.777305	-5.129790	-5.146437
4.550	-5.000000	-5.000000	-5.000000	-5.000000	-5.623812	-4.793627	-5.417251	-5.146437
4.560	-5.000000	-5.000000	-5.000000	-5.000000	-5.623812	-4.777305	-5.434161	-5.128108
4.570	-5.000000	-5.000000	-5.000000	-5.000000	-5.623812	-4.777305	-5.434161	-4.798187
4.580	-5.000000	-5.000000	-5.000000	-5.000000	-5.639346	-4.777305	-5.434161	-5.128108
4.590	-5.000000	-5.000000	-5.000000	-5.000000	-5.623812	-4.793627	-5.129790	-5.146437
4.600	-5.000000	-5.000000	-5.000000	-5.000000	-5.623812	-4.777305	-5.451070	-5.128108
4.610	-5.000000	-5.000000	-5.000000	-5.000000	-5.623812	-4.793627	-5.434161	-5.128108
4.620	-5.000000	-5.000000	-5.000000	-5.000000	-5.639346	-4.777305	-5.434161	-5.128108
4.630	-5.000000	-5.000000	-5.000000	-5.000000	-5.639346	-4.793627	-5.451070	-5.146437
4.640	-5.000000	-5.000000	-5.000000	-5.000000	-5.623812	-4.777305	-5.434161	-5.109779
4.650	-5.000000	-5.000000	-5.000000	-5.000000	-5.623812	-4.777305	-5.451070	-5.128108
4.660	-5.000000	-5.000000	-5.000000	-5.000000	-5.623812	-4.793627	-5.129790	-5.146437
4.670	-5.000000	-5.000000	-5.000000	-5.000000	-5.639346	-4.777305	-5.129790	-5.146437
4.680	-5.000000	-5.000000	-5.000000	-5.000000	-5.639346	-4.777305	-5.434161	-5.146437
4.690	-5.000000	-5.000000	-5.000000	-5.000000	-5.623812	-4.793627	-5.451070	-5.128108
4.700	-5.000000	-5.000000	-5.000000	-5.000000	-5.623812	-4.793627	-5.146699	-5.128108
4.710	-5.000000	-5.000000	-5.000000	-5.000000	-5.623812	-4.793627	-5.434161	-5.146437
4.720	-5.000000	-5.000000	-5.000000	-5.000000	-5.623812	-4.777305	-5.434161	-5.476358
4.730	-5.000000	-5.000000	-5.000000	-5.000000	-5.623812	-4.793627	-5.434161	-5.146437
4.740	-5.000000	-5.000000	-5.000000	-5.000000	-5.623812	-4.793627	-5.451070	-5.128108
4.750	-5.000000	-5.000000	-5.000000	-5.000000	-5.639346	-4.793627	-5.129790	-5.128108
4.760	-5.000000	-5.000000	-5.000000	-5.000000	-5.623812	-4.777305	-5.451070	-5.128108
4.770	-5.000000	-5.000000	-5.000000	-5.000000	-5.623812	-4.793627	-5.434161	-5.128108
4.780	-5.000000	-5.000000	-5.000000	-5.000000	-5.328679	-4.777305	-5.112880	-5.128108
4.790	-5.000000	-5.000000	-5.000000	-5.000000	-5.623812	-4.793627	-5.112880	-5.128108
4.800	-5.000000	-5.000000	-5.000000	-5.000000	-5.608279	-4.809950	-5.146699	-4.798187
4.810	-5.000000	-5.000000	-5.000000	-5.000000	-5.623812	-4.809950	-5.146699	-5.128108
4.820	-5.000000	-5.000000	-5.000000	-5.000000	-5.623812	-4.793627	-5.129790	-5.476358
4.830	-5.000000	-5.000000	-5.000000	-5.000000	-5.623812	-4.777305	-5.129790	-5.128108
4.840	-5.000000	-5.000000	-5.000000	-5.000000	-5.623812	-4.793627	-5.451070	-5.128108
4.850	-5.000000	-5.000000	-5.000000	-5.000000	-5.623812	-4.809950	-5.451070	-5.458029
4.860	-5.000000	-5.000000	-5.000000	-5.000000	-5.639346	-4.793627	-5.434161	-5.128108
4.870	-5.000000	-5.000000	-5.000000	-5.000000	-5.623812	-4.809950	-5.146699	-5.476358
4.880	-5.000000	-5.000000	-5.000000	-5.000000	-5.623812	-4.777305	-5.451070	-5.146437
4.890	-5.000000	-5.000000	-5.000000	-5.000000	-5.623812	-4.809950	-5.146699	-5.128108
4.900	-5.000000	-5.000000	-5.000000	-5.000000	-5.623812	-4.809950	-5.129790	-5.128108
4.910	-5.000000	-5.000000	-5.000000	-5.000000	-5.623812	-4.809950	-5.451070	-5.146437
4.920	-5.000000	-5.000000	-5.000000	-5.000000	-5.934479	-4.793627	-5.146699	-5.494687
4.930	-5.000000	-5.000000	-5.000000	-5.000000	-5.639346	-4.793627	-5.451070	-5.146437
4.940	-5.000000	-5.000000	-5.000000	-5.000000	-5.639346	-4.793627	-5.451070	-5.146437
4.950	-5.000000	-5.000000	-5.000000	-5.000000	-5.639346	-4.793627	-5.451070	-5.146437
4.960	-5.000000	-5.000000	-5.000000	-5.000000	-5.639346	-4.809950	-5.129790	-5.146437
4.970	-5.000000	-5.000000	-5.000000	-5.000000	-5.639346	-4.793627	-5.434161	-5.476358
4.980	-5.000000	-5.000000	-5.000000	-5.000000	-5.639346	-4.777305	-5.451070	-5.128108
4.990	-5.000000	-5.000000	-5.000000	-5.000000	-5.639346	-4.809950	-5.434161	-5.146437
5.000	-5.000000	-5.000000	-5.000000	-5.000000	-5.623812	-4.793627	-5.451070	-5.476358
5.010	-5.000000	-5.000000	-5.000000	-5.000000	-5.639346	-4.777305	-5.146699	-5.128108
5.020	-5.000000	-5.000000	-5.000000	-5.000000	-5.639346	-4.793627	-5.129790	-5.146437
5.030	-5.000000	-5.000000	-5.000000	-5.000000	-5.639346	-4.793627	-5.129790	-5.146437
5.040	-5.000000	-5.000000	-5.000000	-5.000000	-5.639346	-4.793627	-5.146699	-5.146437
5.050	-5.000000	-5.000000	-5.000000	-5.000000	-5.639346	-4.793627	-5.467980	-5.128108
5.060	-5.000000	-5.000000	-5.000000	-5.000000	-5.623812	-4.809950	-5.451070	-5.146437
5.070	-5.000000	-5.000000	-5.000000	-5.000000	-5.623812	-4.777305	-5.451070	-5.494687
5.080	-5.000000	-5.000000	-5.000000	-5.000000	-5.639346	-4.793627	-5.451070	-5.146437
5.090	-5.000000	-5.000000	-5.000000	-5.000000	-5.623812	-4.793627	-5.146699	-5.164766
5.100	-5.000000	-5.000000	-5.000000	-5.000000	-5.623812	-4.809950	-5.129790	-5.128108
5.110	-5.000000	-5.000000	-5.000000	-5.000000	-5.639346	-4.809950	-5.434161	-5.476358
5.120	-5.000000	-5.000000	-5.000000	-5.000000	-5.639346	-4.793627	-5.129790	-5.146437
5.130	-5.000000	-5.000000	-5.000000	-5.000000	-5.623812	-4.809950	-5.434161	-5.458029
5.140	-5.000000	-5.000000	-5.000000	-5.000000	-5.623812	-4.809950	-5.451070	-5.128108
5.150	-5.000000	-5.000000	-5.000000	-5.000000	-5.639346	-4.793627	-5.129790	-5.146437
5.160	-5.000000	-5.000000	-5.000000	-5.000000	-5.608279	-4.793627	-5.451070	-5.476358
5.170	-5.000000	-5.000000	-5.000000	-5.000000	-5.623812	-4.793627	-5.434161	-5.146437
5.180	-5.000000	-5.000000	-5.000000	-5.000000	-5.623812	-4.809950	-5.146699	-5.146437
5.190	-5.000000	-5.000000	-5.000000	-5.000000	-5.639346	-4.793627	-5.451070	-5.128108
5.200	-5.000000	-5.000000	-5.000000	-5.000000	-5.639346	-4.793627	-5.146699	-5.128108
5.210	-5.000000	-5.000000	-5.000000	-5.000000	-5.639346	-4.793627	-5.434161	-5.128108
5.220	-5.000000	-5.000000	-5.000000	-5.000000	-5.623812	-4.793627	-5.434161	-5.128108
5.230	-5.000000	-5.000000	-5.000000	-5.000000	-5.623812	-4.793627	-5.434161	-5.146437
5.240	-5.000000	-5.000000	-5.000000	-5.000000	-5.623812	-4.809950	-5.146699	-5.128108
5.250	-5.000000	-5.000000	-5.000000	-5.000000	-5.623812	-4.809950	-5.146699	-5.146437
5.260	-5.000000	-5.000000	-5.000000	-5.000000	-5.639346	-5.103751	-5.129790	-5.128108
5.270	-5.000000	-5.000000	-5.000000	-5.000000	-5.623812	-4.809950	-5.451070	-5.476358
5.280	-5.000000	-5.000000	-5.000000	-5.000000	-5.623812	-4.793627	-5.451070	-5.146437
5.290	-5.000000	-5.000000	-5.000000	-5.000000	-5.623812	-4.793627	-5.129790	-5.128108
5.300	-5.000000	-5.000000	-5.000000	-5.000000	-5.623812	-4.793627	-5.434161	-5.146437
5.310	-5.000000	-5.000000	-5.000000	-5.000000	-5.623812	-4.793627	-5.129790	-5.494687
5.320	-5.000000	-5.000000	-5.000000	-5.000000	-5.623812	-4.809950	-5.451070	-5.476358
5.330	-5.000000	-5.000000	-5.000000	-5.000000	-5.623812	-4.793627	-5.434161	-5.146437
5.340	-5.000000	-5.000000	-5.000000	-5.000000	-5.623812	-4.777305	-5.129790	-5.128108
5.350	-5.000000	-5.000000	-5.000000	-5.000000	-5.623812	-4.777305	-5.129790	-5.128108
5.360	-5.000000	-5.000000	-5.000000	-5.000000	-5.623812	-4.793627	-5.146699	-5.146437
5.370	-5.000000	-5.000000	-5.000000	-5.000000	-5.639346	-4.793627	-5.451070	-5.128108
5.380	-5.000000	-5.000000	-5.000000	-5.000000	-5.639346	-4.777305	-5.129790	-5.476358
5.390	-5.000000	-5.000000	-5.000000	-5.000000	-5.623812	-4.793627	-5.451070	-5.128108
5.400	-5.000000	-5.000000	-5.000000	-5.000000	-5.639346	-4.793627	-5.129790	-5.128108
5.410	-5.000000	-5.000000	-5.000000	-5.000000	-5.639346	-4.777305	-5.129790	-5.146437
5.420	-5.000000	-5.000000	-5.000000	-5.000000	-5.623812	-4.793627	-5.451070	-5.476358
5.430	-5.000000	-5.000000	-5.000000	-5.000000	-5.623812	-4.793627	-5.146699	-5.476358
5.440	-5.000000	-5.000000	-5.000000	-5.000000	-5.639346	-4.777305	-5.146699	-5.458029
5.450	-5.000000	-5.000000	-5.000000	-5.000000	-5.639346	-4.793627	-5.451070	-5.128108
5.460	-5.000000	-5.000000	-5.000000	-5.000000	-5.639346	-4.793627	-5.112880	-5.128108
5.470	-5.000000	-5.000000	-5.000000	-5.000000	-5.639346	-4.777305	-5.434161	-5.494687
5.480	-5.000000	-5.000000	-5.000000	-5.000000	-5.639346	-4.793627	-5.451070	-5.128108
5.490	-5.000000	-5.000000	-5.000000	-5.000000	-5.623812	-4.793627	-5.129790	-5.476358
5.500	-5.000000	-5.000000	-5.000000	-5.000000	-5.639346	-4.793627	-5.451070	-5.146437
5.510	-5.000000	-5.000000	-5.000000	-5.000000	-5.623812	-4.793627	-5.146699	-5.146437
5.520	-5.000000	-5.000000	-5.000000	-5.000000	-5.639346	-4.793627	-5.146699	-4.798187
5.530	-5.000000	-5.000000	-5.000000	-5.000000	-5.639346	-4.777305	-5.146699	-5.128108
5.540	-5.000000	-5.000000	-5.000000	-5.000000	-5.639346	-4.777305	-5.146699	-5.146437
5.550	-5.000000	-5.000000	-5.000000	-5.000000	-5.639346	-4.793627	-5.129790	-5.146437
5.560	-5.000000	-5.000000	-5.000000	-5.000000	-5.623812	-4.793627	-5.434161	-5.128108
5.570	-5.000000	-5.000000	-5.000000	-5.000000	-5.623812	-4.777305	-5.451070	-5.476358
5.580	-5.000000	-5.000000	-5.000000	-5.000000	-5.623812	-4.809950	-5.129790	-5.146437
5.590	-5.000000	-5.000000	-5.000000	-5.000000	-5.639346	-4.777305	-5.451070	-5.146437
5.600	-5.000000	-5.000000	-5.000000	-5.000000	-5.639346	-4.809950	-5.129790	-5.146437
5.610	-5.000000	-5.000000	-5.000000	-5.000000	-5.639346	-4.777305	-5.129790	-5.146437
5.620	-5.000000	-5.000000	-5.000000	-5.000000	-5.639346	-4.793627	-5.451070	-5.128108
5.630	-5.000000	-5.000000	-5.000000	-5.000000	-5.623812	-4.793627	-5.129790	-5.146437
5.640	-5.000000	-5.000000	-5.000000	-5.000000	-5.623812	-4.793627	-5.434161	-5.128108
5.650	-5.000000	-5.000000	-5.000000	-5.000000	-5.639346	-4.793627	-5.129790	-5.146437
5.660	-5.000000	-5.000000	-5.000000	-5.000000	-5.639346	-4.793627	-5.451070	-5.476358
5.670	-5.000000	-5.000000	-5.000000	-5.000000	-5.639346	-4.809950	-5.146699	-5.146437
5.680	-5.000000	-5.000000	-5.000000	-5.000000	-5.639346	-4.793627	-5.146699	-5.146437
5.690	-5.000000	-5.000000	-5.000000	-5.000000	-5.639346	-4.793627	-5.146699	-5.494687
5.700	-5.000000	-5.000000	-5.000000	-5.000000	-5.639346	-4.793627	-5.129790	-5.128108
5.710	-5.000000	-5.000000	-5.000000	-5.000000	-5.639346	-4.809950	-5.129790	-5.128108
5.720	-5.000000	-5.000000	-5.000000	-5.000000	-5.623812	-4.809950	-5.434161	-5.128108
5.730	-5.000000	-5.000000	-5.000000	-5.000000	-5.623812	-4.793627	-5.129790	-5.146437
5.740	-5.000000	-5.000000	-5.000000	-5.000000	-5.639346	-4.809950	-5.129790	-5.146437
5.750	-5.000000	-5.000000	-5.000000	-5.000000	-5.639346	-4.777305	-5.451070	-5.128108
5.760	-5.000000	-5.000000	-5.000000	-5.000000	-5.623812	-4.809950	-5.129790	-5.146437
5.770	-5.000000	-5.000000	-5.000000	-5.000000	-5.623812	-4.793627	-5.129790	-5.128108
5.780	-5.000000	-5.000000	-5.000000	-5.000000	-5.623812	-4.793627	-5.434161	-5.146437
5.790	-5.000000	-5.000000	-5.000000	-5.000000	-5.639346	-4.793627	-5.112880	-5.146437
5.800	-5.000000	-5.000000	-5.000000	-5.000000	-5.639346	-4.793627	-5.434161	-5.146437
5.810	-5.000000	-5.000000	-5.000000	-5.000000	-5.639346	-4.777305	-5.146699	-5.146437
5.820	-5.000000	-5.000000	-5.000000	-5.000000	-5.623812	-4.793627	-5.129790	-5.128108
5.830	-5.000000	-5.000000	-5.000000	-5.000000	-5.639346	-4.793627	-5.434161	-5.146437
5.840	-5.000000	-5.000000	-5.000000	-5.000000	-5.639346	-5.103751	-5.129790	-5.146437
5.850	-5.000000	-5.000000	-5.000000	-5.000000	-5.639346	-4.793627	-5.434161	-5.146437
5.860	-5.000000	-5.000000	-5.000000	-5.000000	-5.623812	-4.793627	-5.451070	-5.128108
5.870	-5.000000	-5.000000	-5.000000	-5.000000	-5.623812	-4.777305	-5.434161	-5.146437
5.880	-5.000000	-5.000000	-5.000000	-5.000000	-5.623812	-4.793627	-5.129790	-4.798187
5.890	-5.000000	-5.000000	-5.000000	-5.000000	-5.654879	-4.793627	-5.451070	-5.146437
5.900	-5.000000	-5.000000	-5.000000	-5.000000	-5.623812	-4.793627	-5.146699	-5.476358
5.910	-5.000000	-5.000000	-5.000000	-5.000000	-5.623812	-4.777305	-5.434161	-5.146437
5.920	-5.000000	-5.000000	-5.000000	-5.000000	-5.639346	-4.777305	-5.434161	-5.146437
5.930	-5.000000	-5.000000	-5.000000	-5.000000	-5.639346	-4.777305	-5.434161	-5.146437
5.940	-5.000000	-5.000000	-5.000000	-5.000000	-5.639346	-4.793627	-5.434161	-5.128108
5.950	-5.000000	-5.000000	-5.000000	-5.000000	-5.623812	-4.793627	-5.434161	-5.146437
5.960	-5.000000	-5.000000	-5.000000	-5.000000	-5.623812	-4.777305	-5.434161	-5.146437
5.970	-5.000000	-5.000000	-5.000000	-5.000000	-5.639346	-4.777305	-5.434161	-5.146437
5.980	-5.000000	-5.000000	-5.000000	-5.000000	-5.623812	-4.793627	-5.434161	-5.146437
5.990	-5.000000	-5.000000	-5.000000	-5.000000	-5.623812	-4.777305	-5.129790	-5.128108
6.000	-5.000000	-5.000000	-5.000000	-5.000000	-5.623812	-4.793627	-5.434161	-5.128108
6.010	-5.000000	-5.000000	-5.000000	-5.000000	-5.639346	-4.793627	-5.129790	-5.146437
6.020	-5.000000	-5.000000	-5.000000	-5.000000	-5.623812	-4.793627	-5.434161	-5.476358
6.030	-5.000000	-5.000000	-5.000000	-5.000000	-5.623812	-4.777305	-5.129790	-5.476358
6.040	-5.000000	-5.000000	-5.000000	-5.000000	-5.623812	-4.793627	-5.451070	-5.146437
6.050	-5.000000	-5.000000	-5.000000	-5.000000	-5.639346	-5.103751	-5.434161	-5.128108
6.060	-5.000000	-5.000000	-5.000000	-5.000000	-5.639346	-4.793627	-5.434161	-5.146437
6.070	-5.000000	-5.000000	-5.000000	-5.000000	-5.623812	-4.793627	-5.129790	-5.146437
6.080	-5.000000	-5.000000	-5.000000	-5.000000	-5.639346	-4.777305	-5.434161	-5.128108
6.090	-5.000000	-5.000000	-5.000000	-5.000000	-5.623812	-4.793627	-5.434161	-5.128108
6.100	-5.000000	-5.000000	-5.000000	-5.000000	-5.623812	-4.793627	-5.434161	-5.128108
6.110	-5.000000	-5.000000	-5.000000	-5.000000	-5.639346	-4.793627	-5.146699	-5.458029
6.120	-5.000000	-5.000000	-5.000000	-5.000000	-5.623812	-4.777305	-5.434161	-5.146437
6.130	-5.000000	-5.000000	-5.000000	-5.000000	-5.623812	-4.793627	-5.434161	-5.109779
6.140	-5.000000	-5.000000	-5.000000	-5.000000	-5.639346	-4.777305	-5.129790	-5.128108
6.150	-5.000000	-5.000000	-5.000000	-5.000000	-5.623812	-4.793627	-5.129790	-5.146437
6.160	-5.000000	-5.000000	-5.000000	-5.000000	-5.639346	-4.793627	-5.129790	-5.128108
6.170	-5.000000	-5.000000	-5.000000	-5.000000	-5.639346	-4.793627	-5.434161	-5.128108
6.180	-5.000000	-5.000000	-5.000000	-5.000000	-5.639346	-4.793627	-5.434161	-5.128108
6.190	-5.000000	-5.000000	-5.000000	-5.000000	-5.639346	-4.809950	-5.434161	-5.128108
6.200	-5.000000	-5.000000	-5.000000	-5.000000	-5.639346	-4.777305	-5.417251	-5.128108
6.210	-5.000000	-5.000000	-5.000000	-5.000000	-5.623812	-4.777305	-5.129790	-5.476358
6.220	-5.000000	-5.000000	-5.000000	-5.000000	-5.639346	-4.793627	-5.129790	-5.128108
6.230	-5.000000	-5.000000	-5.000000	-5.000000	-5.344212	-4.793627	-5.129790	-5.458029
6.240	-5.000000	-5.000000	-5.000000	-5.000000	-5.639346	-4.777305	-5.434161	-5.128108
6.250	-5.000000	-5.000000	-5.000000	-5.000000	-5.918946	-4.793627	-5.129790	-5.128108
6.260	-5.000000	-5.000000	-5.000000	-5.000000	-5.639346	-4.793627	-5.434161	-5.128108
6.270	-5.000000	-5.000000	-5.000000	-5.000000	-5.934479	-4.793627	-5.417251	-5.146437
6.280	-5.000000	-5.000000	-5.000000	-5.000000	-5.623812	-4.777305	-5.417251	-5.128108
6.290	-5.000000	-5.000000	-5.000000	-5.000000	-5.623812	-4.777305	-5.434161	-5.146437
6.300	-5.000000	-5.000000	-5.000000	-5.000000	-5.623812	-4.793627	-5.112880	-5.476358
6.310	-5.000000	-5.000000	-5.000000	-5.000000	-5.639346	-4.809950	-5.417251	-5.146437
6.320	-5.000000	-5.000000	-5.000000	-5.000000	-5.639346	-4.793627	-5.434161	-5.476358
6.330	-5.000000	-5.000000	-5.000000	-5.000000	-5.639346	-4.793627	-5.129790	-5.146437
6.340	-5.000000	-5.000000	-5.000000	-5.000000	-5.639346	-4.777305	-5.129790	-5.128108
6.350	-5.000000	-5.000000	-5.000000	-5.000000	-5.639346	-4.793627	-5.434161	-5.128108
6.360	-5.000000	-5.000000	-5.000000	-5.000000	-5.639346	-4.793627	-5.434161	-5.128108
6.370	-5.000000	-5.000000	-5.000000	-5.000000	-5.623812	-4.777305	-5.129790	-5.128108
6.380	-5.000000	-5.000000	-5.000000	-5.000000	-5.623812	-4.777305	-5.434161	-5.128108
6.390	-5.000000	-5.000000	-5.000000	-5.000000	-5.639346	-4.793627	-5.451070	-5.476358
6.400	-5.000000	-5.000000	-5.000000	-5.000000	-5.639346	-4.793627	-5.112880	-5.128108
6.410	-5.000000	-5.000000	-5.000000	-5.000000	-5.639346	-4.777305	-5.434161	-5.128108
6.420	-5.000000	-5.000000	-5.000000	-5.000000	-5.639346	-4.793627	-5.129790	-5.146437
6.430	-5.000000	-5.000000	-5.000000	-5.000000	-5.623812	-4.777305	-5.434161	-5.476358
6.440	-5.000000	-5.000000	-5.000000	-5.000000	-5.639346	-4.777305	-5.129790	-5.146437
6.450	-5.000000	-5.000000	-5.000000	-5.000000	-5.639346	-4.793627	-5.434161	-5.146437
6.460	-5.000000	-5.000000	-5.000000	-5.000000	-5.918946	-4.793627	-5.417251	-5.476358
6.470	-5.000000	-5.000000	-5.000000	-5.000000	-5.623812	-4.793627	-5.434161	-5.146437
6.480	-5.000000	-5.000000	-5.000000	-5.000000	-5.639346	-5.103751	-5.112880	-5.146437
6.490	-5.000000	-5.000000	-5.000000	-5.000000	-5.623812	-4.793627	-5.434161	-5.146437
6.500	-5.000000	-5.000000	-5.000000	-5.000000	-5.639346	-4.760983	-5.434161	-5.128108
6.510	-5.000000	-5.000000	-5.000000	-5.000000	-5.918946	-4.777305	-5.434161	-5.146437
6.520	-5.000000	-5.000000	-5.000000	-5.000000	-5.623812	-4.777305	-5.417251	-5.146437
6.530	-5.000000	-5.000000	-5.000000	-5.000000	-5.623812	-4.793627	-5.129790	-5.476358
6.540	-5.000000	-5.000000	-5.000000	-5.000000	-5.639346	-4.777305	-5.129790	-5.146437
6.550	-5.000000	-5.000000	-5.000000	-5.000000	-5.623812	-4.777305	-5.434161	-5.146437
6.560	-5.000000	-5.000000	-5.000000	-5.000000	-5.623812	-4.777305	-5.129790	-5.146437
6.570	-5.000000	-5.000000	-5.000000	-5.000000	-5.623812	-4.793627	-5.129790	-5.128108
6.580	-5.000000	-5.000000	-5.000000	-5.000000	-5.639346	-4.809950	-5.129790	-5.494687
6.590	-5.000000	-5.000000	-5.000000	-5.000000	-5.639346	-4.793627	-5.451070	-5.128108
6.600	-5.000000	-5.000000	-5.000000	-5.000000	-5.934479	-4.793627	-5.434161	-5.128108
6.610	-5.000000	-5.000000	-5.000000	-5.000000	-5.623812	-4.793627	-5.451070	-5.494687
6.620	-5.000000	-5.000000	-5.000000	-5.000000	-5.623812	-4.793627	-5.434161	-5.128108
6.630	-5.000000	-5.000000	-5.000000	-5.000000	-5.623812	-4.793627	-5.434161	-5.458029
6.640	-5.000000	-5.000000	-5.000000	-5.000000	-5.639346	-4.793627	-5.434161	-5.128108
6.650	-5.000000	-5.000000	-5.000000	-5.000000	-5.623812	-4.777305	-5.112880	-5.128108
6.660	-5.000000	-5.000000	-5.000000	-5.000000	-5.623812	-4.809950	-5.434161	-5.128108
6.670	-5.000000	-5.000000	-5.000000	-5.000000	-5.623812	-4.777305	-5.434161	-5.109779
6.680	-5.000000	-5.000000	-5.000000	-5.000000	-5.639346	-4.793627	-5.129790	-5.476358
6.690	-5.000000	-5.000000	-5.000000	-5.000000	-5.639346	-4.793627	-5.434161	-5.146437
6.700	-5.000000	-5.000000	-5.000000	-5.000000	-5.654879	-4.793627	-5.112880	-5.458029
6.710	-5.000000	-5.000000	-5.000000	-5.000000	-5.654879	-4.777305	-5.434161	-5.128108
6.720	-5.000000	-5.000000	-5.000000	-5.000000	-5.639346	-4.777305	-5.129790	-5.128108
6.730	-5.000000	-5.000000	-5.000000	-5.000000	-5.623812	-4.793627	-5.434161	-5.128108
6.740	-5.000000	-5.000000	-5.000000	-5.000000	-5.639346	-4.793627	-5.451070	-5.146437
6.750	-5.000000	-5.000000	-5.000000	-5.000000	-5.639346	-4.777305	-5.129790	-5.128108
6.760	-5.000000	-5.000000	-5.000000	-5.000000	-5.639346	-4.777305	-5.112880	-5.476358
6.770	-5.000000	-5.000000	-5.000000	-5.000000	-5.639346	-4.777305	-5.129790	-5.458029
6.780	-5.000000	-5.000000	-5.000000	-5.000000	-5.623812	-4.809950	-5.417251	-5.128108
6.790	-5.000000	-5.000000	-5.000000	-5.000000	-5.623812	-4.793627	-5.417251	-5.128108
6.800	-5.000000	-5.000000	-5.000000	-5.000000	-5.639346	-4.777305	-5.129790	-5.146437
6.810	-5.000000	-5.000000	-5.000000	-5.000000	-5.623812	-4.809950	-5.417251	-5.476358
6.820	-5.000000	-5.000000	-5.000000	-5.000000	-5.623812	-4.777305	-5.112880	-5.146437
6.830	-5.000000	-5.000000	-5.000000	-5.000000	-5.623812	-4.793627	-5.129790	-5.146437
6.840	-5.000000	-5.000000	-5.000000	-5.000000	-5.623812	-4.777305	-5.129790	-5.146437
6.850	-5.000000	-5.000000	-5.000000	-5.000000	-5.623812	-4.793627	-5.417251	-5.128108
6.860	-5.000000	-5.000000	-5.000000	-5.000000	-5.639346	-4.793627	-5.112880	-5.146437
6.870	-5.000000	-5.000000	-5.000000	-5.000000	-5.623812	-4.793627	-5.434161	-5.146437
6.880	-5.000000	-5.000000	-5.000000	-5.000000	-5.639346	-4.793627	-5.095970	-5.164766
6.890	-5.000000	-5.000000	-5.000000	-5.000000	-5.639346	-4.809950	-5.112880	-5.146437
6.900	-5.000000	-5.000000	-5.000000	-5.000000	-5.639346	-4.777305	-5.434161	-5.146437
6.910	-5.000000	-5.000000	-5.000000	-5.000000	-5.639346	-4.793627	-5.129790	-5.128108
6.920	-5.000000	-5.000000	-5.000000	-5.000000	-5.639346	-4.793627	-5.434161	-5.128108
6.930	-5.000000	-5.000000	-5.000000	-5.000000	-5.639346	-4.793627	-5.434161	-5.476358
6.940	-5.000000	-5.000000	-5.000000	-5.000000	-5.639346	-4.793627	-5.434161	-5.128108
6.950	-5.000000	-5.000000	-5.000000	-5.000000	-5.639346	-4.793627	-5.129790	-5.128108
6.960	-5.000000	-5.000000	-5.000000	-5.000000	-5.639346	-4.793627	-5.112880	-5.146437
6.970	-5.000000	-5.000000	-5.000000	-5.000000	-5.623812	-4.777305	-5.434161	-5.476358
6.980	-5.000000	-5.000000	-5.000000	-5.000000	-5.654879	-4.793627	-5.451070	-5.128108
6.990	-5.000000	-5.000000	-5.000000	-5.000000	-5.623812	-4.793627	-5.434161	-5.494687
7.000	-5.000000	-5.000000	-5.000000	-5.000000	-5.623812	-4.793627	-5.129790	-5.128108
7.010	-5.000000	-5.000000	-5.000000	-5.000000	-5.639346	-4.777305	-5.434161	-5.458029
7.020	-5.000000	-5.000000	-5.000000	-5.000000	-5.623812	-4.793627	-5.434161	-5.476358
7.030	-5.000000	-5.000000	-5.000000	-5.000000	-5.623812	-4.793627	-5.434161	-5.146437
7.040	-5.000000	-5.000000	-5.000000	-5.000000	-5.639346	-4.777305	-5.417251	-5.128108
7.050	-5.000000	-5.000000	-5.000000	-5.000000	-5.639346	-4.793627	-5.434161	-5.128108
7.060	-5.000000	-5.000000	-5.000000	-5.000000	-5.639346	-4.793627	-5.434161	-5.146437
7.070	-5.000000	-5.000000	-5.000000	-5.000000	-5.623812	-4.777305	-5.434161	-5.128108
7.080	-5.000000	-5.000000	-5.000000	-5.000000	-5.623812	-4.793627	-5.112880	-5.146437
7.090	-5.000000	-5.000000	-5.000000	-5.000000	-5.623812	-4.777305	-5.434161	-5.146437
7.100	-5.000000	-5.000000	-5.000000	-5.000000	-5.639346	-4.777305	-5.434161	-5.128108
7.110	-5.000000	-5.000000	-5.000000	-5.000000	-5.639346	-4.793627	-5.451070	-5.128108
7.120	-5.000000	-5.000000	-5.000000	-5.000000	-5.639346	-4.793627	-5.129790	-5.128108
7.130	-5.000000	-5.000000	-5.000000	-5.000000	-5.639346	-4.793627	-5.434161	-5.128108
7.140	-5.000000	-5.000000	-5.000000	-5.000000	-5.639346	-5.087428	-5.129790	-5.128108
7.150	-5.000000	-5.000000	-5.000000	-5.000000	-5.623812	-4.793627	-5.417251	-5.146437
7.160	-5.000000	-5.000000	-5.000000	-5.000000	-5.623812	-4.809950	-5.434161	-5.458029
7.170	-5.000000	-5.000000	-5.000000	-5.000000	-5.608279	-4.793627	-5.451070	-5.109779
7.180	-5.000000	-5.000000	-5.000000	-5.000000	-5.639346	-4.483504	-5.434161	-5.458029
7.190	-5.000000	-5.000000	-5.000000	-5.000000	-5.639346	-4.793627	-5.129790	-5.128108
7.200	-5.000000	-5.000000	-5.000000	-5.000000	-5.623812	-4.777305	-5.434161	-5.476358
7.210	-5.000000	-5.000000	-5.000000	-5.000000	-5.639346	-4.793627	-5.129790	-5.128108
7.220	-5.000000	-5.000000	-5.000000	-5.000000	-5.623812	-4.777305	-5.434161	-5.128108
7.230	-5.000000	-5.000000	-5.000000	-5.000000	-5.623812	-4.793627	-5.434161	-5.128108
7.240	-5.000000	-5.000000	-5.000000	-5.000000	-5.639346	-4.777305	-5.451070	-5.128108
7.250	-5.000000	-5.000000	-5.000000	-5.000000	-5.623812	-4.793627	-5.451070	-5.476358
7.260	-5.000000	-5.000000	-5.000000	-5.000000	-5.639346	-4.793627	-5.434161	-5.128108
7.270	-5.000000	-5.000000	-5.000000	-5.000000	-5.623812	-4.793627	-5.112880	-5.128108
7.280	-5.000000	-5.000000	-5.000000	-5.000000	-5.639346	-4.777305	-5.451070	-5.128108
7.290	-5.000000	-5.000000	-5.000000	-5.000000	-5.639346	-4.793627	-5.129790	-5.458029
7.300	-5.000000	-5.000000	-5.000000	-5.000000	-5.639346	-4.777305	-5.434161	-5.128108
7.310	-5.000000	-5.000000	-5.000000	-5.000000	-5.639346	-4.777305	-5.129790	-5.128108
7.320	-5.000000	-5.000000	-5.000000	-5.000000	-5.639346	-4.793627	-5.451070	-5.128108
7.330	-5.000000	-5.000000	-5.000000	-5.000000	-5.639346	-4.793627	-5.129790	-5.146437
7.340	-5.000000	-5.000000	-5.000000	-5.000000	-5.639346	-4.793627	-5.434161	-5.146437
7.350	-5.000000	-5.000000	-5.000000	-5.000000	-5.623812	-4.793627	-5.451070	-5.146437
7.360	-5.000000	-5.000000	-5.000000	-5.000000	-5.623812	-4.777305	-5.146699	-5.128108
7.370	-5.000000	-5.000000	-5.000000	-5.000000	-5.639346	-4.793627	-5.129790	-5.128108
7.380	-5.000000	-5.000000	-5.000000	-5.000000	-5.623812	-4.777305	-5.129790	-5.128108
7.390	-5.000000	-5.000000	-5.000000	-5.000000	-5.639346	-4.793627	-5.129790	-5.494687
7.400	-5.000000	-5.000000	-5.000000	-5.000000	-5.639346	-4.777305	-5.434161	-5.128108
7.410	-5.000000	-5.000000	-5.000000	-5.000000	-5.934479	-4.793627	-5.434161	-5.128108
7.420	-5.000000	-5.000000	-5.000000	-5.000000	-5.639346	-4.809950	-5.451070	-5.128108
7.430	-5.000000	-5.000000	-5.000000	-5.000000	-5.639346	-4.809950	-5.112880	-5.146437
7.440	-5.000000	-5.000000	-5.000000	-5.000000	-5.639346	-4.777305	-5.146699	-5.476358
7.450	-5.000000	-5.000000	-5.000000	-5.000000	-5.639346	-4.793627	-5.112880	-5.476358
7.460	-5.000000	-5.000000	-5.000000	-5.000000	-5.639346	-4.793627	-5.129790	-5.458029
7.470	-5.000000	-5.000000	-5.000000	-5.000000	-5.639346	-4.793627	-5.129790	-5.458029
7.480	-5.000000	-5.000000	-5.000000	-5.000000	-5.623812	-4.793627	-5.129790	-5.146437
7.490	-5.000000	-5.000000	-5.000000	-5.000000	-5.639346	-4.483504	-5.112880	-5.109779
7.500	-5.000000	-5.000000	-5.000000	-5.000000	-5.623812	-4.793627	-5.129790	-5.146437
7.510	-5.000000	-5.000000	-5.000000	-5.000000	-5.639346	-4.793627	-5.434161	-5.128108
7.520	-5.000000	-5.000000	-5.000000	-5.000000	-5.639346	-4.793627	-5.434161	-5.128108
7.530	-5.000000	-5.000000	-5.000000	-5.000000	-5.623812	-4.793627	-5.434161	-5.146437
7.540	-5.000000	-5.000000	-5.000000	-5.000000	-5.639346	-4.793627	-5.434161	-5.146437
7.550	-5.000000	-5.000000	-5.000000	-5.000000	-5.623812	-4.777305	-5.129790	-5.146437
7.560	-5.000000	-5.000000	-5.000000	-5.000000	-5.654879	-4.777305	-5.112880	-5.146437
7.570	-5.000000	-5.000000	-5.000000	-5.000000	-5.639346	-4.777305	-5.129790	-5.494687
7.580	-5.000000	-5.000000	-5.000000	-5.000000	-5.639346	-4.777305	-5.434161	-5.128108
7.590	-5.000000	-5.000000	-5.000000	-5.000000	-5.639346	-4.809950	-5.451070	-5.128108
7.600	-5.000000	-5.000000	-5.000000	-5.000000	-5.639346	-4.793627	-5.434161	-5.128108
7.610	-5.000000	-5.000000	-5.000000	-5.000000	-5.623812	-4.793627	-5.129790	-5.146437
7.620	-5.000000	-5.000000	-5.000000	-5.000000	-5.623812	-4.793627	-5.129790	-5.476358
7.630	-5.000000	-5.000000	-5.000000	-5.000000	-5.639346	-4.777305	-5.417251	-5.146437
7.640	-5.000000	-5.000000	-5.000000	-5.000000	-5.639346	-4.793627	-5.417251	-5.128108
7.650	-5.000000	-5.000000	-5.000000	-5.000000	-5.918946	-4.793627	-5.451070	-5.476358
7.660	-5.000000	-5.000000	-5.000000	-5.000000	-5.623812	-5.103751	-5.146699	-5.476358
7.670	-5.000000	-5.000000	-5.000000	-5.000000	-5.623812	-4.793627	-5.434161	-5.128108
7.680	-5.000000	-5.000000	-5.000000	-5.000000	-5.623812	-4.793627	-5.112880	-5.476358
7.690	-5.000000	-5.000000	-5.000000	-5.000000	-5.623812	-4.777305	-5.434161	-5.128108
7.700	-5.000000	-5.000000	-5.000000	-5.000000	-5.639346	-4.777305	-5.129790	-5.128108
7.710	-5.000000	-5.000000	-5.000000	-5.000000	-5.623812	-5.103751	-5.129790	-5.146437
7.720	-5.000000	-5.000000	-5.000000	-5.000000	-5.639346	-4.793627	-5.129790	-5.128108
7.730	-5.000000	-5.000000	-5.000000	-5.000000	-5.639346	-4.809950	-5.112880	-5.128108
7.740	-5.000000	-5.000000	-5.000000	-5.000000	-5.639346	-4.777305	-5.112880	-5.476358
7.750	-5.000000	-5.000000	-5.000000	-5.000000	-5.639346	-4.809950	-5.129790	-5.128108
7.760	-5.000000	-5.000000	-5.000000	-5.000000	-5.639346	-4.793627	-5.417251	-5.128108
7.770	-5.000000	-5.000000	-5.000000	-5.000000	-5.623812	-4.777305	-5.417251	-5.128108
7.780	-5.000000	-5.000000	-5.000000	-5.000000	-5.639346	-4.777305	-5.129790	-5.146437
7.790	-5.000000	-5.000000	-5.000000	-5.000000	-5.639346	-4.793627	-5.129790	-5.128108
7.800	-5.000000	-5.000000	-5.000000	-5.000000	-5.639346	-4.793627	-5.434161	-5.146437
7.810	-5.000000	-5.000000	-5.000000	-5.000000	-5.623812	-4.793627	-5.112880	-5.146437
7.820	-5.000000	-5.000000	-5.000000	-5.000000	-5.639346	-4.777305	-5.434161	-5.476358
7.830	-5.000000	-5.000000	-5.000000	-5.000000	-5.623812	-4.793627	-5.434161	-4.798187
7.840	-5.000000	-5.000000	-5.000000	-5.000000	-5.639346	-4.777305	-5.434161	-5.476358
7.850	-5.000000	-5.000000	-5.000000	-5.000000	-5.654879	-4.777305	-5.112880	-5.146437
7.860	-5.000000	-5.000000	-5.000000	-5.000000	-5.639346	-4.777305	-5.434161	-5.109779
7.870	-5.000000	-5.000000	-5.000000	-5.000000	-5.639346	-5.103751	-5.451070	-5.476358
7.880	-5.000000	-5.000000	-5.000000	-5.000000	-5.623812	-4.777305	-5.129790	-5.128108
7.890	-5.000000	-5.000000	-5.000000	-5.000000	-5.639346	-4.793627	-5.112880	-5.146437
7.900	-5.000000	-5.000000	-5.000000	-5.000000	-5.639346	-4.793627	-5.112880	-5.458029
7.910	-5.000000	-5.000000	-5.000000	-5.000000	-5.639346	-4.793627	-5.434161	-5.476358
7.920	-5.000000	-5.000000	-5.000000	-5.000000	-5.623812	-4.777305	-5.112880	-5.146437
7.930	-5.000000	-5.000000	-5.000000	-5.000000	-5.623812	-4.793627	-5.417251	-4.779858
7.940	-5.000000	-5.000000	-5.000000	-5.000000	-5.623812	-4.777305	-5.434161	-5.476358
7.950	-5.000000	-5.000000	-5.000000	-5.000000	-5.639346	-4.793627	-5.112880	-5.146437
7.960	-5.000000	-5.000000	-5.000000	-5.000000	-5.639346	-4.793627	-5.434161	-5.476358
7.970	-5.000000	-5.000000	-5.000000	-5.000000	-5.623812	-4.777305	-5.451070	-5.128108
7.980	-5.000000	-5.000000	-5.000000	-5.000000	-5.639346	-4.777305	-5.434161	-5.128108
7.990	-5.000000	-5.000000	-5.000000	-5.000000	-5.639346	-4.793627	-5.129790	-5.128108
8.000	-5.000000	-5.000000	-5.000000	-5.000000	-5.623812	-5.103751	-5.434161	-5.146437
8.010	-5.000000	-5.000000	-5.000000	-5.000000	-5.639346	-4.793627	-5.434161	-5.146437
8.020	-5.000000	-5.000000	-5.000000	-5.000000	-5.639346	-4.793627	-5.129790	-5.146437
8.030	-5.000000	-5.000000	-5.000000	-5.000000	-5.639346	-4.777305	-5.434161	-5.146437
8.040	-5.000000	-5.000000	-5.000000	-5.000000	-5.639346	-4.793627	-5.417251	-5.146437
8.050	-5.000000	-5.000000	-5.000000	-5.000000	-5.639346	-4.777305	-5.417251	-5.146437
8.060	-5.000000	-5.000000	-5.000000	-5.000000	-5.623812	-4.809950	-5.129790	-5.146437
8.070	-5.000000	-5.000000	-5.000000	-5.000000	-5.639346	-4.793627	-5.451070	-5.128108
8.080	-5.000000	-5.000000	-5.000000	-5.000000	-5.639346	-4.809950	-5.417251	-5.146437
8.090	-5.000000	-5.000000	-5.000000	-5.000000	-5.639346	-4.793627	-5.434161	-5.146437
8.100	-5.000000	-5.000000	-5.000000	-5.000000	-5.623812	-4.793627	-5.434161	-5.476358
8.110	-5.000000	-5.000000	-5.000000	-5.000000	-5.639346	-4.793627	-5.112880	-5.128108
8.120	-5.000000	-5.000000	-5.000000	-5.000000	-5.623812	-4.777305	-5.417251	-5.128108
8.130	-5.000000	-5.000000	-5.000000	-5.000000	-5.639346	-4.793627	-5.417251	-5.476358
8.140	-5.000000	-5.000000	-5.000000	-5.000000	-5.623812	-4.793627	-5.434161	-5.128108
8.150	-5.000000	-5.000000	-5.000000	-5.000000	-5.639346	-4.777305	-5.451070	-5.146437
8.160	-5.000000	-5.000000	-5.000000	-5.000000	-5.623812	-4.777305	-5.129790	-5.128108
8.170	-5.000000	-5.000000	-5.000000	-5.000000	-5.639346	-4.777305	-5.112880	-5.494687
8.180	-5.000000	-5.000000	-5.000000	-5.000000	-5.623812	-4.793627	-5.129790	-5.146437
8.190	-5.000000	-5.000000	-5.000000	-5.000000	-5.623812	-4.809950	-5.434161	-5.476358
8.200	-5.000000	-5.000000	-5.000000	-5.000000	-5.623812	-4.793627	-5.112880	-5.476358
8.210	-5.000000	-5.000000	-5.000000	-5.000000	-5.639346	-4.793627	-5.112880	-5.109779
8.220	-5.000000	-5.000000	-5.000000	-5.000000	-5.639346	-4.809950	-5.434161	-5.128108
8.230	-5.000000	-5.000000	-5.000000	-5.000000	-5.639346	-4.777305	-5.129790	-5.146437
8.240	-5.000000	-5.000000	-5.000000	-5.000000	-5.639346	-4.777305	-5.417251	-5.128108
8.250	-5.000000	-5.000000	-5.000000	-5.000000	-5.623812	-4.793627	-5.112880	-5.146437
8.260	-5.000000	-5.000000	-5.000000	-5.000000	-5.639346	-4.793627	-5.434161	-5.439700
8.270	-5.000000	-5.000000	-5.000000	-5.000000	-5.639346	-4.777305	-5.129790	-5.128108
8.280	-5.000000	-5.000000	-5.000000	-5.000000	-5.623812	-4.793627	-5.434161	-5.146437
8.290	-5.000000	-5.000000	-5.000000	-5.000000	-5.623812	-4.793627	-5.434161	-5.146437
8.300	-5.000000	-5.000000	-5.000000	-5.000000	-5.639346	-4.793627	-5.129790	-5.128108
8.310	-5.000000	-5.000000	-5.000000	-5.000000	-5.639346	-4.793627	-5.129790	-5.146437
8.320	-5.000000	-5.000000	-5.000000	-5.000000	-5.623812	-4.793627	-5.112880	-5.128108
8.330	-5.000000	-5.000000	-5.000000	-5.000000	-5.639346	-4.777305	-5.434161	-5.128108
8.340	-5.000000	-5.000000	-5.000000	-5.000000	-5.639346	-4.777305	-5.417251	-5.128108
8.350	-5.000000	-5.000000	-5.000000	-5.000000	-5.639346	-4.793627	-5.146699	-5.146437
8.360	-5.000000	-5.000000	-5.000000	-5.000000	-5.639346	-4.793627	-5.112880	-5.128108
8.370	-5.000000	-5.000000	-5.000000	-5.000000	-5.639346	-4.777305	-5.434161	-5.146437
8.380	-5.000000	-5.000000	-5.000000	-5.000000	-5.623812	-4.793627	-5.129790	-5.128108
8.390	-5.000000	-5.000000	-5.000000	-5.000000	-5.639346	-4.793627	-5.146699	-5.146437
8.400	-5.000000	-5.000000	-5.000000	-5.000000	-5.639346	-4.793627	-5.451070	-5.146437
8.410	-5.000000	-5.000000	-5.000000	-5.000000	-5.639346	-4.793627	-5.129790	-5.146437
8.420	-5.000000	-5.000000	-5.000000	-5.000000	-5.918946	-4.793627	-5.129790	-5.146437
8.430	-5.000000	-5.000000	-5.000000	-5.000000	-5.623812	-4.793627	-5.451070	-5.128108
8.440	-5.000000	-5.000000	-5.000000	-5.000000	-5.623812	-4.809950	-5.129790	-5.128108
8.450	-5.000000	-5.000000	-5.000000	-5.000000	-5.639346	-4.793627	-5.434161	-5.476358
8.460	-5.000000	-5.000000	-5.000000	-5.000000	-5.639346	-4.793627	-5.451070	-5.128108
8.470	-5.000000	-5.000000	-5.000000	-5.000000	-5.623812	-4.793627	-5.434161	-5.494687
8.480	-5.000000	-5.000000	-5.000000	-5.000000	-5.623812	-4.793627	-5.451070	-4.798187
8.490	-5.000000	-5.000000	-5.000000	-5.000000	-5.639346	-4.777305	-5.451070	-5.128108
8.500	-5.000000	-5.000000	-5.000000	-5.000000	-5.623812	-4.793627	-5.146699	-5.146437
8.510	-5.000000	-5.000000	-5.000000	-5.000000	-5.639346	-4.777305	-5.146699	-4.798187
8.520	-5.000000	-5.000000	-5.000000	-5.000000	-5.639346	-4.777305	-5.467980	-5.146437
8.530	-5.000000	-5.000000	-5.000000	-5.000000	-5.654879	-4.793627	-5.451070	-5.476358
8.540	-5.000000	-5.000000	-5.000000	-5.000000	-5.918946	-4.793627	-5.451070	-5.476358
8.550	-5.000000	-5.000000	-5.000000	-5.000000	-5.639346	-4.777305	-5.129790	-5.146437
8.560	-5.000000	-5.000000	-5.000000	-5.000000	-5.623812	-4.777305	-5.112880	-5.146437
8.570	-5.000000	-5.000000	-5.000000	-5.000000	-5.639346	-4.777305	-5.146699	-5.146437
8.580	-5.000000	-5.000000	-5.000000	-5.000000	-5.639346	-4.793627	-5.129790	-4.798187
8.590	-5.000000	-5.000000	-5.000000	-5.000000	-5.639346	-4.777305	-5.434161	-5.146437
8.600	-5.000000	-5.000000	-5.000000	-5.000000	-5.623812	-4.483504	-5.146699	-5.128108
8.610	-5.000000	-5.000000	-5.000000	-5.000000	-5.639346	-4.793627	-5.129790	-5.146437
8.620	-5.000000	-5.000000	-5.000000	-5.000000	-5.639346	-4.777305	-5.451070	-5.146437
8.630	-5.000000	-5.000000	-5.000000	-5.000000	-5.639346	-4.793627	-5.451070	-5.128108
8.640	-5.000000	-5.000000	-5.000000	-5.000000	-5.623812	-4.793627	-5.451070	-5.476358
8.650	-5.000000	-5.000000	-5.000000	-5.000000	-5.639346	-4.777305	-5.129790	-5.146437
8.660	-5.000000	-5.000000	-5.000000	-5.000000	-5.623812	-4.793627	-5.129790	-5.146437
8.670	-5.000000	-5.000000	-5.000000	-5.000000	-5.623812	-4.793627	-5.146699	-5.146437
8.680	-5.000000	-5.000000	-5.000000	-5.000000	-5.623812	-4.777305	-5.451070	-5.146437
8.690	-5.000000	-5.000000	-5.000000	-5.000000	-5.623812	-4.809950	-5.129790	-5.128108
8.700	-5.000000	-5.000000	-5.000000	-5.000000	-5.639346	-4.793627	-5.434161	-5.128108
8.710	-5.000000	-5.000000	-5.000000	-5.000000	-5.639346	-4.793627	-5.129790	-5.128108
8.720	-5.000000	-5.000000	-5.000000	-5.000000	-5.639346	-4.793627	-5.129790	-5.146437
8.730	-5.000000	-5.000000	-5.000000	-5.000000	-5.639346	-4.777305	-5.434161	-5.128108
8.740	-5.000000	-5.000000	-5.000000	-5.000000	-5.639346	-4.793627	-5.146699	-5.146437
8.750	-5.000000	-5.000000	-5.000000	-5.000000	-5.623812	-4.793627	-5.146699	-5.146437
8.760	-5.000000	-5.000000	-5.000000	-5.000000	-5.623812	-5.087428	-5.434161	-5.476358
8.770	-5.000000	-5.000000	-5.000000	-5.000000	-5.934479	-4.777305	-5.146699	-5.128108
8.780	-5.000000	-5.000000	-5.000000	-5.000000	-5.623812	-4.793627	-5.434161	-5.146437
8.790	-5.000000	-5.000000	-5.000000	-5.000000	-5.639346	-4.777305	-5.434161	-5.146437
8.800	-5.000000	-5.000000	-5.000000	-5.000000	-5.608279	-4.777305	-5.451070	-5.146437
8.810	-5.000000	-5.000000	-5.000000	-5.000000	-5.639346	-4.777305	-5.129790	-5.128108
8.820	-5.000000	-5.000000	-5.000000	-5.000000	-5.639346	-4.777305	-5.451070	-5.128108
8.830	-5.000000	-5.000000	-5.000000	-5.000000	-5.623812	-4.777305	-5.434161	-5.146437
8.840	-5.000000	-5.000000	-5.000000	-5.000000	-5.623812	-4.483504	-5.112880	-5.146437
8.850	-5.000000	-5.000000	-5.000000	-5.000000	-5.623812	-4.793627	-5.434161	-5.146437
8.860	-5.000000	-5.000000	-5.000000	-5.000000	-5.623812	-4.777305	-5.129790	-5.146437
8.870	-5.000000	-5.000000	-5.000000	-5.000000	-5.623812	-4.777305	-5.451070	-5.146437
8.880	-5.000000	-5.000000	-5.000000	-5.000000	-5.623812	-4.809950	-5.146699	-5.476358
8.890	-5.000000	-5.000000	-5.000000	-5.000000	-5.639346	-4.793627	-5.129790	-5.146437
8.900	-5.000000	-5.000000	-5.000000	-5.000000	-5.639346	-4.793627	-5.451070	-5.164766
8.910	-5.000000	-5.000000	-5.000000	-5.000000	-5.639346	-4.793627	-5.146699	-5.146437
8.920	-5.000000	-5.000000	-5.000000	-5.000000	-5.639346	-4.809950	-5.451070	-5.476358
8.930	-5.000000	-5.000000	-5.000000	-5.000000	-5.623812	-4.793627	-5.451070	-5.476358
8.940	-5.000000	-5.000000	-5.000000	-5.000000	-5.639346	-5.103751	-5.434161	-5.128108
8.950	-5.000000	-5.000000	-5.000000	-5.000000	-5.623812	-5.103751	-5.451070	-5.476358
8.960	-5.000000	-5.000000	-5.000000	-5.000000	-5.623812	-4.793627	-5.146699	-5.146437
8.970	-5.000000	-5.000000	-5.000000	-5.000000	-5.623812	-4.793627	-5.434161	-5.146437
8.980	-5.000000	-5.000000	-5.000000	-5.000000	-5.639346	-4.793627	-5.451070	-5.146437
8.990	-5.000000	-5.000000	-5.000000	-5.000000	-5.639346	-4.777305	-5.129790	-5.494687
9.000	-5.000000	-5.000000	-5.000000	-5.000000	-5.639346	-4.793627	-5.434161	-5.146437
9.010	-5.000000	-5.000000	-5.000000	-5.000000	-5.639346	-4.777305	-5.434161	-5.146437
9.020	-5.000000	-5.000000	-5.000000	-5.000000	-5.639346	-4.777305	-5.451070	-5.146437
9.030	-5.000000	-5.000000	-5.000000	-5.000000	-5.623812	-4.793627	-5.451070	-5.128108
9.040	-5.000000	-5.000000	-5.000000	-5.000000	-5.639346	-4.777305	-5.451070	-5.128108
9.050	-5.000000	-5.000000	-5.000000	-5.000000	-5.639346	-4.483504	-5.129790	-5.146437
