Time(s)	Delta1C(deg)	Delta2C(deg)	Delta3C(deg)	Delta4C(deg)	Delta1(deg)	Delta2(deg)	Delta3(deg)	Delta4(deg)
0.000	0.000000	0.000000	0.000000	0.000000	-1.588780	-0.243532	0.158931	-0.201911
0.010	0.000000	0.000000	0.000000	0.000000	-1.588780	-0.243532	0.158931	-0.201911
0.020	0.000000	0.000000	0.000000	0.000000	7.812526	9.080309	9.767494	10.543141
0.030	0.000000	0.000000	0.000000	0.000000	7.532926	9.390432	9.141842	10.194891
0.040	0.000000	0.000000	0.000000	0.000000	6.663059	8.443740	8.516190	8.508628
0.050	0.000000	0.000000	0.000000	0.000000	4.907791	6.615645	6.977424	7.133957
0.060	0.000000	0.000000	0.000000	0.000000	3.136991	4.754905	5.117377	5.099444
0.070	0.000000	0.000000	0.000000	0.000000	1.692390	2.894166	2.919140	3.046602
0.080	0.000000	0.000000	0.000000	0.000000	0.511857	1.376194	1.380374	1.012089
0.090	0.000000	0.000000	0.000000	0.000000	-0.078410	-0.190745	0.145979	-0.692503
0.100	0.000000	0.000000	0.000000	0.000000	-0.948277	-0.174423	-0.175301	-0.674174
0.110	0.000000	0.000000	0.000000	0.000000	-1.243411	-0.174423	-0.462763	-0.362582
0.120	0.000000	0.000000	0.000000	0.000000	-0.948277	-0.174423	-0.158392	-0.362582
0.130	0.000000	0.000000	0.000000	0.000000	-1.243411	-0.174423	-0.158392	-0.362582
0.140	0.000000	0.000000	0.000000	0.000000	-1.227877	-0.174423	-0.158392	-0.362582
0.150	0.000000	0.000000	0.000000	0.000000	-0.948277	-0.158100	-0.158392	-0.362582
0.160	0.000000	0.000000	0.000000	0.000000	-1.243411	-0.174423	-0.175301	-0.032661
0.170	0.000000	0.000000	0.000000	0.000000	-0.948277	-0.158100	-0.158392	-0.362582
0.180	0.000000	0.000000	0.000000	0.000000	-0.948277	-0.158100	-0.175301	-0.014332
0.190	0.000000	0.000000	0.000000	0.000000	-1.243411	-0.174423	-0.175301	-0.014332
0.200	0.000000	0.000000	0.000000	0.000000	-0.948277	-0.158100	-0.175301	-0.362582
0.210	0.000000	0.000000	0.000000	0.000000	-1.258944	-0.158100	-0.158392	0.003997
0.220	0.000000	0.000000	0.000000	0.000000	-0.948277	-0.174423	-0.175301	-0.380911
0.230	0.000000	0.000000	0.000000	0.000000	-0.948277	-0.158100	-0.175301	-0.362582
0.240	0.000000	0.000000	0.000000	0.000000	-0.948277	-0.158100	-0.175301	-0.380911
0.250	0.000000	0.000000	0.000000	0.000000	-1.243411	-0.174423	-0.175301	-0.362582
0.260	0.000000	0.000000	0.000000	0.000000	-0.948277	-0.158100	-0.175301	-0.362582
0.270	0.000000	0.000000	0.000000	0.000000	-0.963811	-0.174423	0.129070	-0.032661
0.280	0.000000	0.000000	0.000000	0.000000	-0.963811	-0.174423	-0.175301	-0.362582
0.290	0.000000	0.000000	0.000000	0.000000	-0.963811	-0.174423	-0.175301	-0.362582
0.300	0.000000	0.000000	0.000000	0.000000	-0.948277	-0.174423	-0.175301	-0.362582
0.310	0.000000	0.000000	0.000000	0.000000	-1.243411	-0.174423	-0.175301	-0.362582
0.320	0.000000	0.000000	0.000000	0.000000	-0.963811	-0.158100	-0.175301	-0.344253
0.330	0.000000	0.000000	0.000000	0.000000	-0.963811	-0.174423	-0.175301	-0.362582
0.340	0.000000	0.000000	0.000000	0.000000	-0.963811	-0.158100	-0.192211	-0.014332
0.350	0.000000	0.000000	0.000000	0.000000	-0.948277	-0.174423	-0.479673	-0.380911
0.360	0.000000	0.000000	0.000000	0.000000	-0.963811	-0.174423	-0.175301	-0.362582
0.370	0.000000	0.000000	0.000000	0.000000	-0.948277	-0.174423	-0.175301	-0.344253
0.380	0.000000	0.000000	0.000000	0.000000	-0.963811	-0.158100	0.129070	-0.014332
0.390	0.000000	0.000000	0.000000	0.000000	-0.963811	-0.174423	-0.479673	-0.362582
0.400	0.000000	0.000000	0.000000	0.000000	-1.243411	-0.190745	-0.175301	-0.380911
0.410	0.000000	0.000000	0.000000	0.000000	-0.948277	-0.174423	0.145979	-0.362582
0.420	0.000000	0.000000	0.000000	0.000000	-0.932744	-0.174423	-0.158392	-0.014332
0.430	0.000000	0.000000	0.000000	0.000000	-0.948277	-0.174423	-0.175301	-0.032661
0.440	0.000000	0.000000	0.000000	0.000000	-0.948277	-0.174423	-0.158392	-0.014332
0.450	0.000000	0.000000	0.000000	0.000000	-0.948277	-0.174423	-0.175301	-0.032661
0.460	0.000000	0.000000	0.000000	0.000000	-1.243411	-0.174423	0.145979	-0.362582
0.470	0.000000	0.000000	0.000000	0.000000	-1.243411	-0.174423	-0.158392	-0.362582
0.480	0.000000	0.000000	0.000000	0.000000	-0.948277	-0.174423	-0.158392	-0.344253
0.490	0.000000	0.000000	0.000000	0.000000	-0.932744	-0.174423	-0.158392	-0.362582
0.500	0.000000	0.000000	0.000000	0.000000	-0.948277	-0.174423	-0.175301	-0.344253
0.510	0.000000	0.000000	0.000000	0.000000	-0.948277	-0.158100	-0.175301	-0.014332
0.520	0.000000	0.000000	0.000000	0.000000	-0.948277	0.135701	-0.158392	-0.344253
0.530	0.000000	0.000000	0.000000	0.000000	-1.243411	-0.158100	0.145979	-0.014332
0.540	0.000000	0.000000	0.000000	0.000000	-0.948277	-0.174423	-0.462763	-0.362582
0.550	0.000000	0.000000	0.000000	0.000000	-0.932744	-0.174423	-0.158392	-0.362582
0.560	0.000000	0.000000	0.000000	0.000000	-1.227877	-0.174423	-0.158392	-0.362582
0.570	0.000000	0.000000	0.000000	0.000000	-0.948277	-0.174423	-0.158392	-0.362582
0.580	0.000000	0.000000	0.000000	0.000000	-0.948277	0.135701	-0.158392	-0.362582
0.590	0.000000	0.000000	0.000000	0.000000	-0.948277	-0.190745	0.145979	-0.362582
0.600	0.000000	0.000000	0.000000	0.000000	-0.932744	-0.158100	-0.175301	-0.032661
0.610	0.000000	0.000000	0.000000	0.000000	-1.227877	-0.158100	-0.158392	-0.014332
0.620	0.000000	0.000000	0.000000	0.000000	-1.243411	-0.174423	-0.158392	-0.362582
0.630	0.000000	0.000000	0.000000	0.000000	-0.948277	-0.158100	-0.158392	-0.014332
0.640	0.000000	0.000000	0.000000	0.000000	-0.932744	0.135701	-0.158392	-0.032661
0.650	0.000000	0.000000	0.000000	0.000000	-0.948277	-0.158100	-0.175301	-0.362582
0.660	0.000000	0.000000	0.000000	0.000000	-0.948277	-0.158100	-0.158392	-0.014332
0.670	0.000000	0.000000	0.000000	0.000000	-0.932744	-0.190745	-0.175301	-0.032661
0.680	0.000000	0.000000	0.000000	0.000000	-0.948277	0.152023	-0.158392	-0.014332
0.690	0.000000	0.000000	0.000000	0.000000	-1.243411	-0.174423	-0.158392	-0.362582
0.700	0.000000	0.000000	0.000000	0.000000	-0.932744	-0.174423	-0.175301	-0.362582
0.710	0.000000	0.000000	0.000000	0.000000	-0.948277	-0.174423	-0.158392	-0.032661
0.720	0.000000	0.000000	0.000000	0.000000	-0.948277	-0.174423	-0.158392	-0.362582
0.730	0.000000	0.000000	0.000000	0.000000	-1.243411	-0.158100	-0.158392	-0.032661
0.740	0.000000	0.000000	0.000000	0.000000	-0.948277	-0.158100	-0.158392	-0.014332
0.750	0.000000	0.000000	0.000000	0.000000	-0.948277	-0.141778	-0.158392	-0.032661
0.760	0.000000	0.000000	0.000000	0.000000	-0.948277	-0.174423	0.145979	-0.344253
0.770	0.000000	0.000000	0.000000	0.000000	-0.948277	0.119378	-0.175301	-0.014332
0.780	0.000000	0.000000	0.000000	0.000000	-1.227877	-0.174423	-0.158392	-0.362582
0.790	0.000000	0.000000	0.000000	0.000000	-0.948277	-0.158100	0.145979	-0.362582
0.800	0.000000	0.000000	0.000000	0.000000	-0.948277	-0.158100	-0.158392	-0.362582
0.810	0.000000	0.000000	0.000000	0.000000	-1.243411	0.135701	-0.158392	-0.362582
0.820	0.000000	0.000000	0.000000	0.000000	-0.948277	-0.174423	-0.158392	-0.362582
0.830	0.000000	0.000000	0.000000	0.000000	-1.243411	-0.174423	-0.158392	-0.362582
0.840	0.000000	0.000000	0.000000	0.000000	-1.243411	0.152023	-0.158392	-0.032661
0.850	0.000000	0.000000	0.000000	0.000000	-0.948277	-0.158100	-0.175301	-0.362582
0.860	0.000000	0.000000	0.000000	0.000000	-0.932744	-0.158100	-0.175301	-0.362582
0.870	0.000000	0.000000	0.000000	0.000000	-0.948277	-0.174423	-0.479673	-0.362582
0.880	0.000000	0.000000	0.000000	0.000000	-0.948277	-0.174423	-0.175301	-0.344253
0.890	0.000000	0.000000	0.000000	0.000000	-1.243411	-0.158100	-0.175301	-0.032661
0.900	0.000000	0.000000	0.000000	0.000000	-0.948277	-0.158100	-0.175301	-0.014332
0.910	0.000000	0.000000	0.000000	0.000000	-0.948277	-0.174423	-0.158392	-0.362582
0.920	0.000000	0.000000	0.000000	0.000000	-0.948277	-0.174423	-0.158392	-0.014332
0.930	0.000000	0.000000	0.000000	0.000000	-0.948277	-0.174423	-0.158392	-0.032661
0.940	0.000000	0.000000	0.000000	0.000000	-0.948277	-0.158100	-0.175301	-0.344253
0.950	0.000000	0.000000	0.000000	0.000000	-0.948277	-0.174423	0.129070	-0.032661
0.960	0.000000	0.000000	0.000000	0.000000	-0.963811	-0.174423	-0.158392	-0.362582
0.970	0.000000	0.000000	0.000000	0.000000	-0.948277	-0.158100	-0.175301	-0.014332
0.980	0.000000	0.000000	0.000000	0.000000	-1.243411	-0.174423	-0.158392	-0.032661
0.990	0.000000	0.000000	0.000000	0.000000	-1.258944	-0.174423	-0.175301	-0.362582
1.000	0.000000	0.000000	0.000000	0.000000	-1.243411	-0.158100	-0.175301	-0.014332
1.010	5.000000	5.000000	5.000000	5.000000	-0.963811	-0.158100	0.129070	-0.362582
1.020	5.000000	5.000000	5.000000	5.000000	-0.948277	-0.174423	-0.175301	-0.344253
1.030	5.000000	5.000000	5.000000	5.000000	-0.963811	0.119378	0.145979	-0.014332
1.040	5.000000	5.000000	5.000000	5.000000	0.216723	1.376194	0.754722	1.323681
1.050	5.000000	5.000000	5.000000	5.000000	1.676857	2.306564	2.310398	3.046602
1.060	5.000000	5.000000	5.000000	5.000000	2.562257	3.547057	3.240421	4.402944
1.070	5.000000	5.000000	5.000000	5.000000	3.432124	4.134659	4.796096	5.429365
1.080	5.000000	5.000000	5.000000	5.000000	3.432124	4.150981	4.796096	5.429365
1.090	5.000000	5.000000	5.000000	5.000000	3.432124	4.150981	4.796096	5.081115
1.100	5.000000	5.000000	5.000000	5.000000	3.432124	4.461104	4.796096	5.429365
1.110	5.000000	5.000000	5.000000	5.000000	3.432124	4.461104	4.779187	5.429365
1.120	5.000000	5.000000	5.000000	5.000000	3.432124	4.150981	4.779187	5.081115
1.130	5.000000	5.000000	5.000000	5.000000	3.432124	4.461104	4.796096	5.411036
1.140	5.000000	5.000000	5.000000	5.000000	3.432124	4.150981	5.100468	5.081115
1.150	5.000000	5.000000	5.000000	5.000000	3.727258	4.461104	4.796096	5.081115
1.160	5.000000	5.000000	5.000000	5.000000	3.727258	4.150981	5.100468	5.429365
1.170	5.000000	5.000000	5.000000	5.000000	3.432124	4.150981	4.796096	5.081115
1.180	5.000000	5.000000	5.000000	5.000000	3.447658	4.444782	4.796096	5.081115
1.190	5.000000	5.000000	5.000000	5.000000	3.432124	4.134659	4.813006	5.411036
1.200	5.000000	5.000000	5.000000	5.000000	3.432124	4.461104	4.796096	5.081115
1.210	5.000000	5.000000	5.000000	5.000000	3.447658	4.461104	4.796096	5.429365
1.220	5.000000	5.000000	5.000000	5.000000	3.447658	4.150981	4.796096	5.081115
1.230	5.000000	5.000000	5.000000	5.000000	3.447658	4.444782	4.796096	5.081115
1.240	5.000000	5.000000	5.000000	5.000000	3.447658	4.461104	4.779187	5.411036
1.250	5.000000	5.000000	5.000000	5.000000	3.711724	4.461104	4.779187	5.411036
1.260	5.000000	5.000000	5.000000	5.000000	3.432124	4.150981	4.779187	5.081115
1.270	5.000000	5.000000	5.000000	5.000000	3.432124	4.150981	4.796096	5.429365
1.280	5.000000	5.000000	5.000000	5.000000	3.432124	4.134659	4.796096	5.081115
1.290	5.000000	5.000000	5.000000	5.000000	3.432124	4.150981	4.796096	5.411036
1.300	5.000000	5.000000	5.000000	5.000000	3.432124	4.461104	4.796096	5.081115
1.310	5.000000	5.000000	5.000000	5.000000	3.447658	4.444782	4.796096	5.411036
1.320	5.000000	5.000000	5.000000	5.000000	3.432124	4.150981	5.100468	5.429365
1.330	5.000000	5.000000	5.000000	5.000000	3.727258	4.150981	4.796096	5.429365
1.340	5.000000	5.000000	5.000000	5.000000	3.727258	4.461104	4.813006	5.429365
1.350	5.000000	5.000000	5.000000	5.000000	3.432124	4.461104	4.796096	5.411036
1.360	5.000000	5.000000	5.000000	5.000000	3.432124	4.444782	4.779187	5.081115
1.370	5.000000	5.000000	5.000000	5.000000	3.711724	4.444782	4.796096	5.429365
1.380	5.000000	5.000000	5.000000	5.000000	3.432124	4.461104	4.796096	5.429365
1.390	5.000000	5.000000	5.000000	5.000000	3.432124	4.134659	4.796096	5.429365
1.400	5.000000	5.000000	5.000000	5.000000	3.432124	4.444782	4.796096	5.411036
1.410	5.000000	5.000000	5.000000	5.000000	3.432124	4.150981	4.491725	5.429365
1.420	5.000000	5.000000	5.000000	5.000000	3.432124	4.461104	4.796096	5.429365
1.430	5.000000	5.000000	5.000000	5.000000	3.416591	4.150981	4.796096	5.099444
1.440	5.000000	5.000000	5.000000	5.000000	3.432124	4.444782	4.796096	5.081115
1.450	5.000000	5.000000	5.000000	5.000000	3.432124	4.461104	4.796096	5.411036
1.460	5.000000	5.000000	5.000000	5.000000	3.447658	4.134659	4.813006	5.099444
1.470	5.000000	5.000000	5.000000	5.000000	3.432124	4.461104	4.813006	5.099444
1.480	5.000000	5.000000	5.000000	5.000000	3.447658	4.150981	4.813006	5.429365
1.490	5.000000	5.000000	5.000000	5.000000	3.432124	4.167303	4.813006	5.081115
1.500	5.000000	5.000000	5.000000	5.000000	3.727258	4.134659	4.813006	5.411036
1.510	5.000000	5.000000	5.000000	5.000000	3.432124	4.150981	4.796096	5.429365
1.520	5.000000	5.000000	5.000000	5.000000	3.432124	4.167303	4.796096	5.429365
1.530	5.000000	5.000000	5.000000	5.000000	3.727258	4.444782	4.779187	5.099444
1.540	5.000000	5.000000	5.000000	5.000000	3.432124	4.477427	4.813006	5.099444
1.550	5.000000	5.000000	5.000000	5.000000	3.432124	4.461104	4.796096	5.429365
1.560	5.000000	5.000000	5.000000	5.000000	3.447658	4.461104	5.100468	5.429365
1.570	5.000000	5.000000	5.000000	5.000000	3.432124	4.444782	4.796096	5.081115
1.580	5.000000	5.000000	5.000000	5.000000	3.432124	4.444782	4.796096	5.411036
1.590	5.000000	5.000000	5.000000	5.000000	3.432124	4.150981	4.796096	5.429365
1.600	5.000000	5.000000	5.000000	5.000000	3.432124	4.461104	4.796096	5.099444
1.610	5.000000	5.000000	5.000000	5.000000	3.432124	4.461104	4.779187	5.429365
1.620	5.000000	5.000000	5.000000	5.000000	3.447658	4.444782	4.796096	5.411036
1.630	5.000000	5.000000	5.000000	5.000000	3.447658	4.444782	4.796096	5.429365
1.640	5.000000	5.000000	5.000000	5.000000	3.432124	4.150981	5.117377	5.081115
1.650	5.000000	5.000000	5.000000	5.000000	3.432124	4.150981	4.796096	5.099444
1.660	5.000000	5.000000	5.000000	5.000000	3.432124	4.150981	5.100468	5.411036
1.670	5.000000	5.000000	5.000000	5.000000	3.432124	4.444782	4.796096	5.429365
1.680	5.000000	5.000000	5.000000	5.000000	3.432124	4.444782	5.100468	5.429365
1.690	5.000000	5.000000	5.000000	5.000000	3.432124	4.150981	4.796096	5.429365
1.700	5.000000	5.000000	5.000000	5.000000	3.432124	4.444782	4.796096	5.081115
1.710	5.000000	5.000000	5.000000	5.000000	3.432124	4.461104	4.796096	5.411036
1.720	5.000000	5.000000	5.000000	5.000000	3.432124	4.150981	4.796096	5.411036
1.730	5.000000	5.000000	5.000000	5.000000	3.432124	4.150981	4.796096	5.081115
1.740	5.000000	5.000000	5.000000	5.000000	3.432124	4.134659	4.813006	5.429365
1.750	5.000000	5.000000	5.000000	5.000000	3.432124	4.150981	4.796096	5.081115
1.760	5.000000	5.000000	5.000000	5.000000	3.432124	4.150981	4.796096	5.411036
1.770	5.000000	5.000000	5.000000	5.000000	3.432124	4.150981	4.779187	5.429365
1.780	5.000000	5.000000	5.000000	5.000000	3.447658	4.444782	4.796096	5.062786
1.790	5.000000	5.000000	5.000000	5.000000	3.727258	4.150981	4.796096	5.411036
1.800	5.000000	5.000000	5.000000	5.000000	3.447658	4.134659	4.813006	5.429365
1.810	5.000000	5.000000	5.000000	5.000000	3.447658	4.444782	4.796096	5.411036
1.820	5.000000	5.000000	5.000000	5.000000	3.432124	4.461104	4.796096	5.081115
1.830	5.000000	5.000000	5.000000	5.000000	3.711724	4.150981	4.796096	5.411036
1.840	5.000000	5.000000	5.000000	5.000000	3.727258	4.150981	4.796096	5.411036
1.850	5.000000	5.000000	5.000000	5.000000	3.416591	4.461104	4.813006	5.411036
1.860	5.000000	5.000000	5.000000	5.000000	3.432124	4.134659	4.813006	5.429365
1.870	5.000000	5.000000	5.000000	5.000000	3.727258	4.150981	4.779187	5.429365
1.880	5.000000	5.000000	5.000000	5.000000	3.432124	4.444782	4.779187	5.411036
1.890	5.000000	5.000000	5.000000	5.000000	3.727258	4.444782	4.796096	5.081115
1.900	5.000000	5.000000	5.000000	5.000000	3.416591	4.150981	4.796096	5.081115
1.910	5.000000	5.000000	5.000000	5.000000	3.432124	4.134659	4.796096	5.099444
1.920	5.000000	5.000000	5.000000	5.000000	3.432124	4.134659	4.796096	5.429365
1.930	5.000000	5.000000	5.000000	5.000000	3.432124	4.444782	4.796096	5.429365
1.940	5.000000	5.000000	5.000000	5.000000	3.432124	4.134659	4.796096	5.429365
1.950	5.000000	5.000000	5.000000	5.000000	3.416591	4.461104	4.779187	5.062786
1.960	5.000000	5.000000	5.000000	5.000000	3.432124	4.461104	4.796096	5.081115
1.970	5.000000	5.000000	5.000000	5.000000	3.432124	4.134659	4.779187	5.429365
1.980	5.000000	5.000000	5.000000	5.000000	3.711724	4.150981	4.796096	5.081115
1.990	5.000000	5.000000	5.000000	5.000000	3.432124	4.134659	4.796096	5.429365
2.000	5.000000	5.000000	5.000000	5.000000	3.432124	4.150981	4.813006	5.411036
2.010	5.000000	5.000000	5.000000	5.000000	3.432124	4.444782	4.813006	5.429365
2.020	5.000000	5.000000	5.000000	5.000000	3.416591	4.461104	4.796096	5.081115
2.030	5.000000	5.000000	5.000000	5.000000	3.432124	4.444782	4.796096	5.447694
2.040	5.000000	5.000000	5.000000	5.000000	3.432124	4.444782	4.796096	5.429365
2.050	5.000000	5.000000	5.000000	5.000000	3.727258	4.150981	4.796096	5.429365
2.060	5.000000	5.000000	5.000000	5.000000	3.447658	4.134659	4.796096	5.447694
2.070	5.000000	5.000000	5.000000	5.000000	3.432124	4.461104	4.796096	5.099444
2.080	5.000000	5.000000	5.000000	5.000000	3.432124	4.134659	5.100468	5.429365
2.090	5.000000	5.000000	5.000000	5.000000	3.432124	4.134659	4.796096	5.429365
2.100	5.000000	5.000000	5.000000	5.000000	3.432124	4.444782	5.117377	5.429365
2.110	5.000000	5.000000	5.000000	5.000000	3.447658	4.150981	4.796096	5.411036
2.120	5.000000	5.000000	5.000000	5.000000	3.432124	4.461104	4.779187	5.429365
2.130	5.000000	5.000000	5.000000	5.000000	3.432124	4.150981	4.796096	5.429365
2.140	5.000000	5.000000	5.000000	5.000000	3.711724	4.150981	4.796096	5.429365
2.150	5.000000	5.000000	5.000000	5.000000	3.432124	4.428460	4.796096	5.099444
2.160	5.000000	5.000000	5.000000	5.000000	3.432124	4.150981	4.813006	5.062786
2.170	5.000000	5.000000	5.000000	5.000000	3.711724	4.150981	5.083558	5.062786
2.180	5.000000	5.000000	5.000000	5.000000	3.432124	4.444782	4.796096	5.099444
2.190	5.000000	5.000000	5.000000	5.000000	3.432124	4.150981	4.779187	5.081115
2.200	5.000000	5.000000	5.000000	5.000000	3.432124	4.461104	4.796096	5.429365
2.210	5.000000	5.000000	5.000000	5.000000	3.432124	4.150981	4.796096	5.429365
2.220	5.000000	5.000000	5.000000	5.000000	3.432124	4.150981	4.796096	5.081115
2.230	5.000000	5.000000	5.000000	5.000000	3.711724	4.461104	5.117377	5.411036
2.240	5.000000	5.000000	5.000000	5.000000	3.416591	4.461104	4.796096	5.099444
2.250	5.000000	5.000000	5.000000	5.000000	3.727258	4.150981	4.796096	5.099444
2.260	5.000000	5.000000	5.000000	5.000000	3.432124	4.150981	4.796096	5.429365
2.270	5.000000	5.000000	5.000000	5.000000	3.432124	4.461104	5.117377	5.411036
2.280	5.000000	5.000000	5.000000	5.000000	3.432124	4.461104	4.779187	5.099444
2.290	5.000000	5.000000	5.000000	5.000000	3.447658	4.461104	4.796096	5.411036
2.300	5.000000	5.000000	5.000000	5.000000	3.432124	4.461104	4.796096	5.081115
2.310	5.000000	5.000000	5.000000	5.000000	3.432124	4.461104	5.100468	5.429365
2.320	5.000000	5.000000	5.000000	5.000000	3.432124	4.150981	4.796096	5.429365
2.330	5.000000	5.000000	5.000000	5.000000	3.432124	4.444782	4.796096	5.081115
2.340	5.000000	5.000000	5.000000	5.000000	3.447658	4.444782	4.779187	5.429365
2.350	5.000000	5.000000	5.000000	5.000000	3.432124	4.150981	4.779187	5.411036
2.360	5.000000	5.000000	5.000000	5.000000	3.432124	4.150981	4.796096	5.429365
2.370	5.000000	5.000000	5.000000	5.000000	3.432124	4.150981	4.796096	5.429365
2.380	5.000000	5.000000	5.000000	5.000000	3.432124	4.134659	4.796096	5.099444
2.390	5.000000	5.000000	5.000000	5.000000	3.432124	4.444782	4.796096	5.429365
2.400	5.000000	5.000000	5.000000	5.000000	3.432124	4.150981	4.796096	5.429365
2.410	5.000000	5.000000	5.000000	5.000000	3.727258	4.150981	4.796096	5.081115
2.420	5.000000	5.000000	5.000000	5.000000	3.432124	4.134659	4.796096	5.429365
2.430	5.000000	5.000000	5.000000	5.000000	3.432124	4.134659	4.796096	5.081115
2.440	5.000000	5.000000	5.000000	5.000000	3.727258	4.461104	4.796096	5.081115
2.450	5.000000	5.000000	5.000000	5.000000	3.447658	4.461104	5.117377	5.411036
2.460	5.000000	5.000000	5.000000	5.000000	3.432124	4.461104	4.779187	5.411036
2.470	5.000000	5.000000	5.000000	5.000000	3.432124	4.150981	4.796096	5.429365
2.480	5.000000	5.000000	5.000000	5.000000	3.416591	4.461104	4.796096	5.081115
2.490	5.000000	5.000000	5.000000	5.000000	3.447658	4.134659	4.796096	5.429365
2.500	5.000000	5.000000	5.000000	5.000000	3.711724	4.444782	4.813006	5.429365
2.510	5.000000	5.000000	5.000000	5.000000	3.432124	4.134659	4.796096	5.429365
2.520	5.000000	5.000000	5.000000	5.000000	3.416591	4.150981	5.117377	5.411036
2.530	5.000000	5.000000	5.000000	5.000000	3.416591	4.150981	4.813006	5.099444
2.540	5.000000	5.000000	5.000000	5.000000	3.432124	4.461104	4.796096	5.411036
2.550	5.000000	5.000000	5.000000	5.000000	3.432124	4.461104	4.813006	5.081115
2.560	5.000000	5.000000	5.000000	5.000000	3.416591	4.134659	4.813006	5.429365
2.570	5.000000	5.000000	5.000000	5.000000	3.711724	4.461104	4.813006	5.411036
2.580	5.000000	5.000000	5.000000	5.000000	3.416591	4.444782	4.491725	5.411036
2.590	5.000000	5.000000	5.000000	5.000000	3.432124	4.477427	4.796096	5.429365
2.600	5.000000	5.000000	5.000000	5.000000	3.432124	4.134659	4.491725	5.429365
2.610	5.000000	5.000000	5.000000	5.000000	3.416591	4.150981	5.117377	5.429365
2.620	5.000000	5.000000	5.000000	5.000000	3.711724	4.134659	4.813006	5.429365
2.630	5.000000	5.000000	5.000000	5.000000	3.432124	4.461104	4.796096	5.429365
2.640	5.000000	5.000000	5.000000	5.000000	3.432124	4.150981	5.117377	5.429365
2.650	5.000000	5.000000	5.000000	5.000000	3.447658	4.444782	4.813006	5.429365
2.660	5.000000	5.000000	5.000000	5.000000	3.432124	4.134659	4.796096	5.429365
2.670	5.000000	5.000000	5.000000	5.000000	3.727258	4.150981	4.474816	5.411036
2.680	5.000000	5.000000	5.000000	5.000000	3.711724	4.444782	4.796096	5.411036
2.690	5.000000	5.000000	5.000000	5.000000	3.447658	4.444782	4.796096	5.429365
2.700	5.000000	5.000000	5.000000	5.000000	3.432124	4.461104	4.796096	5.429365
2.710	5.000000	5.000000	5.000000	5.000000	3.416591	4.444782	4.813006	5.429365
2.720	5.000000	5.000000	5.000000	5.000000	3.432124	4.150981	4.796096	5.062786
2.730	5.000000	5.000000	5.000000	5.000000	3.432124	4.444782	4.813006	5.411036
2.740	5.000000	5.000000	5.000000	5.000000	3.416591	4.150981	4.813006	5.081115
2.750	5.000000	5.000000	5.000000	5.000000	3.432124	4.461104	4.813006	5.081115
2.760	5.000000	5.000000	5.000000	5.000000	3.432124	4.150981	4.796096	5.429365
2.770	5.000000	5.000000	5.000000	5.000000	3.432124	4.150981	4.796096	5.062786
2.780	5.000000	5.000000	5.000000	5.000000	3.432124	4.134659	4.813006	5.411036
2.790	5.000000	5.000000	5.000000	5.000000	3.432124	4.461104	4.813006	5.429365
2.800	5.000000	5.000000	5.000000	5.000000	3.432124	4.150981	4.813006	5.081115
2.810	5.000000	5.000000	5.000000	5.000000	3.447658	4.444782	4.796096	5.081115
2.820	5.000000	5.000000	5.000000	5.000000	3.432124	4.461104	4.813006	5.429365
2.830	5.000000	5.000000	5.000000	5.000000	3.432124	4.444782	4.813006	5.411036
2.840	5.000000	5.000000	5.000000	5.000000	3.432124	4.134659	4.813006	5.429365
2.850	5.000000	5.000000	5.000000	5.000000	3.432124	4.461104	4.796096	5.081115
2.860	5.000000	5.000000	5.000000	5.000000	3.432124	4.150981	4.813006	5.411036
2.870	5.000000	5.000000	5.000000	5.000000	3.432124	4.167303	4.813006	5.411036
2.880	5.000000	5.000000	5.000000	5.000000	3.432124	4.461104	4.796096	5.429365
2.890	5.000000	5.000000	5.000000	5.000000	3.432124	4.167303	4.813006	5.447694
2.900	5.000000	5.000000	5.000000	5.000000	3.432124	4.461104	4.796096	5.447694
2.910	5.000000	5.000000	5.000000	5.000000	3.727258	4.150981	4.491725	5.429365
2.920	5.000000	5.000000	5.000000	5.000000	3.432124	4.134659	4.813006	5.429365
2.930	5.000000	5.000000	5.000000	5.000000	3.742791	4.461104	4.796096	5.429365
2.940	5.000000	5.000000	5.000000	5.000000	3.432124	4.150981	4.813006	5.429365
2.950	5.000000	5.000000	5.000000	5.000000	3.432124	4.134659	4.813006	5.429365
2.960	5.000000	5.000000	5.000000	5.000000	3.432124	4.461104	4.796096	5.447694
2.970	5.000000	5.000000	5.000000	5.000000	3.742791	4.477427	5.117377	5.447694
2.980	5.000000	5.000000	5.000000	5.000000	3.727258	4.150981	4.796096	5.081115
2.990	5.000000	5.000000	5.000000	5.000000	3.432124	4.444782	4.796096	5.081115
3.000	5.000000	5.000000	5.000000	5.000000	3.432124	4.477427	4.796096	5.062786
3.010	5.000000	5.000000	5.000000	5.000000	3.432124	4.461104	4.813006	5.429365
3.020	5.000000	5.000000	5.000000	5.000000	3.432124	4.150981	4.813006	5.429365
3.030	5.000000	5.000000	5.000000	5.000000	3.432124	4.150981	4.796096	5.062786
3.040	5.000000	5.000000	5.000000	5.000000	3.432124	4.150981	4.796096	5.411036
3.050	5.000000	5.000000	5.000000	5.000000	3.447658	4.461104	4.796096	5.411036
3.060	5.000000	5.000000	5.000000	5.000000	3.432124	4.444782	4.796096	5.081115
3.070	5.000000	5.000000	5.000000	5.000000	3.432124	4.150981	4.796096	5.062786
3.080	5.000000	5.000000	5.000000	5.000000	3.432124	4.444782	5.100468	5.429365
3.090	5.000000	5.000000	5.000000	5.000000	3.727258	4.477427	4.796096	5.081115
3.100	5.000000	5.000000	5.000000	5.000000	3.416591	4.461104	4.796096	5.429365
3.110	5.000000	5.000000	5.000000	5.000000	3.447658	4.461104	4.796096	5.081115
3.120	5.000000	5.000000	5.000000	5.000000	3.432124	4.150981	4.796096	5.081115
3.130	5.000000	5.000000	5.000000	5.000000	3.727258	4.150981	5.100468	5.081115
3.140	5.000000	5.000000	5.000000	5.000000	3.727258	4.150981	4.796096	5.081115
3.150	5.000000	5.000000	5.000000	5.000000	3.432124	4.150981	4.796096	5.411036
3.160	5.000000	5.000000	5.000000	5.000000	3.432124	4.167303	4.813006	5.081115
3.170	5.000000	5.000000	5.000000	5.000000	3.727258	4.444782	4.796096	5.411036
3.180	5.000000	5.000000	5.000000	5.000000	3.432124	4.150981	4.813006	5.429365
3.190	5.000000	5.000000	5.000000	5.000000	3.432124	4.461104	4.796096	5.081115
3.200	5.000000	5.000000	5.000000	5.000000	3.416591	4.461104	4.813006	5.081115
3.210	5.000000	5.000000	5.000000	5.000000	3.432124	4.461104	4.796096	5.429365
3.220	5.000000	5.000000	5.000000	5.000000	3.432124	4.444782	4.813006	5.081115
3.230	5.000000	5.000000	5.000000	5.000000	3.711724	4.444782	4.796096	5.429365
3.240	5.000000	5.000000	5.000000	5.000000	3.447658	4.444782	4.796096	5.411036
3.250	5.000000	5.000000	5.000000	5.000000	3.432124	4.150981	4.796096	5.411036
3.260	5.000000	5.000000	5.000000	5.000000	3.742791	4.134659	4.796096	5.411036
3.270	5.000000	5.000000	5.000000	5.000000	3.432124	4.150981	5.100468	5.099444
3.280	5.000000	5.000000	5.000000	5.000000	3.432124	4.134659	4.491725	5.429365
3.290	5.000000	5.000000	5.000000	5.000000	3.432124	4.150981	4.796096	5.411036
3.300	5.000000	5.000000	5.000000	5.000000	3.711724	4.461104	4.796096	5.081115
3.310	5.000000	5.000000	5.000000	5.000000	3.432124	4.150981	4.796096	5.081115
3.320	5.000000	5.000000	5.000000	5.000000	3.727258	4.134659	4.796096	5.081115
3.330	5.000000	5.000000	5.000000	5.000000	3.432124	4.134659	4.796096	5.099444
3.340	5.000000	5.000000	5.000000	5.000000	3.727258	4.134659	4.813006	5.411036
3.350	5.000000	5.000000	5.000000	5.000000	3.432124	4.461104	4.796096	5.429365
3.360	5.000000	5.000000	5.000000	5.000000	3.447658	4.134659	4.796096	5.099444
3.370	5.000000	5.000000	5.000000	5.000000	3.727258	4.461104	4.779187	5.411036
3.380	5.000000	5.000000	5.000000	5.000000	3.432124	4.150981	4.796096	5.447694
3.390	5.000000	5.000000	5.000000	5.000000	3.432124	4.444782	4.796096	5.429365
3.400	5.000000	5.000000	5.000000	5.000000	3.432124	4.150981	4.779187	5.411036
3.410	5.000000	5.000000	5.000000	5.000000	3.432124	4.461104	4.813006	5.411036
3.420	5.000000	5.000000	5.000000	5.000000	3.432124	4.134659	4.796096	5.429365
3.430	5.000000	5.000000	5.000000	5.000000	3.447658	4.461104	4.796096	5.429365
3.440	5.000000	5.000000	5.000000	5.000000	3.432124	4.150981	4.796096	5.429365
3.450	5.000000	5.000000	5.000000	5.000000	3.432124	4.461104	4.796096	5.429365
3.460	5.000000	5.000000	5.000000	5.000000	3.432124	4.150981	4.796096	5.411036
3.470	5.000000	5.000000	5.000000	5.000000	3.432124	4.150981	4.796096	5.411036
3.480	5.000000	5.000000	5.000000	5.000000	3.447658	4.461104	4.796096	5.429365
3.490	5.000000	5.000000	5.000000	5.000000	3.447658	4.461104	4.813006	5.081115
3.500	5.000000	5.000000	5.000000	5.000000	3.447658	4.150981	4.796096	5.411036
3.510	5.000000	5.000000	5.000000	5.000000	3.432124	4.461104	4.796096	5.099444
3.520	5.000000	5.000000	5.000000	5.000000	3.727258	4.461104	4.813006	5.429365
3.530	5.000000	5.000000	5.000000	5.000000	3.432124	4.150981	4.813006	5.062786
3.540	5.000000	5.000000	5.000000	5.000000	3.432124	4.461104	4.813006	5.411036
3.550	5.000000	5.000000	5.000000	5.000000	3.447658	4.477427	4.796096	5.429365
3.560	5.000000	5.000000	5.000000	5.000000	3.432124	4.461104	4.796096	5.062786
3.570	5.000000	5.000000	5.000000	5.000000	3.447658	4.461104	4.796096	5.411036
3.580	5.000000	5.000000	5.000000	5.000000	3.447658	4.461104	4.796096	5.081115
3.590	5.000000	5.000000	5.000000	5.000000	3.727258	4.444782	4.491725	5.429365
3.600	5.000000	5.000000	5.000000	5.000000	3.447658	4.444782	4.796096	5.429365
3.610	5.000000	5.000000	5.000000	5.000000	3.432124	4.444782	4.796096	5.081115
3.620	5.000000	5.000000	5.000000	5.000000	3.416591	4.444782	4.813006	5.081115
3.630	5.000000	5.000000	5.000000	5.000000	3.432124	4.461104	4.796096	5.081115
3.640	5.000000	5.000000	5.000000	5.000000	3.432124	4.150981	4.796096	5.081115
3.650	5.000000	5.000000	5.000000	5.000000	3.432124	4.461104	4.779187	5.429365
3.660	5.000000	5.000000	5.000000	5.000000	3.727258	4.444782	4.796096	5.429365
3.670	5.000000	5.000000	5.000000	5.000000	3.432124	4.444782	4.796096	5.429365
3.680	5.000000	5.000000	5.000000	5.000000	3.727258	4.444782	4.796096	5.411036
3.690	5.000000	5.000000	5.000000	5.000000	3.432124	4.461104	4.796096	5.429365
3.700	5.000000	5.000000	5.000000	5.000000	3.432124	4.444782	4.796096	5.081115
3.710	5.000000	5.000000	5.000000	5.000000	3.432124	4.134659	5.100468	5.081115
3.720	5.000000	5.000000	5.000000	5.000000	3.432124	4.461104	4.796096	5.081115
3.730	5.000000	5.000000	5.000000	5.000000	3.727258	4.461104	4.491725	5.411036
3.740	5.000000	5.000000	5.000000	5.000000	3.432124	4.461104	4.796096	5.081115
3.750	5.000000	5.000000	5.000000	5.000000	3.432124	4.150981	4.796096	5.081115
3.760	5.000000	5.000000	5.000000	5.000000	3.432124	4.461104	4.796096	5.411036
3.770	5.000000	5.000000	5.000000	5.000000	3.447658	4.150981	4.813006	5.411036
3.780	5.000000	5.000000	5.000000	5.000000	3.727258	4.150981	4.796096	5.429365
3.790	5.000000	5.000000	5.000000	5.000000	3.711724	4.150981	5.117377	5.411036
3.800	5.000000	5.000000	5.000000	5.000000	3.416591	4.461104	4.813006	5.429365
3.810	5.000000	5.000000	5.000000	5.000000	3.432124	4.461104	4.796096	5.429365
3.820	5.000000	5.000000	5.000000	5.000000	3.432124	4.444782	4.796096	5.081115
3.830	5.000000	5.000000	5.000000	5.000000	3.432124	4.150981	4.796096	5.411036
3.840	5.000000	5.000000	5.000000	5.000000	3.432124	4.150981	4.813006	5.429365
3.850	5.000000	5.000000	5.000000	5.000000	3.432124	4.461104	4.796096	5.099444
3.860	5.000000	5.000000	5.000000	5.000000	3.727258	4.150981	4.796096	5.411036
3.870	5.000000	5.000000	5.000000	5.000000	3.447658	4.444782	4.796096	5.429365
3.880	5.000000	5.000000	5.000000	5.000000	3.711724	4.461104	5.117377	5.099444
3.890	5.000000	5.000000	5.000000	5.000000	3.727258	4.150981	4.796096	5.429365
3.900	5.000000	5.000000	5.000000	5.000000	3.432124	4.150981	4.796096	5.411036
3.910	5.000000	5.000000	5.000000	5.000000	3.447658	4.134659	4.779187	5.062786
3.920	5.000000	5.000000	5.000000	5.000000	3.432124	4.150981	4.813006	5.411036
3.930	5.000000	5.000000	5.000000	5.000000	3.432124	4.150981	4.813006	5.081115
3.940	5.000000	5.000000	5.000000	5.000000	3.432124	4.461104	4.796096	5.411036
3.950	5.000000	5.000000	5.000000	5.000000	3.432124	4.134659	4.796096	5.062786
3.960	5.000000	5.000000	5.000000	5.000000	3.432124	4.134659	4.779187	5.411036
3.970	5.000000	5.000000	5.000000	5.000000	3.432124	4.461104	4.796096	5.429365
3.980	5.000000	5.000000	5.000000	5.000000	3.432124	4.150981	4.796096	5.081115
3.990	5.000000	5.000000	5.000000	5.000000	3.727258	4.150981	4.796096	5.411036
4.000	5.000000	5.000000	5.000000	5.000000	3.432124	4.461104	4.779187	5.099444
4.010	5.000000	5.000000	5.000000	5.000000	3.432124	4.150981	4.796096	5.429365
4.020	5.000000	5.000000	5.000000	5.000000	3.432124	4.134659	4.796096	5.411036
4.030	5.000000	5.000000	5.000000	5.000000	3.432124	4.461104	4.813006	5.429365
4.040	5.000000	5.000000	5.000000	5.000000	3.432124	4.150981	4.796096	5.081115
4.050	5.000000	5.000000	5.000000	5.000000	3.432124	4.461104	4.796096	5.062786
4.060	5.000000	5.000000	5.000000	5.000000	3.432124	4.444782	5.117377	5.081115
4.070	5.000000	5.000000	5.000000	5.000000	3.447658	4.134659	4.779187	5.429365
4.080	5.000000	5.000000	5.000000	5.000000	3.432124	4.461104	4.474816	5.429365
4.090	5.000000	5.000000	5.000000	5.000000	3.432124	4.150981	4.796096	5.081115
4.100	5.000000	5.000000	5.000000	5.000000	3.432124	4.150981	4.796096	5.411036
4.110	5.000000	5.000000	5.000000	5.000000	3.432124	4.461104	4.796096	5.429365
4.120	5.000000	5.000000	5.000000	5.000000	3.432124	4.444782	4.796096	5.099444
4.130	5.000000	5.000000	5.000000	5.000000	3.432124	4.150981	4.796096	5.429365
4.140	5.000000	5.000000	5.000000	5.000000	3.432124	4.150981	4.796096	5.429365
4.150	5.000000	5.000000	5.000000	5.000000	3.432124	4.444782	4.796096	5.081115
4.160	5.000000	5.000000	5.000000	5.000000	3.447658	4.461104	4.796096	5.429365
4.170	5.000000	5.000000	5.000000	5.000000	3.432124	4.167303	4.796096	5.099444
4.180	5.000000	5.000000	5.000000	5.000000	3.432124	4.150981	4.813006	5.429365
4.190	5.000000	5.000000	5.000000	5.000000	3.432124	4.150981	4.796096	5.081115
4.200	5.000000	5.000000	5.000000	5.000000	3.432124	4.461104	4.796096	5.411036
4.210	5.000000	5.000000	5.000000	5.000000	3.432124	4.461104	4.796096	5.429365
4.220	5.000000	5.000000	5.000000	5.000000	3.727258	4.150981	4.796096	5.411036
4.230	5.000000	5.000000	5.000000	5.000000	3.727258	4.150981	4.813006	5.081115
4.240	5.000000	5.000000	5.000000	5.000000	3.727258	4.444782	4.813006	5.081115
4.250	5.000000	5.000000	5.000000	5.000000	3.432124	4.444782	4.796096	5.447694
4.260	5.000000	5.000000	5.000000	5.000000	3.432124	4.461104	4.796096	5.081115
4.270	5.000000	5.000000	5.000000	5.000000	3.432124	4.150981	4.796096	5.429365
4.280	5.000000	5.000000	5.000000	5.000000	3.432124	4.444782	4.796096	5.411036
4.290	5.000000	5.000000	5.000000	5.000000	3.447658	4.461104	4.796096	5.411036
4.300	5.000000	5.000000	5.000000	5.000000	3.447658	4.134659	4.796096	5.429365
4.310	5.000000	5.000000	5.000000	5.000000	3.432124	4.134659	4.796096	5.429365
4.320	5.000000	5.000000	5.000000	5.000000	3.432124	4.134659	4.796096	5.081115
4.330	5.000000	5.000000	5.000000	5.000000	3.432124	4.167303	4.779187	5.429365
4.340	5.000000	5.000000	5.000000	5.000000	3.432124	4.444782	4.796096	5.429365
4.350	5.000000	5.000000	5.000000	5.000000	3.432124	4.461104	4.796096	5.081115
4.360	5.000000	5.000000	5.000000	5.000000	3.432124	4.167303	4.779187	5.447694
4.370	5.000000	5.000000	5.000000	5.000000	3.432124	4.167303	4.796096	5.429365
4.380	5.000000	5.000000	5.000000	5.000000	3.447658	4.150981	4.796096	5.429365
4.390	5.000000	5.000000	5.000000	5.000000	3.432124	4.150981	4.813006	5.429365
4.400	5.000000	5.000000	5.000000	5.000000	3.447658	4.444782	4.796096	5.081115
4.410	5.000000	5.000000	5.000000	5.000000	3.432124	4.461104	4.796096	5.411036
4.420	5.000000	5.000000	5.000000	5.000000	3.432124	4.461104	5.100468	5.081115
4.430	5.000000	5.000000	5.000000	5.000000	3.432124	4.444782	4.779187	5.081115
4.440	5.000000	5.000000	5.000000	5.000000	3.432124	4.150981	4.491725	5.081115
4.450	5.000000	5.000000	5.000000	5.000000	3.447658	4.167303	4.796096	5.099444
4.460	5.000000	5.000000	5.000000	5.000000	3.447658	4.461104	4.796096	5.099444
4.470	5.000000	5.000000	5.000000	5.000000	3.432124	4.150981	4.813006	5.411036
4.480	5.000000	5.000000	5.000000	5.000000	3.432124	4.150981	4.796096	5.081115
4.490	5.000000	5.000000	5.000000	5.000000	3.727258	4.150981	4.796096	5.429365
4.500	5.000000	5.000000	5.000000	5.000000	3.432124	4.150981	4.796096	5.117773
4.510	5.000000	5.000000	5.000000	5.000000	3.432124	4.150981	4.813006	5.081115
4.520	5.000000	5.000000	5.000000	5.000000	3.432124	4.134659	4.796096	5.429365
4.530	5.000000	5.000000	5.000000	5.000000	3.432124	4.134659	4.813006	5.081115
4.540	5.000000	5.000000	5.000000	5.000000	3.447658	4.461104	4.796096	5.429365
4.550	5.000000	5.000000	5.000000	5.000000	3.432124	4.150981	4.813006	5.429365
4.560	5.000000	5.000000	5.000000	5.000000	3.447658	4.150981	4.796096	5.411036
4.570	5.000000	5.000000	5.000000	5.000000	3.727258	4.150981	4.813006	5.411036
4.580	5.000000	5.000000	5.000000	5.000000	3.416591	4.150981	5.117377	5.411036
4.590	5.000000	5.000000	5.000000	5.000000	3.432124	4.150981	4.796096	5.411036
4.600	5.000000	5.000000	5.000000	5.000000	3.447658	4.461104	4.813006	5.081115
4.610	5.000000	5.000000	5.000000	5.000000	3.432124	4.444782	5.100468	5.081115
4.620	5.000000	5.000000	5.000000	5.000000	3.432124	4.167303	4.796096	5.429365
4.630	5.000000	5.000000	5.000000	5.000000	3.432124	4.150981	4.796096	5.429365
4.640	5.000000	5.000000	5.000000	5.000000	3.447658	4.134659	4.796096	5.429365
4.650	5.000000	5.000000	5.000000	5.000000	3.447658	4.461104	4.796096	5.429365
4.660	5.000000	5.000000	5.000000	5.000000	3.742791	4.444782	4.796096	5.099444
4.670	5.000000	5.000000	5.000000	5.000000	3.447658	4.150981	4.796096	5.411036
4.680	5.000000	5.000000	5.000000	5.000000	3.447658	4.444782	5.117377	5.429365
4.690	5.000000	5.000000	5.000000	5.000000	3.432124	4.150981	4.813006	5.081115
4.700	5.000000	5.000000	5.000000	5.000000	3.447658	4.461104	4.796096	5.429365
4.710	5.000000	5.000000	5.000000	5.000000	3.432124	4.444782	4.796096	5.411036
4.720	5.000000	5.000000	5.000000	5.000000	3.432124	4.461104	4.796096	5.081115
4.730	5.000000	5.000000	5.000000	5.000000	3.447658	4.150981	4.796096	5.411036
4.740	5.000000	5.000000	5.000000	5.000000	3.447658	4.150981	4.813006	5.411036
4.750	5.000000	5.000000	5.000000	5.000000	3.711724	4.444782	4.796096	5.429365
4.760	5.000000	5.000000	5.000000	5.000000	3.432124	4.134659	4.796096	5.429365
4.770	5.000000	5.000000	5.000000	5.000000	3.447658	4.461104	4.813006	5.411036
4.780	5.000000	5.000000	5.000000	5.000000	3.416591	4.444782	4.796096	5.099444
4.790	5.000000	5.000000	5.000000	5.000000	3.432124	4.150981	4.796096	5.081115
4.800	5.000000	5.000000	5.000000	5.000000	3.432124	4.461104	4.796096	5.429365
4.810	5.000000	5.000000	5.000000	5.000000	3.727258	4.167303	4.796096	5.411036
4.820	5.000000	5.000000	5.000000	5.000000	3.727258	4.134659	4.796096	5.081115
4.830	5.000000	5.000000	5.000000	5.000000	3.432124	4.461104	4.796096	5.429365
4.840	5.000000	5.000000	5.000000	5.000000	3.432124	4.134659	4.779187	5.411036
4.850	5.000000	5.000000	5.000000	5.000000	3.432124	4.167303	4.796096	5.429365
4.860	5.000000	5.000000	5.000000	5.000000	3.447658	4.444782	5.117377	5.429365
4.870	5.000000	5.000000	5.000000	5.000000	3.432124	4.167303	4.796096	5.411036
4.880	5.000000	5.000000	5.000000	5.000000	3.432124	4.444782	4.796096	5.429365
4.890	5.000000	5.000000	5.000000	5.000000	3.447658	4.150981	5.100468	5.429365
4.900	5.000000	5.000000	5.000000	5.000000	3.432124	4.150981	4.796096	5.429365
4.910	5.000000	5.000000	5.000000	5.000000	3.432124	4.134659	4.796096	5.429365
4.920	5.000000	5.000000	5.000000	5.000000	3.447658	4.461104	4.796096	5.429365
4.930	5.000000	5.000000	5.000000	5.000000	3.432124	4.461104	5.100468	5.429365
4.940	5.000000	5.000000	5.000000	5.000000	3.432124	4.150981	4.796096	5.429365
4.950	5.000000	5.000000	5.000000	5.000000	3.447658	4.461104	4.796096	5.447694
4.960	5.000000	5.000000	5.000000	5.000000	3.432124	4.150981	4.796096	5.429365
4.970	5.000000	5.000000	5.000000	5.000000	3.727258	4.150981	4.796096	5.062786
4.980	5.000000	5.000000	5.000000	5.000000	3.432124	4.167303	4.796096	5.429365
4.990	5.000000	5.000000	5.000000	5.000000	3.432124	4.461104	4.796096	5.411036
5.000	5.000000	5.000000	5.000000	5.000000	3.447658	4.150981	4.796096	5.081115
5.010	5.000000	5.000000	5.000000	5.000000	3.432124	4.150981	4.813006	5.062786
5.020	5.000000	5.000000	5.000000	5.000000	3.432124	4.461104	4.813006	5.429365
5.030	5.000000	5.000000	5.000000	5.000000	3.432124	4.150981	4.796096	5.411036
5.040	5.000000	5.000000	5.000000	5.000000	3.432124	4.134659	4.779187	5.411036
5.050	5.000000	5.000000	5.000000	5.000000	3.727258	4.444782	4.796096	5.081115
5.060	5.000000	5.000000	5.000000	5.000000	3.447658	4.150981	4.796096	5.411036
5.070	5.000000	5.000000	5.000000	5.000000	3.432124	4.444782	4.813006	5.429365
5.080	5.000000	5.000000	5.000000	5.000000	3.447658	4.461104	4.796096	5.099444
5.090	5.000000	5.000000	5.000000	5.000000	3.432124	4.134659	4.796096	5.411036
5.100	5.000000	5.000000	5.000000	5.000000	3.432124	4.444782	4.779187	5.429365
5.110	5.000000	5.000000	5.000000	5.000000	3.432124	4.461104	4.779187	5.062786
5.120	5.000000	5.000000	5.000000	5.000000	3.432124	4.134659	4.779187	5.429365
5.130	5.000000	5.000000	5.000000	5.000000	3.447658	4.150981	4.779187	5.429365
5.140	5.000000	5.000000	5.000000	5.000000	3.432124	4.444782	4.796096	5.081115
5.150	5.000000	5.000000	5.000000	5.000000	3.432124	4.461104	5.117377	5.429365
5.160	5.000000	5.000000	5.000000	5.000000	3.447658	4.150981	4.813006	5.081115
5.170	5.000000	5.000000	5.000000	5.000000	3.432124	4.461104	5.117377	5.429365
5.180	5.000000	5.000000	5.000000	5.000000	3.447658	4.477427	4.796096	5.081115
5.190	5.000000	5.000000	5.000000	5.000000	3.432124	4.134659	4.796096	5.099444
5.200	5.000000	5.000000	5.000000	5.000000	3.432124	4.150981	4.779187	5.429365
5.210	5.000000	5.000000	5.000000	5.000000	3.447658	4.150981	4.796096	5.081115
5.220	5.000000	5.000000	5.000000	5.000000	3.432124	4.150981	4.796096	5.081115
5.230	5.000000	5.000000	5.000000	5.000000	3.447658	4.461104	4.796096	5.429365
5.240	5.000000	5.000000	5.000000	5.000000	3.447658	4.461104	4.796096	5.081115
5.250	5.000000	5.000000	5.000000	5.000000	3.447658	4.167303	4.779187	5.429365
5.260	5.000000	5.000000	5.000000	5.000000	3.447658	4.461104	5.100468	5.429365
5.270	5.000000	5.000000	5.000000	5.000000	3.742791	4.461104	4.796096	5.081115
5.280	5.000000	5.000000	5.000000	5.000000	3.447658	4.150981	4.796096	5.429365
5.290	5.000000	5.000000	5.000000	5.000000	3.432124	4.444782	4.796096	5.429365
5.300	5.000000	5.000000	5.000000	5.000000	3.727258	4.150981	4.796096	5.429365
5.310	5.000000	5.000000	5.000000	5.000000	3.447658	4.461104	4.796096	5.411036
5.320	5.000000	5.000000	5.000000	5.000000	3.447658	4.477427	5.100468	5.081115
5.330	5.000000	5.000000	5.000000	5.000000	3.447658	4.461104	4.796096	5.429365
5.340	5.000000	5.000000	5.000000	5.000000	3.447658	4.167303	4.796096	5.081115
5.350	5.000000	5.000000	5.000000	5.000000	3.432124	4.444782	4.491725	5.429365
5.360	5.000000	5.000000	5.000000	5.000000	3.447658	4.150981	4.813006	5.429365
5.370	5.000000	5.000000	5.000000	5.000000	3.727258	4.150981	4.796096	5.081115
5.380	5.000000	5.000000	5.000000	5.000000	3.447658	4.461104	4.796096	5.429365
5.390	5.000000	5.000000	5.000000	5.000000	3.447658	4.150981	5.100468	5.411036
5.400	5.000000	5.000000	5.000000	5.000000	3.447658	4.461104	4.796096	5.429365
5.410	5.000000	5.000000	5.000000	5.000000	3.742791	4.150981	5.117377	5.429365
5.420	5.000000	5.000000	5.000000	5.000000	3.447658	4.150981	4.796096	5.081115
5.430	5.000000	5.000000	5.000000	5.000000	3.432124	4.150981	4.813006	5.099444
5.440	5.000000	5.000000	5.000000	5.000000	3.742791	4.461104	4.796096	5.411036
5.450	5.000000	5.000000	5.000000	5.000000	3.432124	4.150981	4.796096	5.099444
5.460	5.000000	5.000000	5.000000	5.000000	3.432124	4.150981	4.796096	5.429365
5.470	5.000000	5.000000	5.000000	5.000000	3.447658	4.150981	4.796096	5.081115
5.480	5.000000	5.000000	5.000000	5.000000	3.727258	4.150981	4.796096	5.429365
5.490	5.000000	5.000000	5.000000	5.000000	3.432124	4.150981	4.796096	5.429365
5.500	5.000000	5.000000	5.000000	5.000000	3.432124	4.461104	4.779187	5.411036
5.510	5.000000	5.000000	5.000000	5.000000	3.727258	4.461104	4.779187	5.429365
5.520	5.000000	5.000000	5.000000	5.000000	3.727258	4.134659	5.100468	5.411036
5.530	5.000000	5.000000	5.000000	5.000000	3.447658	4.461104	4.474816	5.429365
5.540	5.000000	5.000000	5.000000	5.000000	3.447658	4.150981	5.117377	5.429365
5.550	5.000000	5.000000	5.000000	5.000000	3.447658	4.477427	4.796096	5.429365
5.560	5.000000	5.000000	5.000000	5.000000	3.447658	4.167303	4.796096	5.099444
5.570	5.000000	5.000000	5.000000	5.000000	3.432124	4.461104	5.117377	5.429365
5.580	5.000000	5.000000	5.000000	5.000000	3.447658	4.150981	4.813006	5.429365
5.590	5.000000	5.000000	5.000000	5.000000	3.432124	4.461104	4.796096	5.411036
5.600	5.000000	5.000000	5.000000	5.000000	3.432124	4.461104	4.813006	5.081115
5.610	5.000000	5.000000	5.000000	5.000000	3.432124	4.150981	4.796096	5.081115
5.620	5.000000	5.000000	5.000000	5.000000	3.432124	4.444782	4.796096	5.429365
5.630	5.000000	5.000000	5.000000	5.000000	3.447658	4.150981	4.779187	5.429365
5.640	5.000000	5.000000	5.000000	5.000000	3.432124	4.167303	4.796096	5.429365
5.650	5.000000	5.000000	5.000000	5.000000	3.447658	4.150981	4.796096	5.099444
5.660	5.000000	5.000000	5.000000	5.000000	3.432124	4.444782	4.796096	5.099444
5.670	5.000000	5.000000	5.000000	5.000000	3.432124	4.150981	4.779187	5.429365
5.680	5.000000	5.000000	5.000000	5.000000	3.447658	4.461104	4.796096	5.429365
5.690	5.000000	5.000000	5.000000	5.000000	3.447658	4.444782	4.779187	5.099444
5.700	5.000000	5.000000	5.000000	5.000000	3.447658	4.461104	4.796096	5.429365
5.710	5.000000	5.000000	5.000000	5.000000	3.432124	4.150981	4.796096	5.099444
5.720	5.000000	5.000000	5.000000	5.000000	3.432124	4.461104	4.779187	5.447694
5.730	5.000000	5.000000	5.000000	5.000000	3.447658	4.444782	4.779187	5.429365
5.740	5.000000	5.000000	5.000000	5.000000	3.432124	4.150981	4.813006	5.429365
5.750	5.000000	5.000000	5.000000	5.000000	3.447658	4.150981	4.779187	5.429365
5.760	5.000000	5.000000	5.000000	5.000000	3.727258	4.461104	5.100468	5.099444
5.770	5.000000	5.000000	5.000000	5.000000	3.447658	4.461104	4.779187	5.099444
5.780	5.000000	5.000000	5.000000	5.000000	3.727258	4.150981	5.083558	5.429365
5.790	5.000000	5.000000	5.000000	5.000000	3.727258	4.150981	4.779187	5.081115
5.800	5.000000	5.000000	5.000000	5.000000	3.447658	4.150981	4.796096	5.429365
5.810	5.000000	5.000000	5.000000	5.000000	3.447658	4.461104	4.796096	5.429365
5.820	5.000000	5.000000	5.000000	5.000000	3.727258	4.150981	4.779187	5.429365
5.830	5.000000	5.000000	5.000000	5.000000	3.432124	4.167303	5.100468	5.429365
5.840	5.000000	5.000000	5.000000	5.000000	3.432124	4.444782	4.491725	5.429365
5.850	5.000000	5.000000	5.000000	5.000000	3.432124	4.150981	4.796096	5.429365
5.860	5.000000	5.000000	5.000000	5.000000	3.432124	4.134659	4.796096	5.429365
5.870	5.000000	5.000000	5.000000	5.000000	3.432124	4.150981	4.796096	5.429365
5.880	5.000000	5.000000	5.000000	5.000000	3.727258	4.477427	4.796096	5.429365
5.890	5.000000	5.000000	5.000000	5.000000	3.432124	4.150981	4.474816	5.062786
5.900	5.000000	5.000000	5.000000	5.000000	3.432124	4.150981	4.779187	5.081115
5.910	5.000000	5.000000	5.000000	5.000000	3.432124	4.444782	4.796096	5.081115
5.920	5.000000	5.000000	5.000000	5.000000	3.447658	4.150981	5.100468	5.411036
5.930	5.000000	5.000000	5.000000	5.000000	3.432124	4.444782	4.779187	5.411036
5.940	5.000000	5.000000	5.000000	5.000000	3.432124	4.444782	4.779187	5.411036
5.950	5.000000	5.000000	5.000000	5.000000	3.727258	4.461104	4.779187	5.447694
5.960	5.000000	5.000000	5.000000	5.000000	3.727258	4.150981	4.796096	5.429365
5.970	5.000000	5.000000	5.000000	5.000000	3.432124	4.444782	4.796096	5.429365
5.980	5.000000	5.000000	5.000000	5.000000	3.447658	4.477427	4.796096	5.081115
5.990	5.000000	5.000000	5.000000	5.000000	3.447658	4.150981	4.779187	5.429365
6.000	5.000000	5.000000	5.000000	5.000000	3.447658	4.444782	4.779187	3.101589
6.010	5.000000	5.000000	5.000000	5.000000	3.447658	4.444782	4.796096	5.081115
6.020	5.000000	5.000000	5.000000	5.000000	3.447658	4.150981	4.796096	5.099444
6.030	5.000000	5.000000	5.000000	5.000000	3.432124	4.461104	4.796096	5.411036
6.040	5.000000	5.000000	5.000000	5.000000	3.432124	4.150981	4.796096	5.411036
6.050	5.000000	5.000000	5.000000	5.000000	3.432124	4.477427	4.796096	5.411036
6.060	5.000000	5.000000	5.000000	5.000000	3.432124	4.461104	4.779187	5.429365
6.070	5.000000	5.000000	5.000000	5.000000	3.432124	4.477427	4.779187	5.429365
6.080	5.000000	5.000000	5.000000	5.000000	3.447658	4.461104	4.796096	5.099444
6.090	5.000000	5.000000	5.000000	5.000000	3.432124	4.461104	4.796096	5.429365
6.100	5.000000	5.000000	5.000000	5.000000	3.447658	4.444782	4.796096	5.429365
6.110	5.000000	5.000000	5.000000	5.000000	3.432124	4.461104	4.779187	5.081115
6.120	5.000000	5.000000	5.000000	5.000000	3.432124	4.461104	4.474816	5.429365
6.130	5.000000	5.000000	5.000000	5.000000	3.416591	4.167303	4.796096	5.099444
6.140	5.000000	5.000000	5.000000	5.000000	3.432124	4.134659	4.779187	5.429365
6.150	5.000000	5.000000	5.000000	5.000000	3.432124	4.134659	4.796096	5.099444
6.160	5.000000	5.000000	5.000000	5.000000	3.432124	4.167303	4.796096	5.099444
6.170	5.000000	5.000000	5.000000	5.000000	3.727258	4.150981	4.779187	5.447694
6.180	5.000000	5.000000	5.000000	5.000000	3.742791	4.461104	5.117377	5.081115
6.190	5.000000	5.000000	5.000000	5.000000	3.447658	4.134659	4.779187	5.099444
6.200	5.000000	5.000000	5.000000	5.000000	3.432124	4.461104	4.796096	5.429365
6.210	5.000000	5.000000	5.000000	5.000000	3.432124	4.134659	5.100468	5.099444
6.220	5.000000	5.000000	5.000000	5.000000	3.432124	4.150981	4.796096	5.081115
6.230	5.000000	5.000000	5.000000	5.000000	3.432124	4.167303	4.796096	5.099444
6.240	5.000000	5.000000	5.000000	5.000000	3.432124	4.444782	4.779187	5.081115
6.250	5.000000	5.000000	5.000000	5.000000	3.432124	4.134659	5.100468	5.429365
6.260	5.000000	5.000000	5.000000	5.000000	3.432124	4.134659	4.796096	5.429365
6.270	5.000000	5.000000	5.000000	5.000000	3.447658	4.444782	4.779187	5.429365
6.280	5.000000	5.000000	5.000000	5.000000	3.447658	4.461104	5.100468	5.429365
6.290	5.000000	5.000000	5.000000	5.000000	3.432124	4.150981	4.779187	5.099444
6.300	5.000000	5.000000	5.000000	5.000000	3.432124	4.150981	4.796096	5.429365
6.310	5.000000	5.000000	5.000000	5.000000	3.447658	4.444782	4.796096	5.099444
6.320	5.000000	5.000000	5.000000	5.000000	3.447658	4.150981	5.100468	5.081115
6.330	5.000000	5.000000	5.000000	5.000000	3.432124	4.461104	4.779187	5.411036
6.340	5.000000	5.000000	5.000000	5.000000	3.447658	4.150981	4.796096	5.081115
6.350	5.000000	5.000000	5.000000	5.000000	3.432124	4.150981	4.779187	5.081115
6.360	5.000000	5.000000	5.000000	5.000000	3.432124	4.150981	4.779187	5.429365
6.370	5.000000	5.000000	5.000000	5.000000	3.432124	4.461104	4.779187	5.081115
6.380	5.000000	5.000000	5.000000	5.000000	3.447658	4.134659	4.796096	5.429365
6.390	5.000000	5.000000	5.000000	5.000000	3.432124	4.461104	5.117377	5.099444
6.400	5.000000	5.000000	5.000000	5.000000	3.447658	4.134659	4.779187	5.429365
6.410	5.000000	5.000000	5.000000	5.000000	3.432124	4.134659	4.796096	5.429365
6.420	5.000000	5.000000	5.000000	5.000000	3.447658	4.461104	4.779187	5.429365
6.430	5.000000	5.000000	5.000000	5.000000	3.432124	4.444782	4.796096	5.429365
6.440	5.000000	5.000000	5.000000	5.000000	3.432124	4.461104	4.796096	5.411036
6.450	5.000000	5.000000	5.000000	5.000000	3.432124	4.461104	4.779187	5.429365
6.460	5.000000	5.000000	5.000000	5.000000	3.432124	4.150981	4.779187	5.411036
6.470	5.000000	5.000000	5.000000	5.000000	3.432124	4.150981	4.796096	5.411036
6.480	5.000000	5.000000	5.000000	5.000000	3.432124	4.134659	4.796096	5.081115
6.490	5.000000	5.000000	5.000000	5.000000	3.432124	4.444782	5.100468	5.429365
6.500	5.000000	5.000000	5.000000	5.000000	3.432124	4.461104	4.796096	5.081115
6.510	5.000000	5.000000	5.000000	5.000000	3.432124	4.134659	4.796096	5.429365
6.520	5.000000	5.000000	5.000000	5.000000	3.432124	4.134659	4.796096	5.081115
6.530	5.000000	5.000000	5.000000	5.000000	3.432124	4.444782	4.779187	5.099444
6.540	5.000000	5.000000	5.000000	5.000000	3.432124	4.444782	4.796096	5.447694
6.550	5.000000	5.000000	5.000000	5.000000	3.432124	4.150981	4.796096	5.429365
6.560	5.000000	5.000000	5.000000	5.000000	3.727258	4.461104	4.796096	5.081115
6.570	5.000000	5.000000	5.000000	5.000000	3.432124	4.134659	4.796096	5.081115
6.580	5.000000	5.000000	5.000000	5.000000	3.727258	4.134659	4.779187	5.429365
6.590	5.000000	5.000000	5.000000	5.000000	3.447658	4.134659	4.779187	5.429365
6.600	5.000000	5.000000	5.000000	5.000000	3.447658	4.134659	4.779187	5.099444
6.610	5.000000	5.000000	5.000000	5.000000	3.447658	4.444782	4.779187	5.081115
6.620	5.000000	5.000000	5.000000	5.000000	3.727258	4.134659	4.796096	5.411036
6.630	5.000000	5.000000	5.000000	5.000000	3.447658	4.150981	4.779187	5.447694
6.640	5.000000	5.000000	5.000000	5.000000	3.432124	4.461104	4.779187	5.447694
6.650	5.000000	5.000000	5.000000	5.000000	3.727258	4.150981	4.796096	5.429365
6.660	5.000000	5.000000	5.000000	5.000000	3.447658	4.461104	4.796096	5.099444
6.670	5.000000	5.000000	5.000000	5.000000	3.432124	4.167303	4.796096	5.429365
6.680	5.000000	5.000000	5.000000	5.000000	3.416591	4.134659	4.779187	5.411036
6.690	5.000000	5.000000	5.000000	5.000000	3.432124	4.167303	4.796096	5.447694
6.700	5.000000	5.000000	5.000000	5.000000	3.727258	4.167303	4.796096	5.081115
6.710	5.000000	5.000000	5.000000	5.000000	3.432124	4.461104	4.813006	5.081115
6.720	5.000000	5.000000	5.000000	5.000000	3.727258	4.461104	4.796096	5.411036
6.730	5.000000	5.000000	5.000000	5.000000	3.447658	4.444782	4.796096	5.429365
6.740	5.000000	5.000000	5.000000	5.000000	3.432124	4.461104	4.796096	5.429365
6.750	5.000000	5.000000	5.000000	5.000000	3.432124	4.150981	4.796096	5.429365
6.760	5.000000	5.000000	5.000000	5.000000	3.432124	4.150981	4.779187	5.062786
6.770	5.000000	5.000000	5.000000	5.000000	3.432124	4.461104	4.779187	5.411036
6.780	5.000000	5.000000	5.000000	5.000000	3.432124	4.150981	4.796096	5.081115
6.790	5.000000	5.000000	5.000000	5.000000	3.711724	4.444782	4.796096	5.081115
6.800	5.000000	5.000000	5.000000	5.000000	3.432124	4.444782	4.796096	5.429365
6.810	5.000000	5.000000	5.000000	5.000000	3.447658	4.150981	4.779187	5.429365
6.820	5.000000	5.000000	5.000000	5.000000	3.727258	4.150981	4.796096	5.411036
6.830	5.000000	5.000000	5.000000	5.000000	3.447658	4.134659	4.779187	5.081115
6.840	5.000000	5.000000	5.000000	5.000000	3.432124	4.461104	4.796096	5.081115
6.850	5.000000	5.000000	5.000000	5.000000	3.432124	4.150981	4.796096	5.429365
6.860	5.000000	5.000000	5.000000	5.000000	3.432124	4.444782	4.779187	5.429365
6.870	5.000000	5.000000	5.000000	5.000000	3.432124	4.461104	4.779187	5.411036
6.880	5.000000	5.000000	5.000000	5.000000	3.432124	4.461104	4.796096	5.081115
6.890	5.000000	5.000000	5.000000	5.000000	3.432124	4.461104	4.796096	5.081115
6.900	5.000000	5.000000	5.000000	5.000000	3.447658	4.461104	4.796096	5.429365
6.910	5.000000	5.000000	5.000000	5.000000	3.432124	4.461104	4.779187	5.081115
6.920	5.000000	5.000000	5.000000	5.000000	3.447658	4.134659	4.796096	5.081115
6.930	5.000000	5.000000	5.000000	5.000000	3.432124	4.150981	4.796096	5.411036
6.940	5.000000	5.000000	5.000000	5.000000	3.711724	4.461104	4.796096	5.081115
6.950	5.000000	5.000000	5.000000	5.000000	3.432124	4.444782	4.796096	5.081115
6.960	5.000000	5.000000	5.000000	5.000000	3.432124	4.444782	4.796096	5.081115
6.970	5.000000	5.000000	5.000000	5.000000	3.432124	4.461104	4.796096	5.411036
6.980	5.000000	5.000000	5.000000	5.000000	3.432124	4.461104	4.779187	5.411036
6.990	5.000000	5.000000	5.000000	5.000000	3.727258	4.150981	4.796096	5.411036
7.000	5.000000	5.000000	5.000000	5.000000	3.727258	4.150981	4.779187	5.099444
7.010	5.000000	5.000000	5.000000	5.000000	3.727258	4.461104	4.779187	5.429365
7.020	5.000000	5.000000	5.000000	5.000000	3.447658	4.461104	4.779187	5.429365
7.030	5.000000	5.000000	5.000000	5.000000	3.447658	4.150981	4.779187	5.081115
7.040	5.000000	5.000000	5.000000	5.000000	3.447658	4.134659	4.796096	5.411036
7.050	5.000000	5.000000	5.000000	5.000000	3.416591	4.150981	5.100468	5.081115
7.060	5.000000	5.000000	5.000000	5.000000	3.432124	4.461104	4.796096	5.429365
7.070	5.000000	5.000000	5.000000	5.000000	3.447658	4.150981	4.796096	5.429365
7.080	5.000000	5.000000	5.000000	5.000000	3.432124	4.150981	4.779187	5.429365
7.090	5.000000	5.000000	5.000000	5.000000	3.711724	4.134659	4.796096	5.429365
7.100	5.000000	5.000000	5.000000	5.000000	3.432124	4.461104	4.796096	5.411036
7.110	5.000000	5.000000	5.000000	5.000000	3.447658	4.150981	4.779187	5.411036
7.120	5.000000	5.000000	5.000000	5.000000	3.447658	4.150981	4.796096	5.411036
7.130	5.000000	5.000000	5.000000	5.000000	3.447658	4.150981	4.779187	5.099444
7.140	5.000000	5.000000	5.000000	5.000000	3.447658	4.150981	4.796096	5.429365
7.150	5.000000	5.000000	5.000000	5.000000	3.416591	4.477427	4.796096	5.429365
7.160	5.000000	5.000000	5.000000	5.000000	3.432124	4.461104	4.796096	5.081115
7.170	5.000000	5.000000	5.000000	5.000000	3.447658	4.461104	4.796096	5.081115
7.180	5.000000	5.000000	5.000000	5.000000	3.432124	4.150981	4.796096	5.429365
7.190	5.000000	5.000000	5.000000	5.000000	3.447658	4.150981	5.100468	5.411036
7.200	5.000000	5.000000	5.000000	5.000000	3.727258	4.461104	4.779187	5.429365
7.210	5.000000	5.000000	5.000000	5.000000	3.432124	4.134659	4.796096	5.429365
7.220	5.000000	5.000000	5.000000	5.000000	3.447658	4.461104	4.796096	5.447694
7.230	5.000000	5.000000	5.000000	5.000000	3.727258	4.444782	4.457906	5.081115
7.240	5.000000	5.000000	5.000000	5.000000	3.432124	4.150981	4.796096	5.429365
7.250	5.000000	5.000000	5.000000	5.000000	3.742791	4.461104	4.796096	5.429365
7.260	5.000000	5.000000	5.000000	5.000000	3.727258	4.150981	5.100468	5.081115
7.270	5.000000	5.000000	5.000000	5.000000	3.447658	4.444782	4.796096	5.429365
7.280	5.000000	5.000000	5.000000	5.000000	3.447658	4.150981	4.796096	5.429365
7.290	5.000000	5.000000	5.000000	5.000000	3.727258	4.461104	4.779187	5.081115
7.300	5.000000	5.000000	5.000000	5.000000	3.432124	4.150981	4.779187	5.429365
7.310	5.000000	5.000000	5.000000	5.000000	3.447658	4.150981	5.100468	5.081115
7.320	5.000000	5.000000	5.000000	5.000000	3.432124	4.461104	4.474816	5.429365
7.330	5.000000	5.000000	5.000000	5.000000	3.432124	4.477427	4.796096	5.429365
7.340	5.000000	5.000000	5.000000	5.000000	3.432124	4.150981	4.796096	5.429365
7.350	5.000000	5.000000	5.000000	5.000000	3.432124	4.477427	4.796096	5.429365
7.360	5.000000	5.000000	5.000000	5.000000	3.432124	4.461104	4.796096	5.411036
7.370	5.000000	5.000000	5.000000	5.000000	3.447658	4.461104	4.796096	5.429365
7.380	5.000000	5.000000	5.000000	5.000000	3.447658	4.461104	4.796096	5.411036
7.390	5.000000	5.000000	5.000000	5.000000	3.727258	4.461104	4.779187	5.081115
7.400	5.000000	5.000000	5.000000	5.000000	3.432124	4.461104	4.779187	5.429365
7.410	5.000000	5.000000	5.000000	5.000000	3.432124	4.444782	4.796096	5.411036
7.420	5.000000	5.000000	5.000000	5.000000	3.432124	4.461104	4.796096	5.081115
7.430	5.000000	5.000000	5.000000	5.000000	3.416591	4.461104	4.796096	5.429365
7.440	5.000000	5.000000	5.000000	5.000000	3.432124	4.461104	4.491725	5.429365
7.450	5.000000	5.000000	5.000000	5.000000	3.432124	4.444782	4.796096	5.081115
7.460	5.000000	5.000000	5.000000	5.000000	3.432124	4.134659	4.796096	5.429365
7.470	5.000000	5.000000	5.000000	5.000000	3.727258	4.461104	4.779187	5.429365
7.480	5.000000	5.000000	5.000000	5.000000	3.432124	4.461104	4.779187	5.429365
7.490	5.000000	5.000000	5.000000	5.000000	3.432124	4.134659	4.796096	5.099444
7.500	5.000000	5.000000	5.000000	5.000000	3.727258	4.461104	4.779187	5.099444
7.510	5.000000	5.000000	5.000000	5.000000	3.432124	4.461104	4.779187	5.429365
7.520	5.000000	5.000000	5.000000	5.000000	3.416591	4.461104	4.779187	5.429365
7.530	5.000000	5.000000	5.000000	5.000000	3.432124	4.461104	4.796096	5.429365
7.540	5.000000	5.000000	5.000000	5.000000	3.432124	4.461104	4.796096	5.411036
7.550	5.000000	5.000000	5.000000	5.000000	3.447658	4.444782	4.813006	5.081115
7.560	5.000000	5.000000	5.000000	5.000000	3.727258	4.461104	5.100468	5.411036
7.570	5.000000	5.000000	5.000000	5.000000	3.432124	4.444782	5.100468	5.411036
7.580	5.000000	5.000000	5.000000	5.000000	3.432124	4.150981	5.083558	5.081115
7.590	5.000000	5.000000	5.000000	5.000000	3.432124	4.461104	4.796096	5.429365
7.600	5.000000	5.000000	5.000000	5.000000	3.432124	4.461104	4.796096	5.081115
7.610	5.000000	5.000000	5.000000	5.000000	3.727258	4.150981	4.796096	5.429365
7.620	5.000000	5.000000	5.000000	5.000000	3.432124	4.461104	4.796096	5.081115
7.630	5.000000	5.000000	5.000000	5.000000	3.432124	4.461104	4.779187	5.081115
7.640	5.000000	5.000000	5.000000	5.000000	3.727258	4.461104	4.796096	5.429365
7.650	5.000000	5.000000	5.000000	5.000000	3.432124	4.461104	4.796096	5.081115
7.660	5.000000	5.000000	5.000000	5.000000	3.447658	4.461104	4.779187	5.429365
7.670	5.000000	5.000000	5.000000	5.000000	3.432124	4.167303	4.779187	5.411036
7.680	5.000000	5.000000	5.000000	5.000000	3.432124	4.444782	4.779187	5.081115
7.690	5.000000	5.000000	5.000000	5.000000	3.432124	4.167303	5.100468	5.081115
7.700	5.000000	5.000000	5.000000	5.000000	3.432124	4.150981	4.779187	5.429365
7.710	5.000000	5.000000	5.000000	5.000000	3.432124	4.461104	4.779187	5.062786
7.720	5.000000	5.000000	5.000000	5.000000	3.432124	4.444782	4.779187	5.411036
7.730	5.000000	5.000000	5.000000	5.000000	3.432124	4.461104	4.779187	5.411036
7.740	5.000000	5.000000	5.000000	5.000000	3.447658	4.477427	4.779187	5.429365
7.750	5.000000	5.000000	5.000000	5.000000	3.727258	4.461104	4.779187	5.429365
7.760	5.000000	5.000000	5.000000	5.000000	3.432124	4.461104	4.796096	5.411036
7.770	5.000000	5.000000	5.000000	5.000000	3.416591	4.150981	4.779187	5.411036
7.780	5.000000	5.000000	5.000000	5.000000	3.447658	4.461104	4.796096	5.062786
7.790	5.000000	5.000000	5.000000	5.000000	3.416591	4.444782	4.796096	5.081115
7.800	5.000000	5.000000	5.000000	5.000000	3.432124	4.461104	4.779187	5.429365
7.810	5.000000	5.000000	5.000000	5.000000	3.432124	4.444782	4.796096	5.081115
7.820	5.000000	5.000000	5.000000	5.000000	3.432124	4.461104	4.796096	5.411036
7.830	5.000000	5.000000	5.000000	5.000000	3.432124	4.444782	4.779187	5.429365
7.840	5.000000	5.000000	5.000000	5.000000	3.432124	4.444782	4.796096	5.099444
7.850	5.000000	5.000000	5.000000	5.000000	3.432124	4.444782	4.779187	5.429365
7.860	5.000000	5.000000	5.000000	5.000000	3.447658	4.150981	4.796096	5.081115
7.870	5.000000	5.000000	5.000000	5.000000	3.447658	4.477427	5.100468	5.429365
7.880	5.000000	5.000000	5.000000	5.000000	3.432124	4.461104	4.779187	5.429365
7.890	5.000000	5.000000	5.000000	5.000000	3.711724	4.150981	4.796096	5.099444
7.900	5.000000	5.000000	5.000000	5.000000	3.447658	4.461104	4.796096	5.429365
7.910	5.000000	5.000000	5.000000	5.000000	3.432124	4.461104	4.796096	5.429365
7.920	5.000000	5.000000	5.000000	5.000000	3.432124	4.461104	4.796096	5.429365
7.930	5.000000	5.000000	5.000000	5.000000	3.447658	4.150981	4.796096	5.429365
7.940	5.000000	5.000000	5.000000	5.000000	3.432124	4.150981	4.779187	5.081115
7.950	5.000000	5.000000	5.000000	5.000000	3.432124	4.150981	4.779187	5.081115
7.960	5.000000	5.000000	5.000000	5.000000	3.416591	4.134659	4.796096	5.429365
7.970	5.000000	5.000000	5.000000	5.000000	3.727258	4.461104	5.083558	5.099444
7.980	5.000000	5.000000	5.000000	5.000000	3.432124	4.461104	4.779187	5.081115
7.990	5.000000	5.000000	5.000000	5.000000	3.447658	4.134659	4.796096	5.447694
8.000	5.000000	5.000000	5.000000	5.000000	3.432124	4.444782	4.796096	5.099444
8.010	5.000000	5.000000	5.000000	5.000000	3.727258	4.461104	4.796096	5.081115
8.020	5.000000	5.000000	5.000000	5.000000	3.447658	4.150981	4.796096	5.429365
8.030	5.000000	5.000000	5.000000	5.000000	3.447658	4.461104	4.779187	5.081115
8.040	5.000000	5.000000	5.000000	5.000000	3.432124	4.461104	5.083558	5.429365
8.050	5.000000	5.000000	5.000000	5.000000	3.447658	4.150981	4.457906	5.081115
8.060	5.000000	5.000000	5.000000	5.000000	3.432124	4.150981	4.779187	5.429365
8.070	5.000000	5.000000	5.000000	5.000000	3.447658	4.134659	4.796096	5.081115
8.080	5.000000	5.000000	5.000000	5.000000	3.432124	4.150981	4.779187	5.411036
8.090	5.000000	5.000000	5.000000	5.000000	3.447658	4.134659	4.779187	5.411036
8.100	5.000000	5.000000	5.000000	5.000000	3.432124	4.461104	4.779187	5.429365
8.110	5.000000	5.000000	5.000000	5.000000	3.447658	4.444782	4.779187	5.411036
8.120	5.000000	5.000000	5.000000	5.000000	3.432124	4.461104	4.779187	5.429365
8.130	5.000000	5.000000	5.000000	5.000000	3.432124	4.461104	4.796096	5.081115
8.140	5.000000	5.000000	5.000000	5.000000	3.432124	4.150981	4.474816	5.429365
8.150	5.000000	5.000000	5.000000	5.000000	3.416591	4.150981	4.779187	5.429365
8.160	5.000000	5.000000	5.000000	5.000000	3.447658	4.444782	4.779187	5.429365
8.170	5.000000	5.000000	5.000000	5.000000	3.432124	4.150981	5.100468	5.411036
8.180	5.000000	5.000000	5.000000	5.000000	3.432124	4.461104	4.779187	5.411036
8.190	5.000000	5.000000	5.000000	5.000000	3.447658	4.150981	4.474816	5.429365
8.200	5.000000	5.000000	5.000000	5.000000	3.432124	4.134659	4.779187	5.081115
8.210	5.000000	5.000000	5.000000	5.000000	3.432124	4.150981	4.779187	5.429365
8.220	5.000000	5.000000	5.000000	5.000000	3.432124	4.461104	4.779187	5.411036
8.230	5.000000	5.000000	5.000000	5.000000	3.432124	4.167303	4.779187	5.429365
8.240	5.000000	5.000000	5.000000	5.000000	3.447658	4.461104	4.796096	5.081115
8.250	5.000000	5.000000	5.000000	5.000000	3.432124	4.461104	4.779187	5.411036
8.260	5.000000	5.000000	5.000000	5.000000	3.432124	4.150981	4.779187	5.429365
8.270	5.000000	5.000000	5.000000	5.000000	3.432124	4.461104	4.796096	5.411036
8.280	5.000000	5.000000	5.000000	5.000000	3.432124	4.461104	4.762277	5.081115
8.290	5.000000	5.000000	5.000000	5.000000	3.432124	4.150981	4.779187	5.429365
8.300	5.000000	5.000000	5.000000	5.000000	3.432124	4.461104	4.779187	5.081115
8.310	5.000000	5.000000	5.000000	5.000000	3.727258	4.461104	4.491725	5.447694
8.320	5.000000	5.000000	5.000000	5.000000	3.432124	4.150981	4.762277	5.429365
8.330	5.000000	5.000000	5.000000	5.000000	3.432124	4.461104	4.779187	5.081115
8.340	5.000000	5.000000	5.000000	5.000000	3.447658	4.461104	4.796096	5.429365
8.350	5.000000	5.000000	5.000000	5.000000	3.432124	4.167303	4.796096	5.411036
8.360	5.000000	5.000000	5.000000	5.000000	3.432124	4.444782	4.779187	5.429365
8.370	5.000000	5.000000	5.000000	5.000000	3.447658	4.461104	4.779187	5.429365
8.380	5.000000	5.000000	5.000000	5.000000	3.432124	4.461104	4.474816	5.447694
8.390	5.000000	5.000000	5.000000	5.000000	3.742791	4.461104	4.779187	5.099444
8.400	5.000000	5.000000	5.000000	5.000000	3.432124	4.444782	4.779187	5.429365
8.410	5.000000	5.000000	5.000000	5.000000	3.447658	4.477427	4.779187	5.429365
8.420	5.000000	5.000000	5.000000	5.000000	3.727258	4.461104	4.779187	5.429365
8.430	5.000000	5.000000	5.000000	5.000000	3.447658	4.461104	4.779187	5.081115
8.440	5.000000	5.000000	5.000000	5.000000	3.432124	4.461104	4.779187	5.081115
8.450	5.000000	5.000000	5.000000	5.000000	3.432124	4.167303	4.779187	5.081115
8.460	5.000000	5.000000	5.000000	5.000000	3.432124	4.167303	4.779187	5.099444
8.470	5.000000	5.000000	5.000000	5.000000	3.432124	4.167303	4.779187	5.429365
8.480	5.000000	5.000000	5.000000	5.000000	3.447658	4.477427	4.779187	5.429365
8.490	5.000000	5.000000	5.000000	5.000000	3.447658	4.167303	4.779187	5.429365
8.500	5.000000	5.000000	5.000000	5.000000	3.447658	4.461104	5.100468	5.411036
8.510	5.000000	5.000000	5.000000	5.000000	3.447658	4.150981	5.083558	5.429365
8.520	5.000000	5.000000	5.000000	5.000000	3.432124	4.444782	4.779187	5.429365
8.530	5.000000	5.000000	5.000000	5.000000	3.432124	4.461104	4.779187	5.081115
8.540	5.000000	5.000000	5.000000	5.000000	3.432124	4.477427	4.779187	5.411036
8.550	5.000000	5.000000	5.000000	5.000000	3.447658	4.444782	4.796096	5.099444
8.560	5.000000	5.000000	5.000000	5.000000	3.447658	4.150981	4.796096	5.429365
8.570	5.000000	5.000000	5.000000	5.000000	3.432124	4.167303	4.779187	5.081115
8.580	5.000000	5.000000	5.000000	5.000000	3.447658	4.150981	4.796096	5.429365
8.590	5.000000	5.000000	5.000000	5.000000	3.432124	4.444782	4.779187	5.081115
8.600	5.000000	5.000000	5.000000	5.000000	3.447658	4.167303	4.796096	5.411036
8.610	5.000000	5.000000	5.000000	5.000000	3.432124	4.150981	4.779187	5.429365
8.620	5.000000	5.000000	5.000000	5.000000	3.432124	4.167303	4.796096	5.081115
8.630	5.000000	5.000000	5.000000	5.000000	3.432124	4.150981	4.796096	5.099444
8.640	5.000000	5.000000	5.000000	5.000000	3.432124	4.150981	4.796096	5.429365
8.650	5.000000	5.000000	5.000000	5.000000	3.432124	4.150981	4.796096	5.429365
8.660	5.000000	5.000000	5.000000	5.000000	3.447658	4.150981	4.796096	5.429365
8.670	5.000000	5.000000	5.000000	5.000000	3.432124	4.150981	4.796096	5.411036
8.680	5.000000	5.000000	5.000000	5.000000	3.447658	4.461104	4.796096	5.081115
8.690	5.000000	5.000000	5.000000	5.000000	3.727258	4.461104	4.796096	5.447694
8.700	5.000000	5.000000	5.000000	5.000000	3.447658	4.444782	4.796096	5.099444
8.710	5.000000	5.000000	5.000000	5.000000	3.432124	4.167303	4.796096	5.081115
8.720	5.000000	5.000000	5.000000	5.000000	3.432124	4.167303	5.100468	5.081115
8.730	5.000000	5.000000	5.000000	5.000000	3.447658	4.444782	4.796096	5.081115
8.740	5.000000	5.000000	5.000000	5.000000	3.727258	4.477427	4.796096	5.081115
8.750	5.000000	5.000000	5.000000	5.000000	3.447658	4.150981	4.796096	5.081115
8.760	5.000000	5.000000	5.000000	5.000000	3.432124	4.477427	4.796096	5.099444
8.770	5.000000	5.000000	5.000000	5.000000	3.432124	4.461104	4.796096	5.081115
8.780	5.000000	5.000000	5.000000	5.000000	3.447658	4.461104	4.779187	5.429365
8.790	5.000000	5.000000	5.000000	5.000000	3.432124	4.461104	5.083558	5.429365
8.800	5.000000	5.000000	5.000000	5.000000	3.432124	4.461104	4.796096	5.447694
8.810	5.000000	5.000000	5.000000	5.000000	3.742791	4.461104	5.100468	5.081115
8.820	5.000000	5.000000	5.000000	5.000000	3.432124	4.167303	4.796096	5.429365
8.830	5.000000	5.000000	5.000000	5.000000	3.727258	4.461104	4.796096	5.081115
8.840	5.000000	5.000000	5.000000	5.000000	3.432124	4.461104	4.796096	5.429365
8.850	5.000000	5.000000	5.000000	5.000000	3.432124	4.167303	4.796096	5.429365
8.860	5.000000	5.000000	5.000000	5.000000	3.447658	4.461104	5.100468	5.429365
8.870	5.000000	5.000000	5.000000	5.000000	3.432124	4.167303	4.796096	5.429365
8.880	5.000000	5.000000	5.000000	5.000000	3.432124	4.150981	4.796096	5.429365
8.890	5.000000	5.000000	5.000000	5.000000	3.447658	4.150981	4.779187	5.429365
8.900	5.000000	5.000000	5.000000	5.000000	3.432124	4.150981	4.796096	5.429365
8.910	5.000000	5.000000	5.000000	5.000000	3.447658	4.150981	5.100468	5.081115
8.920	5.000000	5.000000	5.000000	5.000000	3.742791	4.461104	4.779187	5.081115
8.930	5.000000	5.000000	5.000000	5.000000	3.432124	4.444782	4.796096	5.429365
8.940	5.000000	5.000000	5.000000	5.000000	3.447658	4.150981	4.796096	5.081115
8.950	5.000000	5.000000	5.000000	5.000000	3.727258	4.461104	4.796096	5.447694
8.960	5.000000	5.000000	5.000000	5.000000	3.727258	4.444782	4.796096	5.099444
8.970	5.000000	5.000000	5.000000	5.000000	3.432124	4.461104	4.796096	5.429365
8.980	5.000000	5.000000	5.000000	5.000000	3.727258	4.461104	5.100468	5.429365
8.990	5.000000	5.000000	5.000000	5.000000	3.432124	4.167303	4.779187	5.429365
9.000	5.000000	5.000000	5.000000	5.000000	3.432124	4.167303	4.796096	5.429365
9.010	5.000000	5.000000	5.000000	5.000000	3.432124	4.461104	4.796096	5.099444
9.020	5.000000	5.000000	5.000000	5.000000	3.432124	4.150981	5.117377	5.429365
9.030	5.000000	5.000000	5.000000	5.000000	3.432124	4.461104	4.796096	5.429365
9.040	5.000000	5.000000	5.000000	5.000000	3.432124	4.167303	4.796096	5.429365
9.050	5.000000	5.000000	5.000000	5.000000	3.432124	4.167303	4.779187	5.081115
9.060	5.000000	5.000000	5.000000	5.000000	3.432124	4.461104	4.796096	5.099444
9.070	5.000000	5.000000	5.000000	5.000000	3.447658	4.444782	4.796096	5.429365
9.080	5.000000	5.000000	5.000000	5.000000	3.432124	4.150981	4.796096	5.411036
9.090	5.000000	5.000000	5.000000	5.000000	3.432124	4.150981	5.100468	5.429365
9.100	5.000000	5.000000	5.000000	5.000000	3.432124	4.150981	4.779187	5.429365
9.110	5.000000	5.000000	5.000000	5.000000	3.432124	4.150981	4.796096	5.429365
9.120	5.000000	5.000000	5.000000	5.000000	3.432124	4.167303	4.779187	5.429365
9.130	5.000000	5.000000	5.000000	5.000000	3.742791	4.461104	4.796096	5.429365
9.140	5.000000	5.000000	5.000000	5.000000	3.432124	4.461104	5.100468	5.099444
9.150	5.000000	5.000000	5.000000	5.000000	3.432124	4.167303	4.779187	5.429365
9.160	5.000000	5.000000	5.000000	5.000000	3.447658	4.461104	4.779187	5.081115
9.170	5.000000	5.000000	5.000000	5.000000	3.432124	4.461104	4.796096	5.099444
9.180	5.000000	5.000000	5.000000	5.000000	3.432124	4.461104	4.779187	5.081115
9.190	5.000000	5.000000	5.000000	5.000000	3.432124	4.477427	4.779187	5.429365
9.200	5.000000	5.000000	5.000000	5.000000	3.711724	4.444782	4.796096	5.429365
9.210	5.000000	5.000000	5.000000	5.000000	3.432124	4.167303	4.796096	5.081115
9.220	5.000000	5.000000	5.000000	5.000000	3.432124	4.461104	4.796096	5.429365
9.230	5.000000	5.000000	5.000000	5.000000	3.432124	4.461104	4.779187	5.429365
9.240	5.000000	5.000000	5.000000	5.000000	3.432124	4.461104	4.796096	5.429365
9.250	5.000000	5.000000	5.000000	5.000000	3.432124	4.150981	4.796096	5.429365
9.260	5.000000	5.000000	5.000000	5.000000	3.447658	4.150981	4.796096	5.429365
9.270	5.000000	5.000000	5.000000	5.000000	3.432124	4.150981	4.796096	5.081115
9.280	5.000000	5.000000	5.000000	5.000000	3.432124	4.477427	5.100468	5.081115
9.290	5.000000	5.000000	5.000000	5.000000	3.447658	4.444782	4.813006	5.429365
9.300	5.000000	5.000000	5.000000	5.000000	3.711724	4.134659	4.796096	5.447694
9.310	5.000000	5.000000	5.000000	5.000000	3.432124	4.150981	4.796096	5.081115
9.320	5.000000	5.000000	5.000000	5.000000	3.432124	4.167303	4.796096	5.429365
9.330	5.000000	5.000000	5.000000	5.000000	3.432124	4.150981	4.796096	5.429365
9.340	5.000000	5.000000	5.000000	5.000000	3.432124	4.461104	4.779187	5.099444
9.350	5.000000	5.000000	5.000000	5.000000	3.432124	4.444782	4.796096	5.429365
9.360	5.000000	5.000000	5.000000	5.000000	3.742791	4.461104	4.779187	5.081115
9.370	5.000000	5.000000	5.000000	5.000000	3.727258	4.150981	4.796096	5.411036
9.380	5.000000	5.000000	5.000000	5.000000	3.432124	4.461104	4.796096	5.081115
9.390	5.000000	5.000000	5.000000	5.000000	3.432124	4.461104	4.796096	5.429365
9.400	5.000000	5.000000	5.000000	5.000000	3.447658	4.461104	4.796096	5.429365
9.410	5.000000	5.000000	5.000000	5.000000	3.432124	4.150981	4.796096	5.081115
9.420	5.000000	5.000000	5.000000	5.000000	3.432124	4.461104	5.100468	5.411036
9.430	5.000000	5.000000	5.000000	5.000000	3.711724	4.150981	4.796096	5.411036
9.440	5.000000	5.000000	5.000000	5.000000	3.432124	4.461104	4.796096	5.081115
9.450	5.000000	5.000000	5.000000	5.000000	3.432124	4.167303	4.779187	5.429365
9.460	5.000000	5.000000	5.000000	5.000000	3.432124	4.150981	4.796096	5.411036
9.470	5.000000	5.000000	5.000000	5.000000	3.432124	4.150981	4.796096	5.099444
9.480	5.000000	5.000000	5.000000	5.000000	3.447658	4.461104	4.779187	5.429365
9.490	5.000000	5.000000	5.000000	5.000000	3.727258	4.461104	4.779187	5.429365
9.500	5.000000	5.000000	5.000000	5.000000	3.727258	4.461104	4.796096	5.411036
9.510	5.000000	5.000000	5.000000	5.000000	3.432124	4.150981	4.796096	5.447694
9.520	5.000000	5.000000	5.000000	5.000000	3.727258	4.150981	4.796096	5.429365
9.530	5.000000	5.000000	5.000000	5.000000	3.432124	4.150981	4.796096	5.429365
9.540	5.000000	5.000000	5.000000	5.000000	3.432124	4.477427	4.779187	5.429365
9.550	5.000000	5.000000	5.000000	5.000000	3.432124	4.150981	4.796096	5.429365
9.560	5.000000	5.000000	5.000000	5.000000	3.432124	4.477427	4.796096	5.429365
9.570	5.000000	5.000000	5.000000	5.000000	3.742791	4.167303	4.779187	5.429365
9.580	5.000000	5.000000	5.000000	5.000000	3.432124	4.150981	4.796096	5.429365
9.590	5.000000	5.000000	5.000000	5.000000	3.432124	4.461104	4.796096	5.411036
9.600	5.000000	5.000000	5.000000	5.000000	3.742791	4.461104	4.796096	5.411036
9.610	5.000000	5.000000	5.000000	5.000000	3.432124	4.150981	4.796096	5.081115
9.620	5.000000	5.000000	5.000000	5.000000	3.432124	4.461104	4.779187	5.099444
9.630	5.000000	5.000000	5.000000	5.000000	3.742791	4.167303	4.779187	5.411036
9.640	5.000000	5.000000	5.000000	5.000000	3.727258	4.461104	4.796096	5.099444
9.650	5.000000	5.000000	5.000000	5.000000	3.432124	4.461104	5.100468	5.429365
9.660	5.000000	5.000000	5.000000	5.000000	3.727258	4.461104	4.796096	5.429365
9.670	5.000000	5.000000	5.000000	5.000000	3.447658	4.444782	4.796096	5.411036
9.680	5.000000	5.000000	5.000000	5.000000	3.432124	4.134659	4.796096	5.429365
9.690	5.000000	5.000000	5.000000	5.000000	3.416591	4.150981	4.796096	5.429365
9.700	5.000000	5.000000	5.000000	5.000000	3.432124	4.461104	4.796096	5.099444
9.710	5.000000	5.000000	5.000000	5.000000	3.432124	4.167303	4.779187	5.447694
9.720	5.000000	5.000000	5.000000	5.000000	3.432124	4.461104	4.779187	5.429365
9.730	5.000000	5.000000	5.000000	5.000000	3.432124	4.461104	4.779187	5.447694
9.740	5.000000	5.000000	5.000000	5.000000	3.447658	4.461104	4.779187	5.429365
9.750	5.000000	5.000000	5.000000	5.000000	3.432124	4.461104	4.779187	5.447694
9.760	5.000000	5.000000	5.000000	5.000000	3.727258	4.461104	4.813006	5.429365
9.770	5.000000	5.000000	5.000000	5.000000	3.432124	4.477427	4.491725	5.429365
9.780	5.000000	5.000000	5.000000	5.000000	3.432124	4.150981	4.796096	5.447694
9.790	5.000000	5.000000	5.000000	5.000000	3.727258	4.477427	4.796096	5.099444
9.800	5.000000	5.000000	5.000000	5.000000	3.432124	4.150981	4.796096	5.081115
9.810	5.000000	5.000000	5.000000	5.000000	3.447658	4.461104	4.796096	5.411036
9.820	5.000000	5.000000	5.000000	5.000000	3.727258	4.150981	4.779187	5.411036
9.830	5.000000	5.000000	5.000000	5.000000	3.742791	4.150981	4.796096	5.099444
9.840	5.000000	5.000000	5.000000	5.000000	3.432124	4.444782	4.796096	5.081115
9.850	5.000000	5.000000	5.000000	5.000000	3.432124	4.150981	4.779187	5.411036
9.860	5.000000	5.000000	5.000000	5.000000	3.447658	4.461104	4.779187	5.081115
9.870	5.000000	5.000000	5.000000	5.000000	3.447658	4.461104	4.779187	5.081115
9.880	5.000000	5.000000	5.000000	5.000000	3.432124	4.461104	4.796096	5.429365
9.890	5.000000	5.000000	5.000000	5.000000	3.432124	4.167303	4.796096	5.081115
9.900	5.000000	5.000000	5.000000	5.000000	3.711724	4.134659	4.813006	5.411036
9.910	5.000000	5.000000	5.000000	5.000000	3.432124	4.134659	4.796096	5.429365
9.920	5.000000	5.000000	5.000000	5.000000	3.432124	4.150981	4.779187	5.429365
9.930	5.000000	5.000000	5.000000	5.000000	3.447658	4.461104	4.796096	5.081115
9.940	5.000000	5.000000	5.000000	5.000000	3.432124	4.461104	4.813006	5.411036
9.950	5.000000	5.000000	5.000000	5.000000	3.432124	4.444782	4.779187	5.447694
9.960	5.000000	5.000000	5.000000	5.000000	3.416591	4.150981	4.779187	5.099444
9.970	5.000000	5.000000	5.000000	5.000000	3.432124	4.444782	4.796096	5.099444
9.980	5.000000	5.000000	5.000000	5.000000	3.727258	4.477427	4.796096	5.429365
9.990	5.000000	5.000000	5.000000	5.000000	3.727258	4.150981	4.796096	5.429365
10.000	5.000000	5.000000	5.000000	5.000000	3.432124	4.461104	4.779187	5.447694
10.010	5.000000	5.000000	5.000000	5.000000	3.432124	4.461104	4.779187	5.447694
10.020	5.000000	5.000000	5.000000	5.000000	3.432124	4.461104	4.779187	5.429365
10.030	5.000000	5.000000	5.000000	5.000000	3.432124	4.461104	4.779187	5.099444
10.040	5.000000	5.000000	5.000000	5.000000	3.432124	4.150981	4.796096	5.081115
10.050	5.000000	5.000000	5.000000	5.000000	3.432124	4.444782	4.796096	5.411036
10.060	5.000000	5.000000	5.000000	5.000000	3.432124	4.461104	4.796096	5.429365
10.070	5.000000	5.000000	5.000000	5.000000	3.432124	4.477427	4.796096	5.081115
10.080	5.000000	5.000000	5.000000	5.000000	3.432124	4.167303	4.796096	5.081115
10.090	5.000000	5.000000	5.000000	5.000000	3.432124	4.477427	4.796096	5.429365
10.100	5.000000	5.000000	5.000000	5.000000	3.727258	4.134659	4.779187	5.429365
10.110	5.000000	5.000000	5.000000	5.000000	3.416591	4.134659	4.796096	5.429365
10.120	5.000000	5.000000	5.000000	5.000000	3.432124	4.461104	4.796096	5.429365
10.130	5.000000	5.000000	5.000000	5.000000	3.432124	4.134659	4.779187	5.429365
10.140	5.000000	5.000000	5.000000	5.000000	3.416591	4.150981	4.796096	5.429365
10.150	5.000000	5.000000	5.000000	5.000000	3.432124	4.444782	4.779187	5.429365
10.160	5.000000	5.000000	5.000000	5.000000	3.447658	4.444782	4.813006	5.429365
10.170	5.000000	5.000000	5.000000	5.000000	3.432124	4.461104	4.796096	5.099444
10.180	5.000000	5.000000	5.000000	5.000000	3.432124	4.461104	4.779187	5.411036
10.190	5.000000	5.000000	5.000000	5.000000	3.432124	4.150981	5.100468	5.429365
10.200	5.000000	5.000000	5.000000	5.000000	3.432124	4.444782	4.779187	5.429365
10.210	5.000000	5.000000	5.000000	5.000000	3.727258	4.461104	4.796096	5.429365
10.220	5.000000	5.000000	5.000000	5.000000	3.432124	4.150981	4.779187	5.081115
10.230	5.000000	5.000000	5.000000	5.000000	3.447658	4.150981	4.779187	5.429365
10.240	5.000000	5.000000	5.000000	5.000000	3.432124	4.461104	5.100468	5.429365
10.250	5.000000	5.000000	5.000000	5.000000	3.432124	4.150981	4.779187	5.099444
10.260	5.000000	5.000000	5.000000	5.000000	3.727258	4.167303	4.796096	5.062786
10.270	5.000000	5.000000	5.000000	5.000000	3.432124	4.461104	4.779187	5.081115
10.280	5.000000	5.000000	5.000000	5.000000	3.432124	4.461104	4.796096	5.099444
10.290	5.000000	5.000000	5.000000	5.000000	3.447658	4.461104	4.796096	5.099444
10.300	5.000000	5.000000	5.000000	5.000000	3.432124	4.477427	4.796096	5.447694
10.310	5.000000	5.000000	5.000000	5.000000	3.447658	4.461104	4.796096	5.117773
10.320	5.000000	5.000000	5.000000	5.000000	3.432124	4.150981	4.796096	5.447694
10.330	5.000000	5.000000	5.000000	5.000000	3.727258	4.150981	4.779187	5.099444
10.340	5.000000	5.000000	5.000000	5.000000	3.727258	4.461104	4.796096	5.447694
10.350	5.000000	5.000000	5.000000	5.000000	3.447658	4.150981	4.796096	5.429365
10.360	5.000000	5.000000	5.000000	5.000000	3.432124	4.461104	5.100468	5.429365
10.370	5.000000	5.000000	5.000000	5.000000	3.447658	4.134659	4.779187	5.429365
10.380	5.000000	5.000000	5.000000	5.000000	3.432124	4.150981	4.813006	5.429365
10.390	5.000000	5.000000	5.000000	5.000000	3.447658	4.461104	4.796096	5.429365
10.400	5.000000	5.000000	5.000000	5.000000	3.727258	4.461104	4.796096	5.429365
10.410	5.000000	5.000000	5.000000	5.000000	3.432124	4.150981	4.779187	5.099444
10.420	5.000000	5.000000	5.000000	5.000000	3.432124	4.461104	4.796096	5.447694
10.430	5.000000	5.000000	5.000000	5.000000	3.432124	4.150981	4.796096	5.081115
10.440	5.000000	5.000000	5.000000	5.000000	3.727258	4.167303	4.796096	5.099444
10.450	5.000000	5.000000	5.000000	5.000000	3.447658	4.461104	4.779187	5.429365
10.460	5.000000	5.000000	5.000000	5.000000	3.727258	4.477427	4.796096	5.099444
10.470	5.000000	5.000000	5.000000	5.000000	3.432124	4.167303	4.796096	5.447694
10.480	5.000000	5.000000	5.000000	5.000000	3.432124	4.461104	4.796096	5.099444
10.490	5.000000	5.000000	5.000000	5.000000	3.432124	4.477427	4.779187	5.447694
10.500	5.000000	5.000000	5.000000	5.000000	3.432124	4.150981	4.813006	5.429365
10.510	5.000000	5.000000	5.000000	5.000000	3.727258	4.150981	4.779187	5.081115
10.520	5.000000	5.000000	5.000000	5.000000	3.727258	4.461104	4.796096	5.447694
10.530	5.000000	5.000000	5.000000	5.000000	3.416591	4.477427	4.474816	5.429365
10.540	5.000000	5.000000	5.000000	5.000000	3.727258	4.150981	4.796096	5.081115
10.550	5.000000	5.000000	5.000000	5.000000	3.432124	4.461104	4.796096	5.429365
10.560	5.000000	5.000000	5.000000	5.000000	3.432124	4.150981	4.796096	5.429365
10.570	5.000000	5.000000	5.000000	5.000000	3.447658	4.444782	4.779187	5.447694
10.580	5.000000	5.000000	5.000000	5.000000	3.742791	4.444782	4.796096	5.099444
10.590	5.000000	5.000000	5.000000	5.000000	3.432124	4.461104	4.796096	5.081115
10.600	5.000000	5.000000	5.000000	5.000000	3.432124	4.461104	4.796096	5.099444
10.610	5.000000	5.000000	5.000000	5.000000	3.432124	4.461104	4.796096	5.099444
10.620	5.000000	5.000000	5.000000	5.000000	3.432124	4.150981	4.796096	5.099444
10.630	5.000000	5.000000	5.000000	5.000000	3.432124	4.461104	4.779187	5.411036
10.640	5.000000	5.000000	5.000000	5.000000	3.432124	4.167303	4.796096	5.447694
10.650	5.000000	5.000000	5.000000	5.000000	3.432124	4.461104	4.796096	5.429365
10.660	5.000000	5.000000	5.000000	5.000000	3.711724	4.134659	4.796096	5.447694
10.670	5.000000	5.000000	5.000000	5.000000	3.711724	4.461104	4.796096	5.429365
10.680	5.000000	5.000000	5.000000	5.000000	3.432124	4.477427	4.779187	5.429365
10.690	5.000000	5.000000	5.000000	5.000000	3.447658	4.477427	4.796096	5.429365
10.700	5.000000	5.000000	5.000000	5.000000	3.727258	4.461104	4.796096	5.099444
10.710	5.000000	5.000000	5.000000	5.000000	3.727258	4.444782	4.796096	5.429365
10.720	5.000000	5.000000	5.000000	5.000000	3.432124	4.150981	4.796096	5.099444
10.730	5.000000	5.000000	5.000000	5.000000	3.432124	4.150981	4.796096	5.099444
10.740	5.000000	5.000000	5.000000	5.000000	3.432124	4.477427	4.796096	5.447694
10.750	5.000000	5.000000	5.000000	5.000000	3.447658	4.167303	4.796096	5.081115
10.760	5.000000	5.000000	5.000000	5.000000	3.727258	4.150981	4.796096	5.062786
10.770	5.000000	5.000000	5.000000	5.000000	3.432124	4.461104	4.796096	5.081115
10.780	5.000000	5.000000	5.000000	5.000000	3.432124	4.167303	4.796096	5.099444
10.790	5.000000	5.000000	5.000000	5.000000	3.447658	4.461104	4.796096	5.429365
10.800	5.000000	5.000000	5.000000	5.000000	3.742791	4.150981	4.796096	5.429365
10.810	5.000000	5.000000	5.000000	5.000000	3.416591	4.461104	5.100468	5.081115
10.820	5.000000	5.000000	5.000000	5.000000	3.447658	4.444782	4.796096	5.429365
10.830	5.000000	5.000000	5.000000	5.000000	3.447658	4.150981	4.796096	5.429365
10.840	5.000000	5.000000	5.000000	5.000000	3.432124	4.150981	4.779187	5.429365
10.850	5.000000	5.000000	5.000000	5.000000	3.447658	4.461104	5.100468	5.411036
10.860	5.000000	5.000000	5.000000	5.000000	3.447658	4.150981	4.779187	5.099444
10.870	5.000000	5.000000	5.000000	5.000000	3.727258	4.461104	4.796096	5.429365
10.880	5.000000	5.000000	5.000000	5.000000	3.432124	4.150981	4.796096	5.429365
10.890	5.000000	5.000000	5.000000	5.000000	3.432124	4.461104	4.796096	5.411036
10.900	5.000000	5.000000	5.000000	5.000000	3.432124	4.167303	4.796096	5.099444
10.910	5.000000	5.000000	5.000000	5.000000	3.432124	4.150981	4.779187	5.081115
10.920	5.000000	5.000000	5.000000	5.000000	3.432124	4.461104	4.796096	5.429365
10.930	5.000000	5.000000	5.000000	5.000000	3.432124	4.461104	5.083558	5.099444
10.940	5.000000	5.000000	5.000000	5.000000	3.432124	4.461104	4.762277	5.429365
10.950	5.000000	5.000000	5.000000	5.000000	3.447658	4.461104	5.083558	5.429365
10.960	5.000000	5.000000	5.000000	5.000000	3.432124	4.167303	4.796096	5.411036
10.970	5.000000	5.000000	5.000000	5.000000	3.727258	4.150981	4.779187	5.429365
10.980	5.000000	5.000000	5.000000	5.000000	3.432124	4.477427	4.813006	5.447694
10.990	5.000000	5.000000	5.000000	5.000000	3.432124	4.461104	4.796096	5.099444
11.000	5.000000	5.000000	5.000000	5.000000	3.432124	4.150981	4.796096	5.429365
11.010	5.000000	5.000000	5.000000	5.000000	3.447658	4.477427	4.779187	5.411036
11.020	5.000000	5.000000	5.000000	5.000000	3.432124	4.150981	4.796096	5.411036
11.030	5.000000	5.000000	5.000000	5.000000	3.432124	4.461104	4.796096	5.429365
11.040	5.000000	5.000000	5.000000	5.000000	3.432124	4.477427	4.779187	5.411036
11.050	5.000000	5.000000	5.000000	5.000000	3.727258	4.150981	4.796096	5.081115
11.060	5.000000	5.000000	5.000000	5.000000	3.432124	4.150981	4.796096	5.411036
11.070	5.000000	5.000000	5.000000	5.000000	3.432124	4.150981	4.796096	5.081115
11.080	5.000000	5.000000	5.000000	5.000000	3.727258	4.461104	4.779187	5.429365
11.090	5.000000	5.000000	5.000000	5.000000	3.447658	4.167303	4.779187	5.081115
11.100	5.000000	5.000000	5.000000	5.000000	3.432124	4.150981	4.796096	5.429365
11.110	5.000000	5.000000	5.000000	5.000000	3.432124	4.150981	5.100468	5.411036
11.120	5.000000	5.000000	5.000000	5.000000	3.447658	4.461104	4.779187	5.429365
11.130	5.000000	5.000000	5.000000	5.000000	3.432124	4.461104	4.796096	5.429365
11.140	5.000000	5.000000	5.000000	5.000000	3.727258	4.461104	4.796096	5.062786
11.150	5.000000	5.000000	5.000000	5.000000	3.727258	4.444782	4.796096	5.411036
11.160	5.000000	5.000000	5.000000	5.000000	3.416591	4.461104	4.796096	5.411036
11.170	5.000000	5.000000	5.000000	5.000000	3.416591	4.150981	4.796096	5.429365
11.180	5.000000	5.000000	5.000000	5.000000	3.727258	4.167303	4.796096	5.411036
11.190	5.000000	5.000000	5.000000	5.000000	3.432124	4.150981	4.779187	5.062786
11.200	5.000000	5.000000	5.000000	5.000000	3.432124	4.150981	4.779187	5.081115
11.210	5.000000	5.000000	5.000000	5.000000	3.416591	4.444782	4.796096	5.411036
11.220	5.000000	5.000000	5.000000	5.000000	3.432124	4.461104	4.796096	5.447694
11.230	5.000000	5.000000	5.000000	5.000000	3.432124	4.444782	4.779187	5.429365
11.240	5.000000	5.000000	5.000000	5.000000	3.432124	4.461104	4.474816	5.411036
11.250	5.000000	5.000000	5.000000	5.000000	3.432124	4.167303	5.100468	5.099444
11.260	5.000000	5.000000	5.000000	5.000000	3.432124	4.461104	4.779187	5.411036
11.270	5.000000	5.000000	5.000000	5.000000	3.727258	4.150981	4.779187	5.099444
11.280	5.000000	5.000000	5.000000	5.000000	3.432124	4.167303	4.779187	5.429365
11.290	5.000000	5.000000	5.000000	5.000000	3.416591	4.461104	4.796096	5.447694
11.300	5.000000	5.000000	5.000000	5.000000	3.432124	4.477427	4.796096	5.081115
11.310	5.000000	5.000000	5.000000	5.000000	3.432124	4.461104	4.796096	5.411036
11.320	5.000000	5.000000	5.000000	5.000000	3.447658	4.461104	4.796096	5.081115
11.330	5.000000	5.000000	5.000000	5.000000	3.727258	4.150981	4.796096	5.429365
11.340	5.000000	5.000000	5.000000	5.000000	3.432124	4.461104	4.457906	5.429365
11.350	5.000000	5.000000	5.000000	5.000000	3.432124	4.461104	5.100468	5.081115
11.360	5.000000	5.000000	5.000000	5.000000	3.432124	4.150981	4.796096	5.411036
11.370	5.000000	5.000000	5.000000	5.000000	3.432124	4.461104	4.796096	5.411036
11.380	5.000000	5.000000	5.000000	5.000000	3.447658	4.167303	4.796096	5.429365
11.390	5.000000	5.000000	5.000000	5.000000	3.432124	4.167303	4.796096	5.429365
11.400	5.000000	5.000000	5.000000	5.000000	3.432124	4.461104	4.779187	5.429365
11.410	5.000000	5.000000	5.000000	5.000000	3.727258	4.477427	4.779187	5.429365
11.420	5.000000	5.000000	5.000000	5.000000	3.416591	4.150981	4.796096	5.099444
11.430	5.000000	5.000000	5.000000	5.000000	3.432124	4.461104	4.796096	5.081115
11.440	5.000000	5.000000	5.000000	5.000000	3.727258	4.150981	5.100468	5.411036
11.450	5.000000	5.000000	5.000000	5.000000	3.447658	4.444782	4.796096	5.429365
11.460	5.000000	5.000000	5.000000	5.000000	3.711724	4.461104	4.796096	5.429365
11.470	5.000000	5.000000	5.000000	5.000000	3.432124	4.461104	4.796096	5.081115
11.480	5.000000	5.000000	5.000000	5.000000	3.432124	4.461104	4.796096	5.429365
11.490	5.000000	5.000000	5.000000	5.000000	3.432124	4.167303	4.796096	5.429365
11.500	5.000000	5.000000	5.000000	5.000000	3.432124	4.461104	4.779187	5.429365
11.510	5.000000	5.000000	5.000000	5.000000	3.432124	4.477427	4.779187	5.099444
11.520	5.000000	5.000000	5.000000	5.000000	3.432124	4.150981	5.117377	5.429365
11.530	5.000000	5.000000	5.000000	5.000000	3.447658	4.477427	4.796096	5.099444
11.540	5.000000	5.000000	5.000000	5.000000	3.432124	4.477427	4.796096	5.081115
11.550	5.000000	5.000000	5.000000	5.000000	3.432124	4.167303	4.796096	5.429365
11.560	5.000000	5.000000	5.000000	5.000000	3.432124	4.444782	4.779187	5.081115
11.570	5.000000	5.000000	5.000000	5.000000	3.711724	4.477427	4.779187	5.429365
11.580	5.000000	5.000000	5.000000	5.000000	3.432124	4.150981	5.083558	5.081115
11.590	5.000000	5.000000	5.000000	5.000000	3.432124	4.444782	4.796096	5.081115
11.600	5.000000	5.000000	5.000000	5.000000	3.447658	4.461104	4.796096	5.429365
11.610	5.000000	5.000000	5.000000	5.000000	3.432124	4.150981	4.796096	5.429365
11.620	5.000000	5.000000	5.000000	5.000000	3.432124	4.150981	4.779187	5.081115
11.630	5.000000	5.000000	5.000000	5.000000	3.432124	4.461104	4.779187	5.429365
11.640	5.000000	5.000000	5.000000	5.000000	3.711724	4.150981	4.779187	5.099444
11.650	5.000000	5.000000	5.000000	5.000000	3.447658	4.461104	4.779187	5.099444
11.660	5.000000	5.000000	5.000000	5.000000	3.432124	4.150981	4.779187	5.411036
11.670	5.000000	5.000000	5.000000	5.000000	3.432124	4.134659	5.100468	5.081115
11.680	5.000000	5.000000	5.000000	5.000000	3.432124	4.150981	4.796096	5.429365
11.690	5.000000	5.000000	5.000000	5.000000	3.432124	4.150981	4.796096	5.429365
11.700	5.000000	5.000000	5.000000	5.000000	3.432124	4.150981	4.813006	5.447694
11.710	5.000000	5.000000	5.000000	5.000000	3.432124	4.167303	4.491725	5.081115
11.720	5.000000	5.000000	5.000000	5.000000	3.447658	4.150981	4.796096	5.429365
11.730	5.000000	5.000000	5.000000	5.000000	3.432124	4.150981	4.796096	5.429365
11.740	5.000000	5.000000	5.000000	5.000000	3.711724	4.461104	4.796096	5.429365
11.750	5.000000	5.000000	5.000000	5.000000	3.416591	4.461104	5.100468	5.429365
11.760	5.000000	5.000000	5.000000	5.000000	3.727258	4.167303	4.796096	5.081115
11.770	5.000000	5.000000	5.000000	5.000000	3.432124	4.167303	4.779187	5.411036
11.780	5.000000	5.000000	5.000000	5.000000	3.447658	4.150981	4.779187	5.429365
11.790	5.000000	5.000000	5.000000	5.000000	3.447658	4.150981	4.796096	5.429365
11.800	5.000000	5.000000	5.000000	5.000000	3.432124	4.461104	4.796096	5.081115
11.810	5.000000	5.000000	5.000000	5.000000	3.447658	4.461104	4.796096	5.429365
11.820	5.000000	5.000000	5.000000	5.000000	3.447658	4.477427	4.779187	5.411036
11.830	5.000000	5.000000	5.000000	5.000000	3.432124	4.461104	4.796096	5.099444
11.840	5.000000	5.000000	5.000000	5.000000	3.432124	4.461104	5.100468	5.081115
11.850	5.000000	5.000000	5.000000	5.000000	3.447658	4.461104	4.779187	5.429365
11.860	5.000000	5.000000	5.000000	5.000000	3.727258	4.461104	4.796096	5.081115
11.870	5.000000	5.000000	5.000000	5.000000	3.432124	4.477427	4.779187	5.099444
11.880	5.000000	5.000000	5.000000	5.000000	3.432124	4.150981	4.796096	5.081115
11.890	5.000000	5.000000	5.000000	5.000000	3.432124	4.461104	4.796096	5.429365
11.900	5.000000	5.000000	5.000000	5.000000	3.432124	4.461104	4.779187	5.081115
11.910	5.000000	5.000000	5.000000	5.000000	3.432124	4.461104	5.083558	5.429365
11.920	5.000000	5.000000	5.000000	5.000000	3.447658	4.167303	4.796096	5.081115
11.930	5.000000	5.000000	5.000000	5.000000	3.432124	4.477427	5.100468	5.411036
11.940	5.000000	5.000000	5.000000	5.000000	3.727258	4.444782	4.779187	5.429365
11.950	5.000000	5.000000	5.000000	5.000000	3.432124	4.444782	4.796096	5.099444
11.960	5.000000	5.000000	5.000000	5.000000	3.432124	4.444782	4.796096	5.429365
11.970	5.000000	5.000000	5.000000	5.000000	3.416591	4.477427	4.779187	5.411036
11.980	5.000000	5.000000	5.000000	5.000000	3.727258	4.167303	4.796096	5.429365
11.990	5.000000	5.000000	5.000000	5.000000	3.432124	4.477427	4.796096	5.429365
12.000	5.000000	5.000000	5.000000	5.000000	3.432124	4.444782	4.779187	5.081115
12.010	5.000000	5.000000	5.000000	5.000000	3.432124	4.461104	4.491725	5.081115
12.020	5.000000	5.000000	5.000000	5.000000	3.432124	4.167303	4.779187	5.081115
12.030	5.000000	5.000000	5.000000	5.000000	3.447658	4.461104	4.796096	5.429365
12.040	5.000000	5.000000	5.000000	5.000000	3.432124	4.150981	4.796096	5.081115
12.050	5.000000	5.000000	5.000000	5.000000	3.727258	4.461104	4.779187	5.411036
12.060	5.000000	5.000000	5.000000	5.000000	3.432124	4.150981	4.813006	5.081115
12.070	5.000000	5.000000	5.000000	5.000000	3.432124	4.461104	4.779187	5.429365
12.080	5.000000	5.000000	5.000000	5.000000	3.711724	4.134659	4.796096	5.081115
12.090	5.000000	5.000000	5.000000	5.000000	3.447658	4.444782	4.779187	5.081115
12.100	5.000000	5.000000	5.000000	5.000000	3.432124	4.134659	4.796096	5.429365
12.110	5.000000	5.000000	5.000000	5.000000	3.727258	4.461104	4.779187	5.081115
12.120	5.000000	5.000000	5.000000	5.000000	3.432124	4.134659	4.779187	5.429365
12.130	5.000000	5.000000	5.000000	5.000000	3.727258	4.150981	4.796096	5.081115
12.140	5.000000	5.000000	5.000000	5.000000	3.432124	4.461104	4.796096	5.429365
12.150	5.000000	5.000000	5.000000	5.000000	3.432124	4.461104	4.813006	5.429365
12.160	5.000000	5.000000	5.000000	5.000000	3.432124	4.461104	4.813006	5.411036
12.170	5.000000	5.000000	5.000000	5.000000	3.432124	4.461104	4.796096	5.099444
12.180	5.000000	5.000000	5.000000	5.000000	3.432124	4.150981	4.796096	5.411036
12.190	5.000000	5.000000	5.000000	5.000000	3.727258	4.150981	4.779187	5.411036
12.200	5.000000	5.000000	5.000000	5.000000	3.432124	4.150981	4.491725	5.429365
12.210	5.000000	5.000000	5.000000	5.000000	3.447658	4.477427	4.796096	5.429365
12.220	5.000000	5.000000	5.000000	5.000000	3.432124	4.444782	4.796096	5.411036
12.230	5.000000	5.000000	5.000000	5.000000	3.432124	4.150981	4.796096	5.081115
12.240	5.000000	5.000000	5.000000	5.000000	3.432124	4.477427	4.796096	5.429365
12.250	5.000000	5.000000	5.000000	5.000000	3.432124	4.150981	4.796096	5.429365
12.260	5.000000	5.000000	5.000000	5.000000	3.432124	4.150981	5.083558	5.081115
12.270	5.000000	5.000000	5.000000	5.000000	3.727258	4.461104	4.779187	5.081115
12.280	5.000000	5.000000	5.000000	5.000000	3.432124	4.150981	4.779187	5.081115
12.290	5.000000	5.000000	5.000000	5.000000	3.447658	4.477427	4.796096	5.429365
12.300	5.000000	5.000000	5.000000	5.000000	3.416591	4.444782	4.796096	5.081115
