Time(s)	Delta1C(deg)	Delta2C(deg)	Delta3C(deg)	Delta4C(deg)	Delta1(deg)	Delta2(deg)	Delta3(deg)	Delta4(deg)
0.000	0.000000	0.000000	0.000000	0.000000	-1.588780	-0.243532	0.158931	-0.201911
0.010	0.000000	0.000000	0.000000	0.000000	-1.588780	-0.243532	0.158931	-0.201911
0.020	0.000000	0.000000	0.000000	0.000000	12.503594	14.319760	14.417611	15.986838
0.030	0.000000	0.000000	0.000000	0.000000	12.488061	14.009637	14.400702	15.638588
0.040	0.000000	0.000000	0.000000	0.000000	11.338594	13.373068	13.470678	14.282246
0.050	0.000000	0.000000	0.000000	0.000000	9.862927	11.855096	11.915003	12.925904
0.060	0.000000	0.000000	0.000000	0.000000	8.123193	10.010679	10.071865	11.221312
0.070	0.000000	0.000000	0.000000	0.000000	6.352392	8.460063	8.194909	8.838549
0.080	0.000000	0.000000	0.000000	0.000000	4.301991	6.305522	6.030491	6.107536
0.090	0.000000	0.000000	0.000000	0.000000	1.971990	3.840858	3.866073	4.073023
0.100	0.000000	0.000000	0.000000	0.000000	0.216723	1.980118	1.684745	1.342010
0.110	0.000000	0.000000	0.000000	0.000000	-1.243411	0.119378	-0.158392	-0.344253
0.120	0.000000	0.000000	0.000000	0.000000	-1.243411	-1.708717	-0.784044	-0.362582
0.130	0.000000	0.000000	0.000000	0.000000	-1.258944	-2.655409	-0.784044	-0.344253
0.140	0.000000	0.000000	0.000000	0.000000	-1.243411	-2.639087	-0.784044	-0.014332
0.150	0.000000	0.000000	0.000000	0.000000	-1.243411	-2.639087	-0.479673	-0.014332
0.160	0.000000	0.000000	0.000000	0.000000	-1.258944	-2.035162	-0.479673	-0.032661
0.170	0.000000	0.000000	0.000000	0.000000	-1.243411	-0.794669	-0.462763	-0.014332
0.180	0.000000	0.000000	0.000000	0.000000	-1.258944	-0.484546	-0.462763	-0.032661
0.190	0.000000	0.000000	0.000000	0.000000	-1.243411	-0.174423	-0.158392	-0.032661
0.200	0.000000	0.000000	0.000000	0.000000	-1.258944	0.135701	-0.479673	-0.032661
0.210	0.000000	0.000000	0.000000	0.000000	-1.243411	-0.174423	-0.158392	-0.014332
0.220	0.000000	0.000000	0.000000	0.000000	-1.243411	-0.174423	-0.141482	-0.032661
0.230	0.000000	0.000000	0.000000	0.000000	-1.243411	0.135701	-0.158392	0.315589
0.240	0.000000	0.000000	0.000000	0.000000	-1.258944	-0.158100	-0.462763	-0.014332
0.250	0.000000	0.000000	0.000000	0.000000	-0.948277	-0.174423	-0.175301	-0.014332
0.260	0.000000	0.000000	0.000000	0.000000	-1.258944	-0.174423	-0.479673	-0.014332
0.270	0.000000	0.000000	0.000000	0.000000	-1.243411	-0.174423	-0.158392	0.315589
0.280	0.000000	0.000000	0.000000	0.000000	-1.243411	-0.190745	-0.158392	-0.014332
0.290	0.000000	0.000000	0.000000	0.000000	-1.243411	0.135701	-0.141482	-0.032661
0.300	0.000000	0.000000	0.000000	0.000000	-1.243411	0.152023	-0.158392	-0.032661
0.310	0.000000	0.000000	0.000000	0.000000	-1.243411	-0.158100	-0.479673	-0.014332
0.320	0.000000	0.000000	0.000000	0.000000	-1.243411	-0.174423	-0.462763	-0.032661
0.330	0.000000	0.000000	0.000000	0.000000	-1.243411	-0.174423	-0.175301	-0.032661
0.340	0.000000	0.000000	0.000000	0.000000	-1.258944	-0.174423	-0.158392	-0.014332
0.350	0.000000	0.000000	0.000000	0.000000	-1.243411	-0.174423	-0.158392	-0.014332
0.360	0.000000	0.000000	0.000000	0.000000	-1.243411	-0.174423	-0.158392	-0.032661
0.370	0.000000	0.000000	0.000000	0.000000	-1.243411	-0.174423	-0.158392	0.003997
0.380	0.000000	0.000000	0.000000	0.000000	-1.243411	0.135701	-0.158392	-0.014332
0.390	0.000000	0.000000	0.000000	0.000000	-1.258944	0.135701	-0.175301	0.297260
0.400	0.000000	0.000000	0.000000	0.000000	-1.243411	-0.174423	-0.462763	0.333918
0.410	0.000000	0.000000	0.000000	0.000000	-1.258944	-0.158100	-0.158392	-0.014332
0.420	0.000000	0.000000	0.000000	0.000000	-1.243411	-0.174423	-0.158392	0.315589
0.430	0.000000	0.000000	0.000000	0.000000	-1.258944	-0.174423	-0.479673	-0.014332
0.440	0.000000	0.000000	0.000000	0.000000	-1.243411	0.135701	-0.158392	0.315589
0.450	0.000000	0.000000	0.000000	0.000000	-1.243411	0.119378	-0.479673	0.315589
0.460	0.000000	0.000000	0.000000	0.000000	-1.243411	-0.174423	-0.158392	0.315589
0.470	0.000000	0.000000	0.000000	0.000000	-1.258944	0.135701	-0.158392	-0.014332
0.480	0.000000	0.000000	0.000000	0.000000	-1.243411	-0.158100	-0.158392	-0.014332
0.490	0.000000	0.000000	0.000000	0.000000	-1.243411	-0.158100	-0.158392	0.315589
0.500	0.000000	0.000000	0.000000	0.000000	-1.227877	-0.158100	-0.158392	-0.014332
0.510	0.000000	0.000000	0.000000	0.000000	-1.227877	-0.174423	-0.462763	-0.050990
0.520	0.000000	0.000000	0.000000	0.000000	-1.243411	-0.174423	-0.158392	-0.014332
0.530	0.000000	0.000000	0.000000	0.000000	-1.227877	-0.158100	-0.175301	-0.014332
0.540	0.000000	0.000000	0.000000	0.000000	-1.243411	0.152023	-0.479673	0.315589
0.550	0.000000	0.000000	0.000000	0.000000	-1.243411	-0.174423	-0.158392	0.297260
0.560	0.000000	0.000000	0.000000	0.000000	-1.243411	-0.174423	-0.175301	-0.032661
0.570	0.000000	0.000000	0.000000	0.000000	-1.243411	0.152023	0.145979	-0.050990
0.580	0.000000	0.000000	0.000000	0.000000	-1.243411	-0.174423	-0.158392	0.315589
0.590	0.000000	0.000000	0.000000	0.000000	-1.243411	-0.174423	-0.175301	-0.032661
0.600	0.000000	0.000000	0.000000	0.000000	-1.243411	0.119378	-0.479673	0.315589
0.610	0.000000	0.000000	0.000000	0.000000	-1.243411	-0.174423	-0.175301	-0.032661
0.620	0.000000	0.000000	0.000000	0.000000	-1.243411	-0.158100	-0.175301	-0.032661
0.630	0.000000	0.000000	0.000000	0.000000	-1.243411	-0.158100	-0.158392	-0.014332
0.640	0.000000	0.000000	0.000000	0.000000	-1.258944	0.135701	-0.192211	-0.032661
0.650	0.000000	0.000000	0.000000	0.000000	-1.243411	-0.174423	-0.175301	-0.014332
0.660	0.000000	0.000000	0.000000	0.000000	-1.243411	-0.158100	-0.158392	-0.032661
0.670	0.000000	0.000000	0.000000	0.000000	-1.243411	-0.174423	-0.175301	-0.032661
0.680	0.000000	0.000000	0.000000	0.000000	-1.227877	-0.174423	-0.175301	-0.014332
0.690	0.000000	0.000000	0.000000	0.000000	-1.243411	-0.174423	-0.175301	0.333918
0.700	0.000000	0.000000	0.000000	0.000000	-1.227877	-0.158100	-0.158392	-0.032661
0.710	0.000000	0.000000	0.000000	0.000000	-1.258944	-0.190745	-0.158392	-0.032661
0.720	0.000000	0.000000	0.000000	0.000000	-1.227877	-0.158100	-0.175301	0.333918
0.730	0.000000	0.000000	0.000000	0.000000	-1.243411	-0.158100	-0.175301	-0.014332
0.740	0.000000	0.000000	0.000000	0.000000	-1.243411	-0.174423	-0.175301	-0.032661
0.750	0.000000	0.000000	0.000000	0.000000	-1.243411	-0.174423	-0.158392	0.315589
0.760	0.000000	0.000000	0.000000	0.000000	-1.243411	-0.174423	-0.158392	-0.014332
0.770	0.000000	0.000000	0.000000	0.000000	-1.243411	-0.158100	-0.462763	0.315589
0.780	0.000000	0.000000	0.000000	0.000000	-1.243411	-0.174423	-0.479673	-0.032661
0.790	0.000000	0.000000	0.000000	0.000000	-1.258944	-0.174423	-0.141482	-0.014332
0.800	0.000000	0.000000	0.000000	0.000000	-1.243411	-0.158100	-0.158392	-0.032661
0.810	0.000000	0.000000	0.000000	0.000000	-1.243411	0.152023	-0.158392	-0.014332
0.820	0.000000	0.000000	0.000000	0.000000	-1.243411	0.152023	-0.175301	0.315589
0.830	0.000000	0.000000	0.000000	0.000000	-1.243411	-0.174423	-0.479673	-0.032661
0.840	0.000000	0.000000	0.000000	0.000000	-1.243411	-0.158100	-0.158392	-0.014332
0.850	0.000000	0.000000	0.000000	0.000000	-1.227877	0.135701	-0.158392	0.333918
0.860	0.000000	0.000000	0.000000	0.000000	-1.243411	-0.158100	-0.158392	-0.032661
0.870	0.000000	0.000000	0.000000	0.000000	-1.258944	-0.158100	-0.158392	-0.014332
0.880	0.000000	0.000000	0.000000	0.000000	-1.243411	0.135701	-0.175301	-0.032661
0.890	0.000000	0.000000	0.000000	0.000000	-1.243411	-0.158100	-0.175301	-0.014332
0.900	0.000000	0.000000	0.000000	0.000000	-1.243411	0.152023	-0.158392	-0.014332
0.910	0.000000	0.000000	0.000000	0.000000	-1.243411	0.135701	-0.479673	0.315589
0.920	0.000000	0.000000	0.000000	0.000000	-1.243411	-0.174423	-0.175301	-0.032661
0.930	0.000000	0.000000	0.000000	0.000000	-1.243411	-0.158100	-0.158392	-0.032661
0.940	0.000000	0.000000	0.000000	0.000000	-1.243411	-0.174423	-0.158392	-0.014332
0.950	0.000000	0.000000	0.000000	0.000000	-1.243411	-0.190745	-0.479673	-0.032661
0.960	0.000000	0.000000	0.000000	0.000000	-1.227877	-0.174423	-0.158392	-0.014332
0.970	0.000000	0.000000	0.000000	0.000000	-1.243411	-0.174423	-0.175301	0.315589
0.980	0.000000	0.000000	0.000000	0.000000	-1.243411	-0.174423	-0.158392	-0.032661
0.990	0.000000	0.000000	0.000000	0.000000	-1.227877	-0.158100	-0.462763	0.315589
1.000	0.000000	0.000000	0.000000	0.000000	-1.243411	-0.174423	-0.158392	-0.014332
1.010	-1.000000	-1.000000	-1.000000	-1.000000	-1.243411	-0.158100	-0.158392	0.315589
1.020	-1.000000	-1.000000	-1.000000	-1.000000	-1.243411	-0.158100	-0.158392	-0.014332
1.030	-1.000000	-1.000000	-1.000000	-1.000000	-1.554078	-0.174423	-0.175301	-0.032661
1.040	-1.000000	-1.000000	-1.000000	-1.000000	-1.833678	-0.158100	-0.479673	-0.362582
1.050	-1.000000	-1.000000	-1.000000	-1.000000	-1.833678	-0.484546	-0.479673	-0.710832
1.060	-1.000000	-1.000000	-1.000000	-1.000000	-1.849211	-0.484546	-0.479673	-0.692503
1.070	-1.000000	-1.000000	-1.000000	-1.000000	-1.833678	-0.484546	-0.784044	-0.692503
1.080	-1.000000	-1.000000	-1.000000	-1.000000	-1.849211	-0.794669	-1.105325	-0.692503
1.090	-1.000000	-1.000000	-1.000000	-1.000000	-1.833678	-0.468224	-0.800953	-0.710832
1.100	-1.000000	-1.000000	-1.000000	-1.000000	-2.128811	-0.778347	-0.800953	-0.692503
1.110	-1.000000	-1.000000	-1.000000	-1.000000	-1.833678	-0.794669	-0.784044	-0.710832
1.120	-1.000000	-1.000000	-1.000000	-1.000000	-2.113278	-0.778347	-0.800953	-0.692503
1.130	-1.000000	-1.000000	-1.000000	-1.000000	-1.833678	-0.794669	-0.784044	-0.710832
1.140	-1.000000	-1.000000	-1.000000	-1.000000	-1.833678	-0.794669	-0.800953	-0.710832
1.150	-1.000000	-1.000000	-1.000000	-1.000000	-2.128811	-1.104792	-0.800953	-0.710832
1.160	-1.000000	-1.000000	-1.000000	-1.000000	-1.833678	-0.778347	-0.784044	-0.710832
1.170	-1.000000	-1.000000	-1.000000	-1.000000	-1.833678	-0.778347	-0.784044	-0.710832
1.180	-1.000000	-1.000000	-1.000000	-1.000000	-2.128811	-0.778347	-0.784044	-0.692503
1.190	-1.000000	-1.000000	-1.000000	-1.000000	-1.849211	-0.778347	-1.088415	-0.692503
1.200	-1.000000	-1.000000	-1.000000	-1.000000	-2.113278	-0.778347	-0.784044	-0.692503
1.210	-1.000000	-1.000000	-1.000000	-1.000000	-2.113278	-0.778347	-0.784044	-0.710832
1.220	-1.000000	-1.000000	-1.000000	-1.000000	-1.833678	-0.778347	-0.784044	-0.710832
1.230	-1.000000	-1.000000	-1.000000	-1.000000	-1.833678	-0.794669	-1.105325	-0.710832
1.240	-1.000000	-1.000000	-1.000000	-1.000000	-2.128811	-0.778347	-0.800953	-0.692503
1.250	-1.000000	-1.000000	-1.000000	-1.000000	-2.128811	-0.778347	-0.784044	-0.710832
1.260	-1.000000	-1.000000	-1.000000	-1.000000	-2.128811	-0.778347	-0.784044	-1.059082
1.270	-1.000000	-1.000000	-1.000000	-1.000000	-1.833678	-0.778347	-0.784044	-0.692503
1.280	-1.000000	-1.000000	-1.000000	-1.000000	-1.833678	-0.778347	-0.800953	-1.040753
1.290	-1.000000	-1.000000	-1.000000	-1.000000	-1.833678	-1.088470	-0.784044	-0.710832
1.300	-1.000000	-1.000000	-1.000000	-1.000000	-1.833678	-0.778347	-0.800953	-0.710832
1.310	-1.000000	-1.000000	-1.000000	-1.000000	-1.833678	-0.778347	-0.784044	-1.040753
1.320	-1.000000	-1.000000	-1.000000	-1.000000	-2.128811	-0.778347	-0.800953	-1.040753
1.330	-1.000000	-1.000000	-1.000000	-1.000000	-2.128811	-0.794669	-0.784044	-0.710832
1.340	-1.000000	-1.000000	-1.000000	-1.000000	-1.833678	-0.794669	-0.784044	-0.710832
1.350	-1.000000	-1.000000	-1.000000	-1.000000	-2.128811	-1.088470	-0.462763	-0.710832
1.360	-1.000000	-1.000000	-1.000000	-1.000000	-2.128811	-0.778347	-0.767134	-0.710832
1.370	-1.000000	-1.000000	-1.000000	-1.000000	-2.128811	-0.778347	-0.767134	-0.710832
1.380	-1.000000	-1.000000	-1.000000	-1.000000	-1.833678	-0.778347	-0.784044	-0.729161
1.390	-1.000000	-1.000000	-1.000000	-1.000000	-1.833678	-0.778347	-0.767134	-0.692503
1.400	-1.000000	-1.000000	-1.000000	-1.000000	-1.849211	-0.794669	-0.784044	-0.710832
1.410	-1.000000	-1.000000	-1.000000	-1.000000	-1.833678	-0.794669	-0.767134	-0.692503
1.420	-1.000000	-1.000000	-1.000000	-1.000000	-2.128811	-0.794669	-0.784044	-1.059082
1.430	-1.000000	-1.000000	-1.000000	-1.000000	-1.833678	-0.778347	-0.784044	-0.729161
1.440	-1.000000	-1.000000	-1.000000	-1.000000	-1.833678	-0.794669	-0.767134	-1.059082
1.450	-1.000000	-1.000000	-1.000000	-1.000000	-2.113278	-0.778347	-0.800953	-0.692503
1.460	-1.000000	-1.000000	-1.000000	-1.000000	-2.113278	-0.778347	-0.784044	-0.710832
1.470	-1.000000	-1.000000	-1.000000	-1.000000	-2.113278	-0.794669	-0.784044	-0.710832
1.480	-1.000000	-1.000000	-1.000000	-1.000000	-1.833678	-0.778347	-0.784044	-0.692503
1.490	-1.000000	-1.000000	-1.000000	-1.000000	-2.128811	-0.794669	-0.784044	-1.040753
1.500	-1.000000	-1.000000	-1.000000	-1.000000	-2.128811	-0.794669	-0.462763	-1.040753
1.510	-1.000000	-1.000000	-1.000000	-1.000000	-2.128811	-0.794669	-0.784044	-1.040753
1.520	-1.000000	-1.000000	-1.000000	-1.000000	-1.833678	-0.778347	-0.784044	-0.692503
1.530	-1.000000	-1.000000	-1.000000	-1.000000	-2.128811	-0.778347	-0.784044	-0.710832
1.540	-1.000000	-1.000000	-1.000000	-1.000000	-1.833678	-0.778347	-0.784044	-0.729161
1.550	-1.000000	-1.000000	-1.000000	-1.000000	-2.128811	-0.762025	-0.784044	-0.710832
1.560	-1.000000	-1.000000	-1.000000	-1.000000	-2.128811	-0.778347	-0.784044	-1.040753
1.570	-1.000000	-1.000000	-1.000000	-1.000000	-2.113278	-0.794669	-0.784044	-1.040753
1.580	-1.000000	-1.000000	-1.000000	-1.000000	-1.818144	-0.778347	-0.784044	-0.710832
1.590	-1.000000	-1.000000	-1.000000	-1.000000	-1.833678	-0.778347	-0.767134	-0.692503
1.600	-1.000000	-1.000000	-1.000000	-1.000000	-1.833678	-0.794669	-0.800953	-1.040753
1.610	-1.000000	-1.000000	-1.000000	-1.000000	-1.833678	-0.778347	-0.784044	-1.040753
1.620	-1.000000	-1.000000	-1.000000	-1.000000	-2.113278	-0.794669	-0.784044	-1.059082
1.630	-1.000000	-1.000000	-1.000000	-1.000000	-2.113278	-1.088470	-0.784044	-0.710832
1.640	-1.000000	-1.000000	-1.000000	-1.000000	-2.128811	-1.088470	-0.784044	-0.710832
1.650	-1.000000	-1.000000	-1.000000	-1.000000	-2.128811	-0.778347	-0.479673	-0.692503
1.660	-1.000000	-1.000000	-1.000000	-1.000000	-2.113278	-0.778347	-0.784044	-0.692503
1.670	-1.000000	-1.000000	-1.000000	-1.000000	-2.128811	-0.778347	-0.800953	-1.022424
1.680	-1.000000	-1.000000	-1.000000	-1.000000	-2.128811	-0.484546	-0.784044	-0.692503
1.690	-1.000000	-1.000000	-1.000000	-1.000000	-1.818144	-0.778347	-0.784044	-0.710832
1.700	-1.000000	-1.000000	-1.000000	-1.000000	-2.128811	-0.778347	-0.784044	-0.692503
1.710	-1.000000	-1.000000	-1.000000	-1.000000	-1.833678	-0.794669	-0.767134	-0.692503
1.720	-1.000000	-1.000000	-1.000000	-1.000000	-1.833678	-0.794669	-0.800953	-0.710832
1.730	-1.000000	-1.000000	-1.000000	-1.000000	-1.833678	-0.778347	-0.800953	-1.040753
1.740	-1.000000	-1.000000	-1.000000	-1.000000	-1.833678	-0.794669	-0.800953	-0.710832
1.750	-1.000000	-1.000000	-1.000000	-1.000000	-1.818144	-1.088470	-0.800953	-0.710832
1.760	-1.000000	-1.000000	-1.000000	-1.000000	-1.833678	-0.778347	-0.462763	-0.710832
1.770	-1.000000	-1.000000	-1.000000	-1.000000	-2.113278	-0.762025	-0.784044	-0.729161
1.780	-1.000000	-1.000000	-1.000000	-1.000000	-2.113278	-0.778347	-0.784044	-1.040753
1.790	-1.000000	-1.000000	-1.000000	-1.000000	-2.128811	-1.088470	-0.800953	-0.710832
1.800	-1.000000	-1.000000	-1.000000	-1.000000	-2.113278	-0.794669	-0.800953	-0.710832
1.810	-1.000000	-1.000000	-1.000000	-1.000000	-2.128811	-0.794669	-0.784044	-0.710832
1.820	-1.000000	-1.000000	-1.000000	-1.000000	-1.818144	-0.778347	-0.784044	-1.040753
1.830	-1.000000	-1.000000	-1.000000	-1.000000	-2.113278	-0.794669	-0.462763	-0.710832
1.840	-1.000000	-1.000000	-1.000000	-1.000000	-2.128811	-0.778347	-0.784044	-0.710832
1.850	-1.000000	-1.000000	-1.000000	-1.000000	-2.113278	-0.794669	-0.479673	-0.710832
1.860	-1.000000	-1.000000	-1.000000	-1.000000	-2.113278	-0.778347	-0.784044	-1.040753
1.870	-1.000000	-1.000000	-1.000000	-1.000000	-1.833678	-0.778347	-0.800953	-1.040753
1.880	-1.000000	-1.000000	-1.000000	-1.000000	-2.128811	-0.794669	-0.784044	-0.710832
1.890	-1.000000	-1.000000	-1.000000	-1.000000	-1.833678	-0.778347	-0.784044	-0.710832
1.900	-1.000000	-1.000000	-1.000000	-1.000000	-2.113278	-0.794669	-0.479673	-0.710832
1.910	-1.000000	-1.000000	-1.000000	-1.000000	-1.833678	-0.794669	-0.784044	-1.059082
1.920	-1.000000	-1.000000	-1.000000	-1.000000	-1.833678	-0.794669	-1.088415	-1.040753
1.930	-1.000000	-1.000000	-1.000000	-1.000000	-1.833678	-0.810991	-0.784044	-0.692503
1.940	-1.000000	-1.000000	-1.000000	-1.000000	-1.818144	-0.794669	-0.800953	-0.710832
1.950	-1.000000	-1.000000	-1.000000	-1.000000	-2.128811	-1.088470	-0.462763	-1.040753
1.960	-1.000000	-1.000000	-1.000000	-1.000000	-2.113278	-0.794669	-0.462763	-0.710832
1.970	-1.000000	-1.000000	-1.000000	-1.000000	-1.849211	-0.794669	-0.784044	-1.059082
1.980	-1.000000	-1.000000	-1.000000	-1.000000	-2.113278	-0.778347	-0.479673	-0.710832
1.990	-1.000000	-1.000000	-1.000000	-1.000000	-2.113278	-0.778347	-0.784044	-0.710832
2.000	-1.000000	-1.000000	-1.000000	-1.000000	-2.128811	-0.778347	-0.784044	-0.710832
2.010	-1.000000	-1.000000	-1.000000	-1.000000	-1.833678	-0.778347	-0.800953	-1.059082
2.020	-1.000000	-1.000000	-1.000000	-1.000000	-1.818144	-0.794669	-0.784044	-1.059082
2.030	-1.000000	-1.000000	-1.000000	-1.000000	-2.128811	-0.794669	-0.784044	-0.710832
2.040	-1.000000	-1.000000	-1.000000	-1.000000	-2.113278	-0.778347	-0.767134	-1.059082
2.050	-1.000000	-1.000000	-1.000000	-1.000000	-1.849211	-0.794669	-0.784044	-1.059082
2.060	-1.000000	-1.000000	-1.000000	-1.000000	-1.849211	-0.778347	-0.784044	-1.059082
2.070	-1.000000	-1.000000	-1.000000	-1.000000	-1.833678	-0.778347	-0.784044	-0.692503
2.080	-1.000000	-1.000000	-1.000000	-1.000000	-2.128811	-1.104792	-0.767134	-1.040753
2.090	-1.000000	-1.000000	-1.000000	-1.000000	-2.128811	-0.794669	-0.800953	-0.692503
2.100	-1.000000	-1.000000	-1.000000	-1.000000	-1.833678	-0.778347	-0.767134	-1.040753
2.110	-1.000000	-1.000000	-1.000000	-1.000000	-1.849211	-0.778347	-0.784044	-1.040753
2.120	-1.000000	-1.000000	-1.000000	-1.000000	-2.128811	-1.104792	-0.479673	-0.692503
2.130	-1.000000	-1.000000	-1.000000	-1.000000	-1.833678	-0.778347	-0.784044	-1.040753
2.140	-1.000000	-1.000000	-1.000000	-1.000000	-2.128811	-0.794669	-0.479673	-1.040753
2.150	-1.000000	-1.000000	-1.000000	-1.000000	-2.128811	-0.778347	-0.767134	-1.022424
2.160	-1.000000	-1.000000	-1.000000	-1.000000	-2.128811	-0.778347	-0.784044	-1.040753
2.170	-1.000000	-1.000000	-1.000000	-1.000000	-2.128811	-0.778347	-0.800953	-1.040753
2.180	-1.000000	-1.000000	-1.000000	-1.000000	-2.128811	-0.794669	-0.784044	-0.692503
2.190	-1.000000	-1.000000	-1.000000	-1.000000	-2.128811	-0.778347	-0.784044	-0.710832
2.200	-1.000000	-1.000000	-1.000000	-1.000000	-2.128811	-0.778347	-0.784044	-0.710832
2.210	-1.000000	-1.000000	-1.000000	-1.000000	-1.833678	-1.104792	-0.800953	-1.040753
2.220	-1.000000	-1.000000	-1.000000	-1.000000	-2.113278	-0.810991	-0.800953	-0.710832
2.230	-1.000000	-1.000000	-1.000000	-1.000000	-2.128811	-1.104792	-0.784044	-0.692503
2.240	-1.000000	-1.000000	-1.000000	-1.000000	-2.128811	-0.794669	-0.784044	-0.729161
2.250	-1.000000	-1.000000	-1.000000	-1.000000	-1.833678	-0.778347	-0.784044	-1.059082
2.260	-1.000000	-1.000000	-1.000000	-1.000000	-2.128811	-0.778347	-0.784044	-0.710832
2.270	-1.000000	-1.000000	-1.000000	-1.000000	-2.128811	-0.794669	-0.767134	-0.729161
2.280	-1.000000	-1.000000	-1.000000	-1.000000	-2.128811	-0.810991	-0.784044	-1.022424
2.290	-1.000000	-1.000000	-1.000000	-1.000000	-1.849211	-0.778347	-0.784044	-0.710832
2.300	-1.000000	-1.000000	-1.000000	-1.000000	-1.833678	-0.794669	-0.784044	-1.040753
2.310	-1.000000	-1.000000	-1.000000	-1.000000	-2.128811	-1.104792	-0.800953	-0.710832
2.320	-1.000000	-1.000000	-1.000000	-1.000000	-2.128811	-0.794669	-0.767134	-1.040753
2.330	-1.000000	-1.000000	-1.000000	-1.000000	-2.128811	-0.778347	-0.784044	-0.710832
2.340	-1.000000	-1.000000	-1.000000	-1.000000	-2.128811	-0.778347	-0.784044	-1.040753
2.350	-1.000000	-1.000000	-1.000000	-1.000000	-2.113278	-0.778347	-0.462763	-0.710832
2.360	-1.000000	-1.000000	-1.000000	-1.000000	-1.833678	-0.778347	-0.784044	-1.040753
2.370	-1.000000	-1.000000	-1.000000	-1.000000	-1.833678	-0.778347	-0.784044	-0.710832
2.380	-1.000000	-1.000000	-1.000000	-1.000000	-2.113278	-0.794669	-0.784044	-0.710832
2.390	-1.000000	-1.000000	-1.000000	-1.000000	-2.113278	-1.088470	-0.784044	-1.040753
2.400	-1.000000	-1.000000	-1.000000	-1.000000	-2.113278	-1.088470	-0.784044	-0.710832
2.410	-1.000000	-1.000000	-1.000000	-1.000000	-2.113278	-0.778347	-0.767134	-1.040753
2.420	-1.000000	-1.000000	-1.000000	-1.000000	-2.128811	-0.794669	-0.784044	-0.692503
2.430	-1.000000	-1.000000	-1.000000	-1.000000	-2.113278	-0.778347	-1.088415	-1.040753
2.440	-1.000000	-1.000000	-1.000000	-1.000000	-2.113278	-0.794669	-0.784044	-1.040753
2.450	-1.000000	-1.000000	-1.000000	-1.000000	-2.128811	-0.778347	-0.784044	-1.059082
2.460	-1.000000	-1.000000	-1.000000	-1.000000	-2.128811	-0.794669	-0.784044	-1.059082
2.470	-1.000000	-1.000000	-1.000000	-1.000000	-2.113278	-0.794669	-0.784044	-0.710832
2.480	-1.000000	-1.000000	-1.000000	-1.000000	-2.113278	-0.794669	-0.784044	-0.710832
2.490	-1.000000	-1.000000	-1.000000	-1.000000	-2.113278	-0.778347	-0.784044	-0.710832
2.500	-1.000000	-1.000000	-1.000000	-1.000000	-2.128811	-1.088470	-0.784044	-0.692503
2.510	-1.000000	-1.000000	-1.000000	-1.000000	-2.113278	-0.794669	-0.784044	-1.059082
2.520	-1.000000	-1.000000	-1.000000	-1.000000	-2.128811	-0.794669	-0.479673	-0.692503
2.530	-1.000000	-1.000000	-1.000000	-1.000000	-2.113278	-0.778347	-0.784044	-0.710832
2.540	-1.000000	-1.000000	-1.000000	-1.000000	-2.113278	-0.794669	-0.800953	-0.710832
2.550	-1.000000	-1.000000	-1.000000	-1.000000	-2.128811	-1.088470	-0.462763	-0.710832
2.560	-1.000000	-1.000000	-1.000000	-1.000000	-1.818144	-1.104792	-0.784044	-1.059082
2.570	-1.000000	-1.000000	-1.000000	-1.000000	-1.818144	-0.794669	-0.784044	-0.710832
2.580	-1.000000	-1.000000	-1.000000	-1.000000	-2.113278	-0.778347	-0.800953	-1.040753
2.590	-1.000000	-1.000000	-1.000000	-1.000000	-1.818144	-1.088470	-0.784044	-0.692503
2.600	-1.000000	-1.000000	-1.000000	-1.000000	-1.818144	-0.794669	-0.784044	-0.710832
2.610	-1.000000	-1.000000	-1.000000	-1.000000	-2.113278	-1.104792	-0.479673	-1.059082
2.620	-1.000000	-1.000000	-1.000000	-1.000000	-2.128811	-1.104792	-0.767134	-1.059082
2.630	-1.000000	-1.000000	-1.000000	-1.000000	-2.113278	-0.778347	-0.784044	-0.710832
2.640	-1.000000	-1.000000	-1.000000	-1.000000	-1.818144	-0.778347	-0.784044	-0.710832
2.650	-1.000000	-1.000000	-1.000000	-1.000000	-1.818144	-0.778347	-0.784044	-1.040753
2.660	-1.000000	-1.000000	-1.000000	-1.000000	-1.833678	-0.778347	-0.784044	-0.729161
2.670	-1.000000	-1.000000	-1.000000	-1.000000	-2.113278	-0.794669	-0.800953	-1.059082
2.680	-1.000000	-1.000000	-1.000000	-1.000000	-2.113278	-1.088470	-0.784044	-1.059082
2.690	-1.000000	-1.000000	-1.000000	-1.000000	-2.128811	-0.778347	-0.800953	-0.710832
2.700	-1.000000	-1.000000	-1.000000	-1.000000	-2.128811	-0.778347	-0.784044	-0.729161
2.710	-1.000000	-1.000000	-1.000000	-1.000000	-1.833678	-0.778347	-0.784044	-1.040753
2.720	-1.000000	-1.000000	-1.000000	-1.000000	-2.113278	-1.088470	-0.767134	-0.710832
2.730	-1.000000	-1.000000	-1.000000	-1.000000	-2.113278	-0.794669	-0.462763	-0.692503
2.740	-1.000000	-1.000000	-1.000000	-1.000000	-2.128811	-0.778347	-0.479673	-1.040753
2.750	-1.000000	-1.000000	-1.000000	-1.000000	-2.423944	-0.794669	-0.784044	-0.710832
2.760	-1.000000	-1.000000	-1.000000	-1.000000	-1.833678	-0.778347	-0.784044	-1.040753
2.770	-1.000000	-1.000000	-1.000000	-1.000000	-2.128811	-0.778347	-0.784044	-0.710832
2.780	-1.000000	-1.000000	-1.000000	-1.000000	-2.128811	-0.794669	-0.784044	-0.710832
2.790	-1.000000	-1.000000	-1.000000	-1.000000	-2.128811	-0.778347	-0.784044	-1.040753
2.800	-1.000000	-1.000000	-1.000000	-1.000000	-2.128811	-1.104792	-0.767134	-0.692503
2.810	-1.000000	-1.000000	-1.000000	-1.000000	-2.128811	-1.104792	-0.479673	-1.040753
2.820	-1.000000	-1.000000	-1.000000	-1.000000	-1.833678	-1.088470	-0.800953	-0.710832
2.830	-1.000000	-1.000000	-1.000000	-1.000000	-1.833678	-0.794669	-0.784044	-0.692503
2.840	-1.000000	-1.000000	-1.000000	-1.000000	-2.113278	-1.088470	-0.784044	-0.710832
2.850	-1.000000	-1.000000	-1.000000	-1.000000	-2.113278	-0.794669	-0.784044	-0.692503
2.860	-1.000000	-1.000000	-1.000000	-1.000000	-1.849211	-0.778347	-0.784044	-0.692503
2.870	-1.000000	-1.000000	-1.000000	-1.000000	-2.128811	-0.778347	-0.800953	-0.692503
2.880	-1.000000	-1.000000	-1.000000	-1.000000	-2.128811	-0.778347	-0.784044	-0.692503
2.890	-1.000000	-1.000000	-1.000000	-1.000000	-1.833678	-0.794669	-0.784044	-0.710832
2.900	-1.000000	-1.000000	-1.000000	-1.000000	-1.818144	-0.778347	-0.784044	-1.040753
2.910	-1.000000	-1.000000	-1.000000	-1.000000	-2.128811	-0.794669	-0.784044	-1.040753
2.920	-1.000000	-1.000000	-1.000000	-1.000000	-2.128811	-0.794669	-0.784044	-0.692503
2.930	-1.000000	-1.000000	-1.000000	-1.000000	-2.113278	-0.778347	-0.800953	-0.710832
2.940	-1.000000	-1.000000	-1.000000	-1.000000	-2.128811	-0.794669	-0.784044	-1.040753
2.950	-1.000000	-1.000000	-1.000000	-1.000000	-2.113278	-1.088470	-0.784044	-0.710832
2.960	-1.000000	-1.000000	-1.000000	-1.000000	-1.833678	-0.778347	-0.784044	-0.692503
2.970	-1.000000	-1.000000	-1.000000	-1.000000	-1.818144	-0.762025	-0.800953	-0.710832
2.980	-1.000000	-1.000000	-1.000000	-1.000000	-2.113278	-0.778347	-0.800953	-0.692503
2.990	-1.000000	-1.000000	-1.000000	-1.000000	-1.833678	-0.794669	-0.479673	-0.710832
3.000	-1.000000	-1.000000	-1.000000	-1.000000	-2.128811	-0.778347	-1.088415	-0.692503
3.010	-1.000000	-1.000000	-1.000000	-1.000000	-1.833678	-1.104792	-0.784044	-0.692503
3.020	-1.000000	-1.000000	-1.000000	-1.000000	-1.833678	-0.778347	-0.767134	-1.059082
3.030	-1.000000	-1.000000	-1.000000	-1.000000	-1.818144	-0.778347	-0.767134	-0.692503
3.040	-1.000000	-1.000000	-1.000000	-1.000000	-1.818144	-0.778347	-0.784044	-0.692503
3.050	-1.000000	-1.000000	-1.000000	-1.000000	-2.113278	-1.088470	-0.496582	-0.710832
3.060	-1.000000	-1.000000	-1.000000	-1.000000	-2.113278	-0.778347	-0.767134	-0.692503
3.070	-1.000000	-1.000000	-1.000000	-1.000000	-1.833678	-0.778347	-0.784044	-1.040753
3.080	-1.000000	-1.000000	-1.000000	-1.000000	-2.113278	-1.104792	-0.784044	-0.710832
3.090	-1.000000	-1.000000	-1.000000	-1.000000	-1.833678	-0.794669	-0.784044	-1.059082
3.100	-1.000000	-1.000000	-1.000000	-1.000000	-1.818144	-0.762025	-0.462763	-0.692503
3.110	-1.000000	-1.000000	-1.000000	-1.000000	-1.833678	-1.088470	-0.800953	-0.710832
3.120	-1.000000	-1.000000	-1.000000	-1.000000	-1.818144	-1.088470	-0.784044	-0.710832
3.130	-1.000000	-1.000000	-1.000000	-1.000000	-1.833678	-0.778347	-0.784044	-1.040753
3.140	-1.000000	-1.000000	-1.000000	-1.000000	-2.113278	-0.794669	-0.767134	-0.692503
3.150	-1.000000	-1.000000	-1.000000	-1.000000	-2.113278	-0.778347	-0.784044	-1.040753
3.160	-1.000000	-1.000000	-1.000000	-1.000000	-1.833678	-0.778347	-1.088415	-1.059082
3.170	-1.000000	-1.000000	-1.000000	-1.000000	-2.113278	-0.794669	-0.784044	-0.692503
3.180	-1.000000	-1.000000	-1.000000	-1.000000	-2.113278	-1.088470	-0.784044	-1.040753
3.190	-1.000000	-1.000000	-1.000000	-1.000000	-2.128811	-0.794669	-0.784044	-0.729161
3.200	-1.000000	-1.000000	-1.000000	-1.000000	-2.113278	-0.794669	-0.800953	-0.692503
3.210	-1.000000	-1.000000	-1.000000	-1.000000	-2.097744	-0.778347	-0.800953	-0.710832
3.220	-1.000000	-1.000000	-1.000000	-1.000000	-2.097744	-0.778347	-0.784044	-0.710832
3.230	-1.000000	-1.000000	-1.000000	-1.000000	-1.833678	-0.778347	-0.784044	-1.040753
3.240	-1.000000	-1.000000	-1.000000	-1.000000	-1.833678	-0.778347	-0.767134	-0.710832
3.250	-1.000000	-1.000000	-1.000000	-1.000000	-2.128811	-0.794669	-0.784044	-0.692503
3.260	-1.000000	-1.000000	-1.000000	-1.000000	-2.113278	-1.088470	-0.479673	-0.710832
3.270	-1.000000	-1.000000	-1.000000	-1.000000	-2.113278	-0.794669	-0.784044	-0.692503
3.280	-1.000000	-1.000000	-1.000000	-1.000000	-2.128811	-0.778347	-0.784044	-0.710832
3.290	-1.000000	-1.000000	-1.000000	-1.000000	-2.113278	-1.088470	-0.479673	-1.040753
3.300	-1.000000	-1.000000	-1.000000	-1.000000	-2.128811	-1.072148	-0.462763	-0.710832
3.310	-1.000000	-1.000000	-1.000000	-1.000000	-2.128811	-0.762025	-0.800953	-1.040753
3.320	-1.000000	-1.000000	-1.000000	-1.000000	-1.849211	-1.088470	-0.784044	-0.710832
3.330	-1.000000	-1.000000	-1.000000	-1.000000	-1.833678	-0.762025	-0.784044	-0.710832
3.340	-1.000000	-1.000000	-1.000000	-1.000000	-2.128811	-0.794669	-0.784044	-1.059082
3.350	-1.000000	-1.000000	-1.000000	-1.000000	-1.833678	-0.794669	-0.767134	-0.710832
3.360	-1.000000	-1.000000	-1.000000	-1.000000	-1.818144	-1.088470	-0.784044	-1.040753
3.370	-1.000000	-1.000000	-1.000000	-1.000000	-2.128811	-0.484546	-0.784044	-0.692503
3.380	-1.000000	-1.000000	-1.000000	-1.000000	-2.128811	-0.778347	-0.784044	-1.040753
3.390	-1.000000	-1.000000	-1.000000	-1.000000	-1.833678	-1.088470	-0.784044	-1.040753
3.400	-1.000000	-1.000000	-1.000000	-1.000000	-1.833678	-0.778347	-0.784044	-0.710832
3.410	-1.000000	-1.000000	-1.000000	-1.000000	-2.128811	-0.778347	-0.767134	-1.040753
3.420	-1.000000	-1.000000	-1.000000	-1.000000	-1.833678	-0.794669	-0.784044	-0.692503
3.430	-1.000000	-1.000000	-1.000000	-1.000000	-1.833678	-0.778347	-0.784044	-0.710832
3.440	-1.000000	-1.000000	-1.000000	-1.000000	-2.128811	-0.778347	-0.496582	-0.692503
3.450	-1.000000	-1.000000	-1.000000	-1.000000	-2.128811	-1.088470	-0.784044	-0.710832
3.460	-1.000000	-1.000000	-1.000000	-1.000000	-2.128811	-0.778347	-0.800953	-0.692503
3.470	-1.000000	-1.000000	-1.000000	-1.000000	-2.128811	-0.794669	-0.767134	-0.710832
3.480	-1.000000	-1.000000	-1.000000	-1.000000	-1.833678	-0.794669	-0.784044	-0.692503
3.490	-1.000000	-1.000000	-1.000000	-1.000000	-2.128811	-0.778347	-0.784044	-0.692503
3.500	-1.000000	-1.000000	-1.000000	-1.000000	-2.128811	-1.104792	-0.784044	-0.692503
3.510	-1.000000	-1.000000	-1.000000	-1.000000	-2.128811	-1.104792	-0.784044	-1.040753
3.520	-1.000000	-1.000000	-1.000000	-1.000000	-1.833678	-0.794669	-0.784044	-1.040753
3.530	-1.000000	-1.000000	-1.000000	-1.000000	-2.128811	-0.778347	-0.462763	-0.692503
3.540	-1.000000	-1.000000	-1.000000	-1.000000	-1.833678	-0.794669	-0.800953	-0.692503
3.550	-1.000000	-1.000000	-1.000000	-1.000000	-2.128811	-0.778347	-0.784044	-0.692503
3.560	-1.000000	-1.000000	-1.000000	-1.000000	-1.833678	-1.104792	-0.800953	-1.040753
3.570	-1.000000	-1.000000	-1.000000	-1.000000	-1.849211	-0.778347	-0.784044	-1.040753
3.580	-1.000000	-1.000000	-1.000000	-1.000000	-1.833678	-0.810991	-0.784044	-0.710832
3.590	-1.000000	-1.000000	-1.000000	-1.000000	-1.833678	-0.794669	-0.784044	-1.040753
3.600	-1.000000	-1.000000	-1.000000	-1.000000	-1.833678	-0.794669	-0.462763	-0.692503
3.610	-1.000000	-1.000000	-1.000000	-1.000000	-2.128811	-0.778347	-0.784044	-0.692503
3.620	-1.000000	-1.000000	-1.000000	-1.000000	-1.849211	-0.794669	-0.784044	-1.022424
3.630	-1.000000	-1.000000	-1.000000	-1.000000	-1.833678	-0.794669	-0.767134	-0.692503
3.640	-1.000000	-1.000000	-1.000000	-1.000000	-2.113278	-0.794669	-0.784044	-0.710832
3.650	-1.000000	-1.000000	-1.000000	-1.000000	-2.128811	-0.794669	-0.784044	-0.692503
3.660	-1.000000	-1.000000	-1.000000	-1.000000	-1.833678	-1.088470	-0.800953	-0.692503
3.670	-1.000000	-1.000000	-1.000000	-1.000000	-2.128811	-0.794669	-0.800953	-0.692503
3.680	-1.000000	-1.000000	-1.000000	-1.000000	-2.128811	-0.794669	-0.784044	-0.710832
3.690	-1.000000	-1.000000	-1.000000	-1.000000	-2.128811	-0.794669	-0.767134	-0.710832
3.700	-1.000000	-1.000000	-1.000000	-1.000000	-2.128811	-1.104792	-0.784044	-0.692503
3.710	-1.000000	-1.000000	-1.000000	-1.000000	-2.113278	-0.794669	-0.784044	-0.692503
3.720	-1.000000	-1.000000	-1.000000	-1.000000	-1.833678	-0.794669	-0.784044	-0.692503
3.730	-1.000000	-1.000000	-1.000000	-1.000000	-2.113278	-1.104792	-0.767134	-1.040753
3.740	-1.000000	-1.000000	-1.000000	-1.000000	-1.833678	-1.104792	-0.800953	-0.692503
3.750	-1.000000	-1.000000	-1.000000	-1.000000	-2.128811	-0.778347	-0.800953	-0.710832
3.760	-1.000000	-1.000000	-1.000000	-1.000000	-2.128811	-0.778347	-0.479673	-0.710832
3.770	-1.000000	-1.000000	-1.000000	-1.000000	-1.833678	-0.794669	-0.767134	-0.710832
3.780	-1.000000	-1.000000	-1.000000	-1.000000	-2.128811	-0.794669	-0.784044	-1.022424
3.790	-1.000000	-1.000000	-1.000000	-1.000000	-2.128811	-0.778347	-0.784044	-0.710832
3.800	-1.000000	-1.000000	-1.000000	-1.000000	-1.833678	-0.794669	-0.800953	-0.710832
3.810	-1.000000	-1.000000	-1.000000	-1.000000	-2.113278	-0.794669	-0.784044	-1.040753
3.820	-1.000000	-1.000000	-1.000000	-1.000000	-2.113278	-0.778347	-0.784044	-1.059082
3.830	-1.000000	-1.000000	-1.000000	-1.000000	-2.113278	-0.794669	-0.784044	-1.040753
3.840	-1.000000	-1.000000	-1.000000	-1.000000	-1.818144	-0.778347	-0.784044	-0.710832
3.850	-1.000000	-1.000000	-1.000000	-1.000000	-1.818144	-0.794669	-0.479673	-1.059082
3.860	-1.000000	-1.000000	-1.000000	-1.000000	-2.128811	-0.794669	-0.800953	-1.040753
3.870	-1.000000	-1.000000	-1.000000	-1.000000	-2.128811	-0.778347	-0.784044	-0.710832
3.880	-1.000000	-1.000000	-1.000000	-1.000000	-2.113278	-1.088470	-0.800953	-1.059082
3.890	-1.000000	-1.000000	-1.000000	-1.000000	-2.113278	-0.778347	-0.496582	-1.040753
3.900	-1.000000	-1.000000	-1.000000	-1.000000	-1.818144	-1.104792	-0.479673	-0.710832
3.910	-1.000000	-1.000000	-1.000000	-1.000000	-2.113278	-0.794669	-0.784044	-1.040753
3.920	-1.000000	-1.000000	-1.000000	-1.000000	-2.128811	-0.794669	-0.784044	-0.710832
3.930	-1.000000	-1.000000	-1.000000	-1.000000	-2.128811	-0.794669	-0.784044	-0.710832
3.940	-1.000000	-1.000000	-1.000000	-1.000000	-1.833678	-1.088470	-0.800953	-0.710832
3.950	-1.000000	-1.000000	-1.000000	-1.000000	-2.128811	-0.778347	-0.767134	-0.692503
3.960	-1.000000	-1.000000	-1.000000	-1.000000	-1.833678	-0.794669	-0.784044	-0.710832
3.970	-1.000000	-1.000000	-1.000000	-1.000000	-1.833678	-0.778347	-0.784044	-0.729161
3.980	-1.000000	-1.000000	-1.000000	-1.000000	-2.128811	-1.104792	-0.784044	-0.710832
3.990	-1.000000	-1.000000	-1.000000	-1.000000	-1.833678	-0.778347	-0.784044	-0.710832
4.000	-1.000000	-1.000000	-1.000000	-1.000000	-2.128811	-0.778347	-0.479673	-0.710832
4.010	-1.000000	-1.000000	-1.000000	-1.000000	-2.128811	-0.794669	-0.784044	-0.710832
4.020	-1.000000	-1.000000	-1.000000	-1.000000	-1.818144	-1.088470	-0.800953	-0.710832
4.030	-1.000000	-1.000000	-1.000000	-1.000000	-2.113278	-1.088470	-0.784044	-1.040753
4.040	-1.000000	-1.000000	-1.000000	-1.000000	-1.833678	-0.778347	-0.800953	-0.692503
4.050	-1.000000	-1.000000	-1.000000	-1.000000	-1.833678	-0.778347	-0.784044	-0.729161
4.060	-1.000000	-1.000000	-1.000000	-1.000000	-1.833678	-0.778347	-0.784044	-0.729161
4.070	-1.000000	-1.000000	-1.000000	-1.000000	-1.833678	-0.794669	-0.800953	-0.692503
4.080	-1.000000	-1.000000	-1.000000	-1.000000	-2.113278	-0.794669	-0.784044	-1.040753
4.090	-1.000000	-1.000000	-1.000000	-1.000000	-2.113278	-1.104792	-0.479673	-0.710832
4.100	-1.000000	-1.000000	-1.000000	-1.000000	-1.818144	-0.794669	-0.784044	-0.710832
4.110	-1.000000	-1.000000	-1.000000	-1.000000	-2.113278	-0.810991	-0.800953	-0.710832
4.120	-1.000000	-1.000000	-1.000000	-1.000000	-2.113278	-0.794669	-0.800953	-0.729161
4.130	-1.000000	-1.000000	-1.000000	-1.000000	-2.128811	-1.104792	-0.784044	-0.710832
4.140	-1.000000	-1.000000	-1.000000	-1.000000	-2.128811	-0.778347	-0.800953	-1.040753
4.150	-1.000000	-1.000000	-1.000000	-1.000000	-2.128811	-0.794669	-0.784044	-1.022424
4.160	-1.000000	-1.000000	-1.000000	-1.000000	-2.113278	-0.778347	-0.784044	-1.040753
4.170	-1.000000	-1.000000	-1.000000	-1.000000	-2.113278	-0.794669	-0.784044	-1.040753
4.180	-1.000000	-1.000000	-1.000000	-1.000000	-2.113278	-0.778347	-0.767134	-0.710832
4.190	-1.000000	-1.000000	-1.000000	-1.000000	-2.113278	-0.794669	-0.784044	-0.692503
4.200	-1.000000	-1.000000	-1.000000	-1.000000	-2.113278	-0.778347	-0.784044	-0.710832
4.210	-1.000000	-1.000000	-1.000000	-1.000000	-1.818144	-0.778347	-0.784044	-0.692503
4.220	-1.000000	-1.000000	-1.000000	-1.000000	-2.128811	-0.794669	-0.784044	-0.692503
4.230	-1.000000	-1.000000	-1.000000	-1.000000	-2.113278	-0.794669	-0.784044	-0.692503
4.240	-1.000000	-1.000000	-1.000000	-1.000000	-2.113278	-0.778347	-0.767134	-0.710832
4.250	-1.000000	-1.000000	-1.000000	-1.000000	-1.833678	-1.088470	-0.462763	-0.710832
4.260	-1.000000	-1.000000	-1.000000	-1.000000	-2.113278	-0.794669	-1.088415	-0.692503
4.270	-1.000000	-1.000000	-1.000000	-1.000000	-2.113278	-1.104792	-0.784044	-0.692503
4.280	-1.000000	-1.000000	-1.000000	-1.000000	-1.833678	-1.072148	-0.767134	-0.710832
4.290	-1.000000	-1.000000	-1.000000	-1.000000	-1.818144	-0.778347	-0.784044	-0.710832
4.300	-1.000000	-1.000000	-1.000000	-1.000000	-2.113278	-0.778347	-0.784044	-0.710832
4.310	-1.000000	-1.000000	-1.000000	-1.000000	-1.818144	-0.794669	-0.800953	-0.710832
4.320	-1.000000	-1.000000	-1.000000	-1.000000	-1.818144	-0.778347	-0.784044	-1.040753
4.330	-1.000000	-1.000000	-1.000000	-1.000000	-2.113278	-1.088470	-0.784044	-1.059082
4.340	-1.000000	-1.000000	-1.000000	-1.000000	-2.113278	-0.794669	-0.784044	-0.710832
4.350	-1.000000	-1.000000	-1.000000	-1.000000	-2.113278	-0.778347	-0.767134	-0.710832
4.360	-1.000000	-1.000000	-1.000000	-1.000000	-1.833678	-0.778347	-0.784044	-0.710832
4.370	-1.000000	-1.000000	-1.000000	-1.000000	-1.833678	-1.088470	-0.784044	-0.729161
4.380	-1.000000	-1.000000	-1.000000	-1.000000	-2.128811	-0.794669	-0.784044	-1.040753
4.390	-1.000000	-1.000000	-1.000000	-1.000000	-2.113278	-0.794669	-0.767134	-1.040753
4.400	-1.000000	-1.000000	-1.000000	-1.000000	-2.128811	-0.778347	-0.784044	-0.710832
4.410	-1.000000	-1.000000	-1.000000	-1.000000	-2.128811	-0.794669	-0.784044	-1.059082
4.420	-1.000000	-1.000000	-1.000000	-1.000000	-2.128811	-1.104792	-0.479673	-0.710832
4.430	-1.000000	-1.000000	-1.000000	-1.000000	-2.113278	-1.121115	-0.784044	-1.059082
4.440	-1.000000	-1.000000	-1.000000	-1.000000	-2.113278	-0.778347	-0.784044	-1.059082
4.450	-1.000000	-1.000000	-1.000000	-1.000000	-2.113278	-0.778347	-0.767134	-0.710832
4.460	-1.000000	-1.000000	-1.000000	-1.000000	-1.833678	-0.778347	-0.784044	-1.040753
4.470	-1.000000	-1.000000	-1.000000	-1.000000	-1.818144	-0.794669	-0.800953	-0.710832
4.480	-1.000000	-1.000000	-1.000000	-1.000000	-2.144344	-0.794669	-0.784044	-0.710832
4.490	-1.000000	-1.000000	-1.000000	-1.000000	-1.849211	-0.778347	-0.479673	-1.040753
4.500	-1.000000	-1.000000	-1.000000	-1.000000	-2.128811	-1.104792	-0.767134	-0.692503
4.510	-1.000000	-1.000000	-1.000000	-1.000000	-1.833678	-0.778347	-0.462763	-1.022424
4.520	-1.000000	-1.000000	-1.000000	-1.000000	-1.833678	-0.778347	-0.784044	-1.059082
4.530	-1.000000	-1.000000	-1.000000	-1.000000	-2.128811	-1.088470	-0.784044	-1.040753
4.540	-1.000000	-1.000000	-1.000000	-1.000000	-1.833678	-0.778347	-0.767134	-0.710832
4.550	-1.000000	-1.000000	-1.000000	-1.000000	-1.833678	-0.778347	-0.767134	-0.692503
4.560	-1.000000	-1.000000	-1.000000	-1.000000	-2.144344	-1.088470	-0.784044	-1.040753
4.570	-1.000000	-1.000000	-1.000000	-1.000000	-2.128811	-0.778347	-0.784044	-1.059082
4.580	-1.000000	-1.000000	-1.000000	-1.000000	-2.128811	-0.794669	-0.767134	-1.040753
4.590	-1.000000	-1.000000	-1.000000	-1.000000	-1.833678	-0.778347	-0.767134	-1.059082
4.600	-1.000000	-1.000000	-1.000000	-1.000000	-2.128811	-1.104792	-0.784044	-0.710832
4.610	-1.000000	-1.000000	-1.000000	-1.000000	-1.833678	-0.778347	-0.767134	-0.710832
4.620	-1.000000	-1.000000	-1.000000	-1.000000	-2.128811	-1.072148	-0.767134	-1.040753
4.630	-1.000000	-1.000000	-1.000000	-1.000000	-1.833678	-0.778347	-0.784044	-0.710832
4.640	-1.000000	-1.000000	-1.000000	-1.000000	-1.833678	-0.778347	-0.784044	-0.710832
4.650	-1.000000	-1.000000	-1.000000	-1.000000	-2.128811	-0.794669	-0.784044	-0.710832
4.660	-1.000000	-1.000000	-1.000000	-1.000000	-2.113278	-0.794669	-0.767134	-0.729161
4.670	-1.000000	-1.000000	-1.000000	-1.000000	-1.833678	-0.794669	-0.784044	-1.059082
4.680	-1.000000	-1.000000	-1.000000	-1.000000	-1.833678	-0.794669	-0.767134	-0.692503
4.690	-1.000000	-1.000000	-1.000000	-1.000000	-1.833678	-0.778347	-0.767134	-1.040753
4.700	-1.000000	-1.000000	-1.000000	-1.000000	-1.818144	-0.778347	-0.767134	-1.040753
4.710	-1.000000	-1.000000	-1.000000	-1.000000	-1.833678	-1.088470	-0.767134	-0.692503
4.720	-1.000000	-1.000000	-1.000000	-1.000000	-2.128811	-0.794669	-0.784044	-0.710832
4.730	-1.000000	-1.000000	-1.000000	-1.000000	-2.128811	-0.794669	-0.784044	-0.710832
4.740	-1.000000	-1.000000	-1.000000	-1.000000	-2.128811	-0.778347	-0.767134	-0.692503
4.750	-1.000000	-1.000000	-1.000000	-1.000000	-2.113278	-0.778347	-0.767134	-0.710832
4.760	-1.000000	-1.000000	-1.000000	-1.000000	-1.818144	-0.794669	-0.767134	-0.692503
4.770	-1.000000	-1.000000	-1.000000	-1.000000	-2.128811	-1.088470	-0.784044	-1.040753
4.780	-1.000000	-1.000000	-1.000000	-1.000000	-2.128811	-0.794669	-0.784044	-0.692503
4.790	-1.000000	-1.000000	-1.000000	-1.000000	-2.128811	-0.778347	-0.784044	-1.040753
4.800	-1.000000	-1.000000	-1.000000	-1.000000	-1.833678	-1.088470	-0.784044	-1.059082
4.810	-1.000000	-1.000000	-1.000000	-1.000000	-1.833678	-0.794669	-0.784044	-1.040753
4.820	-1.000000	-1.000000	-1.000000	-1.000000	-2.113278	-1.104792	-0.767134	-1.059082
4.830	-1.000000	-1.000000	-1.000000	-1.000000	-2.128811	-1.121115	-0.767134	-1.040753
4.840	-1.000000	-1.000000	-1.000000	-1.000000	-1.849211	-1.121115	-0.784044	-0.710832
4.850	-1.000000	-1.000000	-1.000000	-1.000000	-2.113278	-0.794669	-0.784044	-0.692503
4.860	-1.000000	-1.000000	-1.000000	-1.000000	-2.128811	-0.778347	-0.479673	-0.710832
4.870	-1.000000	-1.000000	-1.000000	-1.000000	-1.849211	-0.794669	-0.784044	-1.040753
4.880	-1.000000	-1.000000	-1.000000	-1.000000	-1.833678	-0.794669	-0.479673	-0.710832
4.890	-1.000000	-1.000000	-1.000000	-1.000000	-1.818144	-0.794669	-0.767134	-1.040753
4.900	-1.000000	-1.000000	-1.000000	-1.000000	-1.818144	-0.778347	-0.784044	-0.692503
4.910	-1.000000	-1.000000	-1.000000	-1.000000	-1.833678	-0.778347	-0.784044	-0.710832
4.920	-1.000000	-1.000000	-1.000000	-1.000000	-2.113278	-1.104792	-0.784044	-1.059082
4.930	-1.000000	-1.000000	-1.000000	-1.000000	-2.128811	-0.778347	-1.071506	-1.040753
4.940	-1.000000	-1.000000	-1.000000	-1.000000	-1.833678	-0.794669	-0.784044	-1.022424
4.950	-1.000000	-1.000000	-1.000000	-1.000000	-1.818144	-1.104792	-0.767134	-0.692503
4.960	-1.000000	-1.000000	-1.000000	-1.000000	-2.128811	-0.794669	-0.784044	-0.710832
4.970	-1.000000	-1.000000	-1.000000	-1.000000	-2.113278	-0.778347	-0.767134	-1.040753
4.980	-1.000000	-1.000000	-1.000000	-1.000000	-2.128811	-1.088470	-0.784044	-1.040753
4.990	-1.000000	-1.000000	-1.000000	-1.000000	-2.128811	-0.778347	-0.767134	-0.710832
5.000	-1.000000	-1.000000	-1.000000	-1.000000	-2.113278	-0.778347	-0.784044	-0.692503
5.010	-1.000000	-1.000000	-1.000000	-1.000000	-2.128811	-0.778347	-0.767134	-0.710832
5.020	-1.000000	-1.000000	-1.000000	-1.000000	-2.128811	-0.778347	-0.784044	-0.692503
5.030	-1.000000	-1.000000	-1.000000	-1.000000	-2.128811	-0.794669	-0.784044	-1.059082
5.040	-1.000000	-1.000000	-1.000000	-1.000000	-2.128811	-0.794669	-0.767134	-0.710832
5.050	-1.000000	-1.000000	-1.000000	-1.000000	-2.113278	-1.104792	-0.784044	-0.710832
5.060	-1.000000	-1.000000	-1.000000	-1.000000	-2.128811	-0.778347	-0.784044	-0.710832
5.070	-1.000000	-1.000000	-1.000000	-1.000000	-1.833678	-0.794669	-0.479673	-0.692503
5.080	-1.000000	-1.000000	-1.000000	-1.000000	-1.833678	-0.794669	-0.767134	-0.692503
5.090	-1.000000	-1.000000	-1.000000	-1.000000	-2.128811	-0.778347	-0.767134	-0.692503
5.100	-1.000000	-1.000000	-1.000000	-1.000000	-1.833678	-0.794669	-0.784044	-1.040753
5.110	-1.000000	-1.000000	-1.000000	-1.000000	-2.113278	-0.762025	-0.784044	-0.710832
5.120	-1.000000	-1.000000	-1.000000	-1.000000	-2.113278	-0.794669	-0.784044	-1.040753
5.130	-1.000000	-1.000000	-1.000000	-1.000000	-2.113278	-0.794669	-0.767134	-0.710832
5.140	-1.000000	-1.000000	-1.000000	-1.000000	-1.818144	-1.088470	-0.767134	-0.710832
5.150	-1.000000	-1.000000	-1.000000	-1.000000	-2.113278	-0.810991	-0.767134	-0.710832
5.160	-1.000000	-1.000000	-1.000000	-1.000000	-2.128811	-0.794669	-0.784044	-0.692503
5.170	-1.000000	-1.000000	-1.000000	-1.000000	-1.818144	-0.778347	-0.784044	-1.022424
5.180	-1.000000	-1.000000	-1.000000	-1.000000	-1.818144	-0.794669	-0.767134	-0.674174
5.190	-1.000000	-1.000000	-1.000000	-1.000000	-1.833678	-0.762025	-0.784044	-0.692503
5.200	-1.000000	-1.000000	-1.000000	-1.000000	-2.128811	-0.794669	-0.784044	-0.692503
5.210	-1.000000	-1.000000	-1.000000	-1.000000	-2.113278	-0.810991	-0.784044	-0.710832
5.220	-1.000000	-1.000000	-1.000000	-1.000000	-2.113278	-0.794669	-0.462763	-0.692503
5.230	-1.000000	-1.000000	-1.000000	-1.000000	-2.113278	-0.794669	-0.767134	-1.040753
5.240	-1.000000	-1.000000	-1.000000	-1.000000	-2.113278	-0.778347	-0.462763	-1.040753
5.250	-1.000000	-1.000000	-1.000000	-1.000000	-1.818144	-0.778347	-0.767134	-1.022424
5.260	-1.000000	-1.000000	-1.000000	-1.000000	-1.818144	-0.778347	-0.784044	-1.059082
5.270	-1.000000	-1.000000	-1.000000	-1.000000	-1.818144	-0.794669	-0.784044	-1.022424
5.280	-1.000000	-1.000000	-1.000000	-1.000000	-2.113278	-1.088470	-0.767134	-0.710832
5.290	-1.000000	-1.000000	-1.000000	-1.000000	-2.113278	-0.778347	-0.767134	-0.710832
5.300	-1.000000	-1.000000	-1.000000	-1.000000	-2.113278	-0.794669	-0.767134	-0.692503
5.310	-1.000000	-1.000000	-1.000000	-1.000000	-1.818144	-0.778347	-0.462763	-0.692503
5.320	-1.000000	-1.000000	-1.000000	-1.000000	-1.818144	-0.778347	-0.767134	-0.692503
5.330	-1.000000	-1.000000	-1.000000	-1.000000	-2.113278	-0.778347	-0.784044	-1.040753
5.340	-1.000000	-1.000000	-1.000000	-1.000000	-2.128811	-1.088470	-0.784044	-0.692503
5.350	-1.000000	-1.000000	-1.000000	-1.000000	-1.833678	-0.778347	-0.767134	-1.040753
5.360	-1.000000	-1.000000	-1.000000	-1.000000	-2.128811	-0.794669	-0.784044	-0.692503
5.370	-1.000000	-1.000000	-1.000000	-1.000000	-2.113278	-0.778347	-1.088415	-1.040753
5.380	-1.000000	-1.000000	-1.000000	-1.000000	-2.128811	-0.778347	-0.479673	-0.710832
5.390	-1.000000	-1.000000	-1.000000	-1.000000	-1.833678	-0.778347	-0.784044	-0.710832
5.400	-1.000000	-1.000000	-1.000000	-1.000000	-1.833678	-0.794669	-0.462763	-0.692503
5.410	-1.000000	-1.000000	-1.000000	-1.000000	-1.818144	-1.088470	-1.105325	-1.059082
5.420	-1.000000	-1.000000	-1.000000	-1.000000	-2.128811	-0.778347	-0.784044	-0.710832
5.430	-1.000000	-1.000000	-1.000000	-1.000000	-1.833678	-0.794669	-0.784044	-0.710832
5.440	-1.000000	-1.000000	-1.000000	-1.000000	-1.833678	-1.104792	-0.784044	-0.692503
5.450	-1.000000	-1.000000	-1.000000	-1.000000	-2.128811	-1.104792	-0.784044	-0.710832
5.460	-1.000000	-1.000000	-1.000000	-1.000000	-2.128811	-0.794669	-0.784044	-0.710832
5.470	-1.000000	-1.000000	-1.000000	-1.000000	-2.128811	-0.794669	-0.767134	-0.710832
5.480	-1.000000	-1.000000	-1.000000	-1.000000	-2.113278	-0.794669	-0.767134	-1.059082
5.490	-1.000000	-1.000000	-1.000000	-1.000000	-1.833678	-0.778347	-0.784044	-0.692503
5.500	-1.000000	-1.000000	-1.000000	-1.000000	-1.833678	-0.778347	-0.767134	-0.710832
5.510	-1.000000	-1.000000	-1.000000	-1.000000	-2.128811	-0.778347	-0.767134	-1.059082
5.520	-1.000000	-1.000000	-1.000000	-1.000000	-2.113278	-0.778347	-0.784044	-1.040753
5.530	-1.000000	-1.000000	-1.000000	-1.000000	-2.113278	-0.778347	-0.767134	-1.059082
5.540	-1.000000	-1.000000	-1.000000	-1.000000	-1.833678	-1.088470	-0.784044	-0.692503
5.550	-1.000000	-1.000000	-1.000000	-1.000000	-1.818144	-1.088470	-0.767134	-1.040753
5.560	-1.000000	-1.000000	-1.000000	-1.000000	-1.833678	-0.794669	-0.767134	-1.040753
5.570	-1.000000	-1.000000	-1.000000	-1.000000	-2.113278	-1.104792	-0.784044	-0.692503
5.580	-1.000000	-1.000000	-1.000000	-1.000000	-1.818144	-0.778347	-0.767134	-0.692503
5.590	-1.000000	-1.000000	-1.000000	-1.000000	-1.833678	-0.778347	-0.767134	-0.710832
5.600	-1.000000	-1.000000	-1.000000	-1.000000	-2.144344	-0.778347	-0.767134	-0.692503
5.610	-1.000000	-1.000000	-1.000000	-1.000000	-1.818144	-0.794669	-0.784044	-1.040753
5.620	-1.000000	-1.000000	-1.000000	-1.000000	-2.128811	-0.778347	-0.496582	-1.059082
5.630	-1.000000	-1.000000	-1.000000	-1.000000	-2.144344	-0.794669	-0.784044	-1.059082
5.640	-1.000000	-1.000000	-1.000000	-1.000000	-2.113278	-0.794669	-0.784044	-1.022424
5.650	-1.000000	-1.000000	-1.000000	-1.000000	-1.833678	-0.794669	-0.767134	-0.692503
5.660	-1.000000	-1.000000	-1.000000	-1.000000	-1.833678	-0.794669	-0.462763	-1.040753
5.670	-1.000000	-1.000000	-1.000000	-1.000000	-1.833678	-0.778347	-0.462763	-0.710832
5.680	-1.000000	-1.000000	-1.000000	-1.000000	-1.833678	-0.794669	-0.784044	-0.710832
5.690	-1.000000	-1.000000	-1.000000	-1.000000	-1.833678	-0.794669	-0.784044	-0.710832
5.700	-1.000000	-1.000000	-1.000000	-1.000000	-1.833678	-0.778347	-0.784044	-0.710832
5.710	-1.000000	-1.000000	-1.000000	-1.000000	-2.128811	-0.794669	-0.784044	-0.710832
5.720	-1.000000	-1.000000	-1.000000	-1.000000	-1.833678	-0.794669	-0.784044	-1.040753
5.730	-1.000000	-1.000000	-1.000000	-1.000000	-2.128811	-0.794669	-0.784044	-1.040753
5.740	-1.000000	-1.000000	-1.000000	-1.000000	-2.128811	-0.778347	-0.767134	-1.059082
5.750	-1.000000	-1.000000	-1.000000	-1.000000	-1.818144	-0.778347	-0.767134	-0.710832
5.760	-1.000000	-1.000000	-1.000000	-1.000000	-1.833678	-0.794669	-0.784044	-0.710832
5.770	-1.000000	-1.000000	-1.000000	-1.000000	-2.128811	-0.778347	-0.767134	-1.022424
5.780	-1.000000	-1.000000	-1.000000	-1.000000	-1.818144	-1.104792	-0.784044	-0.710832
5.790	-1.000000	-1.000000	-1.000000	-1.000000	-2.113278	-0.794669	-0.784044	-1.040753
5.800	-1.000000	-1.000000	-1.000000	-1.000000	-1.833678	-0.778347	-0.767134	-0.692503
5.810	-1.000000	-1.000000	-1.000000	-1.000000	-1.833678	-0.794669	-0.767134	-0.692503
5.820	-1.000000	-1.000000	-1.000000	-1.000000	-1.833678	-0.794669	-0.445854	-1.059082
5.830	-1.000000	-1.000000	-1.000000	-1.000000	-2.113278	-0.778347	-0.767134	-1.040753
5.840	-1.000000	-1.000000	-1.000000	-1.000000	-1.818144	-1.104792	-0.784044	-0.692503
5.850	-1.000000	-1.000000	-1.000000	-1.000000	-1.833678	-1.088470	-0.767134	-0.710832
5.860	-1.000000	-1.000000	-1.000000	-1.000000	-2.128811	-0.778347	-0.767134	-0.710832
5.870	-1.000000	-1.000000	-1.000000	-1.000000	-1.833678	-0.794669	-0.784044	-0.692503
5.880	-1.000000	-1.000000	-1.000000	-1.000000	-2.113278	-0.794669	-0.784044	-0.692503
5.890	-1.000000	-1.000000	-1.000000	-1.000000	-2.113278	-0.794669	-0.784044	-0.692503
5.900	-1.000000	-1.000000	-1.000000	-1.000000	-1.833678	-0.794669	-0.784044	-1.040753
5.910	-1.000000	-1.000000	-1.000000	-1.000000	-2.128811	-0.794669	-0.767134	-0.710832
5.920	-1.000000	-1.000000	-1.000000	-1.000000	-2.128811	-0.794669	-0.767134	-0.710832
5.930	-1.000000	-1.000000	-1.000000	-1.000000	-2.128811	-0.794669	-0.462763	-1.022424
5.940	-1.000000	-1.000000	-1.000000	-1.000000	-2.128811	-0.794669	-0.784044	-0.710832
5.950	-1.000000	-1.000000	-1.000000	-1.000000	-2.128811	-0.794669	-0.784044	-1.059082
5.960	-1.000000	-1.000000	-1.000000	-1.000000	-2.128811	-0.778347	-0.462763	-1.040753
5.970	-1.000000	-1.000000	-1.000000	-1.000000	-1.833678	-0.794669	-0.767134	-0.710832
5.980	-1.000000	-1.000000	-1.000000	-1.000000	-2.128811	-0.794669	-0.784044	-1.059082
5.990	-1.000000	-1.000000	-1.000000	-1.000000	-2.113278	-0.762025	-0.479673	-0.710832
6.000	-1.000000	-1.000000	-1.000000	-1.000000	-1.833678	-1.104792	-0.784044	-0.692503
6.010	-1.000000	-1.000000	-1.000000	-1.000000	-2.113278	-0.778347	-0.767134	-0.710832
6.020	-1.000000	-1.000000	-1.000000	-1.000000	-1.833678	-0.794669	-0.479673	-0.692503
6.030	-1.000000	-1.000000	-1.000000	-1.000000	-2.113278	-0.778347	-0.784044	-0.692503
6.040	-1.000000	-1.000000	-1.000000	-1.000000	-1.818144	-0.794669	-0.784044	-1.022424
6.050	-1.000000	-1.000000	-1.000000	-1.000000	-2.113278	-0.794669	-0.784044	-0.692503
6.060	-1.000000	-1.000000	-1.000000	-1.000000	-1.818144	-0.778347	-0.767134	-0.692503
6.070	-1.000000	-1.000000	-1.000000	-1.000000	-2.113278	-0.794669	-0.767134	-0.692503
6.080	-1.000000	-1.000000	-1.000000	-1.000000	-2.128811	-0.810991	-0.784044	-1.040753
6.090	-1.000000	-1.000000	-1.000000	-1.000000	-1.833678	-1.088470	-0.784044	-0.710832
6.100	-1.000000	-1.000000	-1.000000	-1.000000	-1.833678	-0.778347	-0.462763	-0.729161
6.110	-1.000000	-1.000000	-1.000000	-1.000000	-2.113278	-0.810991	-0.767134	-1.059082
6.120	-1.000000	-1.000000	-1.000000	-1.000000	-2.128811	-1.072148	-0.784044	-1.059082
6.130	-1.000000	-1.000000	-1.000000	-1.000000	-2.128811	-0.778347	-0.479673	-0.692503
6.140	-1.000000	-1.000000	-1.000000	-1.000000	-2.128811	-0.794669	-0.800953	-0.692503
6.150	-1.000000	-1.000000	-1.000000	-1.000000	-1.818144	-1.104792	-0.800953	-1.040753
6.160	-1.000000	-1.000000	-1.000000	-1.000000	-2.097744	-0.794669	-0.800953	-1.040753
6.170	-1.000000	-1.000000	-1.000000	-1.000000	-2.144344	-0.778347	-0.784044	-0.692503
6.180	-1.000000	-1.000000	-1.000000	-1.000000	-2.128811	-0.794669	-0.784044	-1.022424
6.190	-1.000000	-1.000000	-1.000000	-1.000000	-2.113278	-0.778347	-0.784044	-1.040753
6.200	-1.000000	-1.000000	-1.000000	-1.000000	-2.128811	-0.778347	-0.479673	-0.710832
6.210	-1.000000	-1.000000	-1.000000	-1.000000	-1.818144	-1.088470	-0.784044	-0.710832
6.220	-1.000000	-1.000000	-1.000000	-1.000000	-1.818144	-0.794669	-0.767134	-1.040753
6.230	-1.000000	-1.000000	-1.000000	-1.000000	-1.833678	-0.778347	-0.800953	-0.710832
6.240	-1.000000	-1.000000	-1.000000	-1.000000	-2.128811	-1.104792	-0.784044	-1.040753
6.250	-1.000000	-1.000000	-1.000000	-1.000000	-1.833678	-1.088470	-0.800953	-0.692503
6.260	-1.000000	-1.000000	-1.000000	-1.000000	-1.833678	-0.778347	-0.784044	-0.692503
6.270	-1.000000	-1.000000	-1.000000	-1.000000	-2.113278	-0.778347	-0.784044	-0.710832
6.280	-1.000000	-1.000000	-1.000000	-1.000000	-1.833678	-0.778347	-0.784044	-0.710832
6.290	-1.000000	-1.000000	-1.000000	-1.000000	-2.128811	-0.484546	-0.767134	-0.710832
6.300	-1.000000	-1.000000	-1.000000	-1.000000	-1.818144	-0.794669	-0.784044	-1.040753
6.310	-1.000000	-1.000000	-1.000000	-1.000000	-1.818144	-1.088470	-0.784044	-0.710832
6.320	-1.000000	-1.000000	-1.000000	-1.000000	-1.833678	-0.794669	-0.767134	-0.710832
6.330	-1.000000	-1.000000	-1.000000	-1.000000	-2.128811	-0.778347	-0.800953	-0.692503
6.340	-1.000000	-1.000000	-1.000000	-1.000000	-1.833678	-0.778347	-0.800953	-1.040753
6.350	-1.000000	-1.000000	-1.000000	-1.000000	-2.128811	-0.778347	-0.767134	-1.040753
6.360	-1.000000	-1.000000	-1.000000	-1.000000	-1.833678	-0.794669	-0.784044	-1.040753
6.370	-1.000000	-1.000000	-1.000000	-1.000000	-1.818144	-0.778347	-0.784044	-1.040753
6.380	-1.000000	-1.000000	-1.000000	-1.000000	-1.833678	-1.104792	-0.784044	-1.040753
6.390	-1.000000	-1.000000	-1.000000	-1.000000	-2.128811	-0.778347	-0.767134	-0.692503
6.400	-1.000000	-1.000000	-1.000000	-1.000000	-1.818144	-1.104792	-0.784044	-0.710832
6.410	-1.000000	-1.000000	-1.000000	-1.000000	-2.113278	-0.778347	-0.784044	-1.040753
6.420	-1.000000	-1.000000	-1.000000	-1.000000	-1.833678	-0.778347	-0.784044	-0.710832
6.430	-1.000000	-1.000000	-1.000000	-1.000000	-1.833678	-0.778347	-0.800953	-0.710832
6.440	-1.000000	-1.000000	-1.000000	-1.000000	-2.113278	-0.778347	-0.784044	-0.710832
6.450	-1.000000	-1.000000	-1.000000	-1.000000	-1.818144	-0.778347	-0.784044	-1.059082
6.460	-1.000000	-1.000000	-1.000000	-1.000000	-2.128811	-1.104792	-0.784044	-0.710832
6.470	-1.000000	-1.000000	-1.000000	-1.000000	-1.833678	-0.794669	-0.784044	-1.040753
6.480	-1.000000	-1.000000	-1.000000	-1.000000	-1.818144	-0.778347	-0.784044	-1.059082
6.490	-1.000000	-1.000000	-1.000000	-1.000000	-2.128811	-0.794669	-0.800953	-0.710832
6.500	-1.000000	-1.000000	-1.000000	-1.000000	-2.128811	-0.778347	-0.784044	-1.040753
6.510	-1.000000	-1.000000	-1.000000	-1.000000	-1.833678	-0.794669	-0.784044	-0.710832
6.520	-1.000000	-1.000000	-1.000000	-1.000000	-2.113278	-0.778347	-0.784044	-0.710832
6.530	-1.000000	-1.000000	-1.000000	-1.000000	-2.128811	-0.778347	-0.784044	-1.040753
6.540	-1.000000	-1.000000	-1.000000	-1.000000	-2.128811	-0.794669	-0.784044	-0.692503
6.550	-1.000000	-1.000000	-1.000000	-1.000000	-2.128811	-0.794669	-0.800953	-0.710832
6.560	-1.000000	-1.000000	-1.000000	-1.000000	-1.833678	-0.778347	-1.105325	-0.710832
6.570	-1.000000	-1.000000	-1.000000	-1.000000	-2.128811	-0.778347	-0.800953	-0.710832
6.580	-1.000000	-1.000000	-1.000000	-1.000000	-2.113278	-1.088470	-0.800953	-0.710832
6.590	-1.000000	-1.000000	-1.000000	-1.000000	-1.818144	-0.778347	-0.784044	-0.710832
6.600	-1.000000	-1.000000	-1.000000	-1.000000	-2.113278	-0.778347	-0.784044	-0.710832
6.610	-1.000000	-1.000000	-1.000000	-1.000000	-2.128811	-0.778347	-0.784044	-0.710832
6.620	-1.000000	-1.000000	-1.000000	-1.000000	-1.833678	-0.762025	-0.800953	-0.710832
6.630	-1.000000	-1.000000	-1.000000	-1.000000	-1.833678	-0.778347	-1.088415	-1.040753
6.640	-1.000000	-1.000000	-1.000000	-1.000000	-1.833678	-0.794669	-0.784044	-0.692503
6.650	-1.000000	-1.000000	-1.000000	-1.000000	-2.128811	-0.794669	-0.784044	-0.710832
6.660	-1.000000	-1.000000	-1.000000	-1.000000	-1.833678	-0.778347	-0.800953	-1.040753
6.670	-1.000000	-1.000000	-1.000000	-1.000000	-2.128811	-0.778347	-0.784044	-0.710832
6.680	-1.000000	-1.000000	-1.000000	-1.000000	-1.833678	-0.778347	-0.784044	-0.692503
6.690	-1.000000	-1.000000	-1.000000	-1.000000	-2.128811	-0.778347	-0.784044	-1.040753
6.700	-1.000000	-1.000000	-1.000000	-1.000000	-2.144344	-1.088470	-1.105325	-0.692503
6.710	-1.000000	-1.000000	-1.000000	-1.000000	-2.128811	-0.778347	-0.784044	-0.710832
6.720	-1.000000	-1.000000	-1.000000	-1.000000	-2.128811	-0.778347	-0.462763	-0.710832
6.730	-1.000000	-1.000000	-1.000000	-1.000000	-2.128811	-0.778347	-0.784044	-0.710832
6.740	-1.000000	-1.000000	-1.000000	-1.000000	-2.128811	-1.104792	-0.784044	-1.022424
6.750	-1.000000	-1.000000	-1.000000	-1.000000	-2.128811	-0.794669	-0.800953	-0.692503
6.760	-1.000000	-1.000000	-1.000000	-1.000000	-2.113278	-0.778347	-0.784044	-0.710832
6.770	-1.000000	-1.000000	-1.000000	-1.000000	-1.833678	-0.794669	-0.479673	-0.729161
6.780	-1.000000	-1.000000	-1.000000	-1.000000	-2.128811	-0.794669	-0.784044	-0.710832
6.790	-1.000000	-1.000000	-1.000000	-1.000000	-2.128811	-0.778347	-0.784044	-1.059082
6.800	-1.000000	-1.000000	-1.000000	-1.000000	-1.849211	-0.778347	-0.800953	-1.040753
6.810	-1.000000	-1.000000	-1.000000	-1.000000	-2.128811	-0.778347	-0.767134	-0.710832
6.820	-1.000000	-1.000000	-1.000000	-1.000000	-2.128811	-0.794669	-0.784044	-0.710832
6.830	-1.000000	-1.000000	-1.000000	-1.000000	-1.833678	-1.072148	-0.784044	-1.059082
6.840	-1.000000	-1.000000	-1.000000	-1.000000	-2.113278	-0.794669	-0.784044	-1.059082
6.850	-1.000000	-1.000000	-1.000000	-1.000000	-1.833678	-0.794669	-0.784044	-1.059082
6.860	-1.000000	-1.000000	-1.000000	-1.000000	-1.833678	-0.794669	-0.784044	-0.692503
6.870	-1.000000	-1.000000	-1.000000	-1.000000	-2.128811	-0.810991	-0.800953	-1.059082
6.880	-1.000000	-1.000000	-1.000000	-1.000000	-1.818144	-0.778347	-0.784044	-1.040753
6.890	-1.000000	-1.000000	-1.000000	-1.000000	-1.849211	-0.778347	-0.784044	-0.710832
6.900	-1.000000	-1.000000	-1.000000	-1.000000	-2.128811	-0.810991	-0.800953	-1.040753
6.910	-1.000000	-1.000000	-1.000000	-1.000000	-2.128811	-0.794669	-0.800953	-1.022424
6.920	-1.000000	-1.000000	-1.000000	-1.000000	-1.833678	-1.088470	-0.784044	-1.022424
6.930	-1.000000	-1.000000	-1.000000	-1.000000	-1.833678	-0.794669	-0.784044	-1.040753
6.940	-1.000000	-1.000000	-1.000000	-1.000000	-2.128811	-0.794669	-0.767134	-0.692503
6.950	-1.000000	-1.000000	-1.000000	-1.000000	-2.128811	-0.794669	-0.784044	-1.040753
6.960	-1.000000	-1.000000	-1.000000	-1.000000	-2.128811	-0.794669	-0.784044	-0.710832
6.970	-1.000000	-1.000000	-1.000000	-1.000000	-1.833678	-0.778347	-0.784044	-1.040753
6.980	-1.000000	-1.000000	-1.000000	-1.000000	-2.128811	-0.794669	-0.784044	-0.710832
6.990	-1.000000	-1.000000	-1.000000	-1.000000	-2.128811	-0.794669	-0.479673	-0.710832
7.000	-1.000000	-1.000000	-1.000000	-1.000000	-2.113278	-0.778347	-0.784044	-0.710832
7.010	-1.000000	-1.000000	-1.000000	-1.000000	-2.128811	-0.778347	-0.767134	-0.710832
7.020	-1.000000	-1.000000	-1.000000	-1.000000	-1.802611	-0.778347	-0.462763	-0.710832
7.030	-1.000000	-1.000000	-1.000000	-1.000000	-2.128811	-0.794669	-0.784044	-1.040753
7.040	-1.000000	-1.000000	-1.000000	-1.000000	-1.833678	-0.794669	-0.784044	-0.710832
7.050	-1.000000	-1.000000	-1.000000	-1.000000	-2.128811	-0.778347	-0.784044	-0.692503
7.060	-1.000000	-1.000000	-1.000000	-1.000000	-1.833678	-0.468224	-0.800953	-1.040753
7.070	-1.000000	-1.000000	-1.000000	-1.000000	-2.128811	-0.794669	-0.784044	-0.710832
7.080	-1.000000	-1.000000	-1.000000	-1.000000	-1.818144	-0.794669	-0.784044	-1.059082
7.090	-1.000000	-1.000000	-1.000000	-1.000000	-1.833678	-0.794669	-0.479673	-0.710832
7.100	-1.000000	-1.000000	-1.000000	-1.000000	-1.833678	-0.778347	-0.784044	-1.059082
7.110	-1.000000	-1.000000	-1.000000	-1.000000	-1.833678	-1.104792	-0.767134	-0.710832
7.120	-1.000000	-1.000000	-1.000000	-1.000000	-1.833678	-0.778347	-0.784044	-0.710832
7.130	-1.000000	-1.000000	-1.000000	-1.000000	-1.833678	-0.778347	-0.784044	-0.692503
7.140	-1.000000	-1.000000	-1.000000	-1.000000	-1.833678	-0.778347	-0.784044	-1.040753
7.150	-1.000000	-1.000000	-1.000000	-1.000000	-2.128811	-0.794669	-1.105325	-0.710832
7.160	-1.000000	-1.000000	-1.000000	-1.000000	-2.128811	-0.794669	-0.479673	-0.729161
7.170	-1.000000	-1.000000	-1.000000	-1.000000	-2.128811	-0.794669	-0.767134	-0.710832
7.180	-1.000000	-1.000000	-1.000000	-1.000000	-1.833678	-0.778347	-0.784044	-1.040753
7.190	-1.000000	-1.000000	-1.000000	-1.000000	-2.113278	-0.794669	-0.784044	-0.674174
7.200	-1.000000	-1.000000	-1.000000	-1.000000	-2.128811	-1.088470	-0.784044	-0.710832
7.210	-1.000000	-1.000000	-1.000000	-1.000000	-1.833678	-1.088470	-0.784044	-0.692503
7.220	-1.000000	-1.000000	-1.000000	-1.000000	-2.128811	-0.794669	-1.088415	-0.729161
7.230	-1.000000	-1.000000	-1.000000	-1.000000	-2.128811	-0.794669	-0.784044	-0.710832
7.240	-1.000000	-1.000000	-1.000000	-1.000000	-2.128811	-1.104792	-0.784044	-0.710832
7.250	-1.000000	-1.000000	-1.000000	-1.000000	-1.833678	-0.794669	-0.784044	-0.710832
7.260	-1.000000	-1.000000	-1.000000	-1.000000	-1.833678	-1.088470	-0.784044	-0.692503
7.270	-1.000000	-1.000000	-1.000000	-1.000000	-2.128811	-0.762025	-0.784044	-0.710832
7.280	-1.000000	-1.000000	-1.000000	-1.000000	-1.833678	-0.778347	-0.784044	-0.710832
7.290	-1.000000	-1.000000	-1.000000	-1.000000	-2.128811	-1.088470	-0.784044	-0.710832
7.300	-1.000000	-1.000000	-1.000000	-1.000000	-1.833678	-1.104792	-0.800953	-0.710832
7.310	-1.000000	-1.000000	-1.000000	-1.000000	-1.833678	-0.778347	-0.800953	-0.692503
7.320	-1.000000	-1.000000	-1.000000	-1.000000	-2.113278	-0.778347	-0.784044	-0.710832
7.330	-1.000000	-1.000000	-1.000000	-1.000000	-1.833678	-0.778347	-0.784044	-0.710832
7.340	-1.000000	-1.000000	-1.000000	-1.000000	-1.833678	-0.778347	-0.784044	-0.710832
7.350	-1.000000	-1.000000	-1.000000	-1.000000	-1.818144	-0.778347	-0.479673	-0.710832
7.360	-1.000000	-1.000000	-1.000000	-1.000000	-2.128811	-0.794669	-0.767134	-0.710832
7.370	-1.000000	-1.000000	-1.000000	-1.000000	-2.128811	-0.778347	-0.784044	-1.059082
7.380	-1.000000	-1.000000	-1.000000	-1.000000	-2.128811	-0.794669	-0.784044	-1.059082
7.390	-1.000000	-1.000000	-1.000000	-1.000000	-1.849211	-0.794669	-0.784044	-0.710832
7.400	-1.000000	-1.000000	-1.000000	-1.000000	-1.833678	-0.794669	-0.784044	-1.040753
7.410	-1.000000	-1.000000	-1.000000	-1.000000	-2.128811	-1.104792	-0.784044	-0.710832
7.420	-1.000000	-1.000000	-1.000000	-1.000000	-2.128811	-0.794669	-0.784044	-0.710832
7.430	-1.000000	-1.000000	-1.000000	-1.000000	-1.849211	-0.778347	-0.800953	-0.710832
7.440	-1.000000	-1.000000	-1.000000	-1.000000	-1.818144	-1.104792	-0.784044	-0.729161
7.450	-1.000000	-1.000000	-1.000000	-1.000000	-1.833678	-0.778347	-0.800953	-1.040753
7.460	-1.000000	-1.000000	-1.000000	-1.000000	-2.128811	-1.104792	-0.479673	-0.710832
7.470	-1.000000	-1.000000	-1.000000	-1.000000	-2.113278	-1.088470	-0.462763	-1.059082
7.480	-1.000000	-1.000000	-1.000000	-1.000000	-1.833678	-0.778347	-0.784044	-1.059082
7.490	-1.000000	-1.000000	-1.000000	-1.000000	-2.113278	-0.794669	-0.800953	-0.729161
7.500	-1.000000	-1.000000	-1.000000	-1.000000	-1.833678	-0.794669	-0.767134	-1.059082
7.510	-1.000000	-1.000000	-1.000000	-1.000000	-1.833678	-0.778347	-0.784044	-1.059082
7.520	-1.000000	-1.000000	-1.000000	-1.000000	-2.113278	-1.088470	-0.784044	-0.710832
7.530	-1.000000	-1.000000	-1.000000	-1.000000	-1.833678	-0.794669	-0.784044	-0.692503
7.540	-1.000000	-1.000000	-1.000000	-1.000000	-2.128811	-0.778347	-0.784044	-1.059082
7.550	-1.000000	-1.000000	-1.000000	-1.000000	-1.833678	-1.072148	-0.784044	-0.710832
7.560	-1.000000	-1.000000	-1.000000	-1.000000	-2.113278	-0.778347	-0.784044	-0.710832
7.570	-1.000000	-1.000000	-1.000000	-1.000000	-1.818144	-0.794669	-0.767134	-1.040753
7.580	-1.000000	-1.000000	-1.000000	-1.000000	-1.833678	-0.794669	-0.800953	-1.059082
7.590	-1.000000	-1.000000	-1.000000	-1.000000	-2.128811	-0.794669	-0.784044	-0.710832
7.600	-1.000000	-1.000000	-1.000000	-1.000000	-2.113278	-0.762025	-0.767134	-0.692503
7.610	-1.000000	-1.000000	-1.000000	-1.000000	-2.128811	-0.762025	-0.784044	-0.692503
7.620	-1.000000	-1.000000	-1.000000	-1.000000	-2.113278	-0.778347	-0.784044	-0.674174
7.630	-1.000000	-1.000000	-1.000000	-1.000000	-1.833678	-0.778347	-0.784044	-0.710832
7.640	-1.000000	-1.000000	-1.000000	-1.000000	-1.818144	-0.778347	-0.479673	-0.710832
7.650	-1.000000	-1.000000	-1.000000	-1.000000	-2.113278	-0.794669	-0.784044	-0.692503
7.660	-1.000000	-1.000000	-1.000000	-1.000000	-1.818144	-1.088470	-0.784044	-0.710832
7.670	-1.000000	-1.000000	-1.000000	-1.000000	-2.128811	-1.088470	-0.784044	-1.040753
7.680	-1.000000	-1.000000	-1.000000	-1.000000	-1.833678	-0.762025	-0.800953	-0.692503
7.690	-1.000000	-1.000000	-1.000000	-1.000000	-2.113278	-0.778347	-0.784044	-1.040753
7.700	-1.000000	-1.000000	-1.000000	-1.000000	-1.833678	-0.794669	-0.784044	-0.692503
7.710	-1.000000	-1.000000	-1.000000	-1.000000	-1.833678	-1.072148	-0.800953	-0.692503
7.720	-1.000000	-1.000000	-1.000000	-1.000000	-1.833678	-0.778347	-0.784044	-0.692503
7.730	-1.000000	-1.000000	-1.000000	-1.000000	-1.818144	-1.104792	-0.784044	-0.692503
7.740	-1.000000	-1.000000	-1.000000	-1.000000	-1.818144	-0.794669	-0.784044	-1.022424
7.750	-1.000000	-1.000000	-1.000000	-1.000000	-2.144344	-0.778347	-0.784044	-0.710832
7.760	-1.000000	-1.000000	-1.000000	-1.000000	-2.113278	-1.088470	-0.784044	-1.040753
7.770	-1.000000	-1.000000	-1.000000	-1.000000	-1.833678	-0.794669	-0.784044	-0.692503
7.780	-1.000000	-1.000000	-1.000000	-1.000000	-2.128811	-0.794669	-1.088415	-0.710832
7.790	-1.000000	-1.000000	-1.000000	-1.000000	-2.113278	-0.778347	-0.784044	-0.692503
7.800	-1.000000	-1.000000	-1.000000	-1.000000	-2.113278	-0.794669	-0.479673	-1.040753
7.810	-1.000000	-1.000000	-1.000000	-1.000000	-1.833678	-0.778347	-0.784044	-1.059082
7.820	-1.000000	-1.000000	-1.000000	-1.000000	-2.113278	-1.088470	-0.784044	-1.059082
7.830	-1.000000	-1.000000	-1.000000	-1.000000	-2.128811	-0.778347	-0.784044	-0.710832
7.840	-1.000000	-1.000000	-1.000000	-1.000000	-1.833678	-1.104792	-0.479673	-0.710832
7.850	-1.000000	-1.000000	-1.000000	-1.000000	-2.128811	-0.794669	-0.784044	-0.710832
7.860	-1.000000	-1.000000	-1.000000	-1.000000	-2.113278	-0.778347	-0.784044	-1.059082
7.870	-1.000000	-1.000000	-1.000000	-1.000000	-1.833678	-0.794669	-0.479673	-0.710832
7.880	-1.000000	-1.000000	-1.000000	-1.000000	-2.113278	-0.778347	-0.784044	-1.040753
7.890	-1.000000	-1.000000	-1.000000	-1.000000	-2.113278	-0.778347	-0.784044	-0.710832
7.900	-1.000000	-1.000000	-1.000000	-1.000000	-2.113278	-0.778347	-0.784044	-0.729161
7.910	-1.000000	-1.000000	-1.000000	-1.000000	-2.128811	-0.778347	-0.784044	-0.692503
7.920	-1.000000	-1.000000	-1.000000	-1.000000	-1.833678	-0.794669	-0.784044	-0.692503
7.930	-1.000000	-1.000000	-1.000000	-1.000000	-1.833678	-0.778347	-0.767134	-1.059082
7.940	-1.000000	-1.000000	-1.000000	-1.000000	-2.113278	-0.778347	-0.784044	-0.710832
7.950	-1.000000	-1.000000	-1.000000	-1.000000	-2.128811	-0.794669	-0.784044	-1.040753
7.960	-1.000000	-1.000000	-1.000000	-1.000000	-1.833678	-1.088470	-0.784044	-1.040753
7.970	-1.000000	-1.000000	-1.000000	-1.000000	-2.128811	-0.794669	-0.784044	-1.059082
7.980	-1.000000	-1.000000	-1.000000	-1.000000	-1.833678	-0.778347	-0.784044	-0.710832
7.990	-1.000000	-1.000000	-1.000000	-1.000000	-2.128811	-0.810991	-0.784044	-0.710832
8.000	-1.000000	-1.000000	-1.000000	-1.000000	-2.128811	-0.794669	-0.784044	-1.059082
8.010	-1.000000	-1.000000	-1.000000	-1.000000	-1.818144	-0.778347	-0.784044	-0.710832
8.020	-1.000000	-1.000000	-1.000000	-1.000000	-1.833678	-0.778347	-0.784044	-1.059082
8.030	-1.000000	-1.000000	-1.000000	-1.000000	-1.818144	-0.794669	-0.784044	-1.059082
8.040	-1.000000	-1.000000	-1.000000	-1.000000	-1.818144	-0.810991	-0.784044	-0.692503
8.050	-1.000000	-1.000000	-1.000000	-1.000000	-2.128811	-0.778347	-0.784044	-1.059082
8.060	-1.000000	-1.000000	-1.000000	-1.000000	-1.833678	-1.104792	-0.784044	-1.040753
8.070	-1.000000	-1.000000	-1.000000	-1.000000	-2.113278	-0.778347	-0.784044	-0.710832
8.080	-1.000000	-1.000000	-1.000000	-1.000000	-1.818144	-0.794669	-0.784044	-1.059082
8.090	-1.000000	-1.000000	-1.000000	-1.000000	-1.818144	-1.104792	-0.784044	-0.710832
8.100	-1.000000	-1.000000	-1.000000	-1.000000	-2.113278	-0.794669	-0.784044	-0.710832
8.110	-1.000000	-1.000000	-1.000000	-1.000000	-1.833678	-0.794669	-0.784044	-0.710832
8.120	-1.000000	-1.000000	-1.000000	-1.000000	-2.113278	-0.794669	-0.784044	-0.692503
8.130	-1.000000	-1.000000	-1.000000	-1.000000	-2.113278	-1.104792	-0.767134	-1.059082
8.140	-1.000000	-1.000000	-1.000000	-1.000000	-1.833678	-0.794669	-0.767134	-1.040753
8.150	-1.000000	-1.000000	-1.000000	-1.000000	-2.128811	-0.762025	-0.479673	-1.059082
8.160	-1.000000	-1.000000	-1.000000	-1.000000	-2.128811	-0.778347	-0.784044	-1.040753
8.170	-1.000000	-1.000000	-1.000000	-1.000000	-1.833678	-0.794669	-0.784044	-1.040753
8.180	-1.000000	-1.000000	-1.000000	-1.000000	-2.113278	-0.794669	-0.784044	-0.692503
8.190	-1.000000	-1.000000	-1.000000	-1.000000	-2.128811	-1.104792	-0.784044	-0.710832
8.200	-1.000000	-1.000000	-1.000000	-1.000000	-2.128811	-0.794669	-0.784044	-0.710832
8.210	-1.000000	-1.000000	-1.000000	-1.000000	-2.128811	-1.088470	-0.800953	-0.692503
8.220	-1.000000	-1.000000	-1.000000	-1.000000	-2.128811	-0.778347	-0.784044	-0.674174
8.230	-1.000000	-1.000000	-1.000000	-1.000000	-2.113278	-0.794669	-1.088415	-0.692503
8.240	-1.000000	-1.000000	-1.000000	-1.000000	-2.128811	-1.088470	-0.784044	-1.059082
8.250	-1.000000	-1.000000	-1.000000	-1.000000	-1.833678	-0.794669	-0.800953	-1.059082
8.260	-1.000000	-1.000000	-1.000000	-1.000000	-2.128811	-0.794669	-0.784044	-0.710832
8.270	-1.000000	-1.000000	-1.000000	-1.000000	-2.128811	-0.778347	-0.784044	-0.729161
8.280	-1.000000	-1.000000	-1.000000	-1.000000	-1.833678	-0.778347	-0.767134	-0.710832
8.290	-1.000000	-1.000000	-1.000000	-1.000000	-1.818144	-0.794669	-0.784044	-0.710832
8.300	-1.000000	-1.000000	-1.000000	-1.000000	-1.833678	-0.810991	-0.784044	-0.710832
8.310	-1.000000	-1.000000	-1.000000	-1.000000	-2.113278	-1.104792	-0.479673	-0.692503
8.320	-1.000000	-1.000000	-1.000000	-1.000000	-2.128811	-0.778347	-0.784044	-1.059082
8.330	-1.000000	-1.000000	-1.000000	-1.000000	-1.818144	-1.088470	-1.088415	-1.059082
8.340	-1.000000	-1.000000	-1.000000	-1.000000	-1.833678	-1.088470	-0.800953	-1.040753
8.350	-1.000000	-1.000000	-1.000000	-1.000000	-2.113278	-0.794669	-0.784044	-0.710832
8.360	-1.000000	-1.000000	-1.000000	-1.000000	-2.113278	-0.794669	-0.784044	-0.710832
8.370	-1.000000	-1.000000	-1.000000	-1.000000	-2.113278	-0.794669	-0.784044	-1.059082
8.380	-1.000000	-1.000000	-1.000000	-1.000000	-1.818144	-0.778347	-0.784044	-1.040753
8.390	-1.000000	-1.000000	-1.000000	-1.000000	-2.113278	-0.794669	-0.784044	-1.059082
8.400	-1.000000	-1.000000	-1.000000	-1.000000	-1.833678	-0.778347	-0.784044	-0.710832
8.410	-1.000000	-1.000000	-1.000000	-1.000000	-2.113278	-0.794669	-0.479673	-0.710832
8.420	-1.000000	-1.000000	-1.000000	-1.000000	-1.833678	-1.088470	-0.784044	-0.710832
8.430	-1.000000	-1.000000	-1.000000	-1.000000	-1.833678	-1.088470	-0.767134	-0.692503
8.440	-1.000000	-1.000000	-1.000000	-1.000000	-1.849211	-0.794669	-0.784044	-0.710832
8.450	-1.000000	-1.000000	-1.000000	-1.000000	-1.833678	-0.794669	-0.784044	-0.710832
8.460	-1.000000	-1.000000	-1.000000	-1.000000	-1.818144	-0.794669	-0.784044	-0.710832
8.470	-1.000000	-1.000000	-1.000000	-1.000000	-2.113278	-0.762025	-0.784044	-0.710832
8.480	-1.000000	-1.000000	-1.000000	-1.000000	-2.113278	-0.778347	-0.800953	-0.692503
8.490	-1.000000	-1.000000	-1.000000	-1.000000	-2.128811	-0.778347	-0.784044	-0.710832
8.500	-1.000000	-1.000000	-1.000000	-1.000000	-2.113278	-0.778347	-0.800953	-0.710832
8.510	-1.000000	-1.000000	-1.000000	-1.000000	-2.128811	-0.794669	-0.800953	-0.729161
8.520	-1.000000	-1.000000	-1.000000	-1.000000	-1.833678	-0.778347	-0.800953	-0.710832
8.530	-1.000000	-1.000000	-1.000000	-1.000000	-1.833678	-0.778347	-0.800953	-0.692503
8.540	-1.000000	-1.000000	-1.000000	-1.000000	-2.128811	-0.778347	-0.767134	-1.059082
8.550	-1.000000	-1.000000	-1.000000	-1.000000	-1.833678	-0.762025	-0.767134	-0.692503
8.560	-1.000000	-1.000000	-1.000000	-1.000000	-2.113278	-0.794669	-0.784044	-0.710832
8.570	-1.000000	-1.000000	-1.000000	-1.000000	-1.833678	-0.794669	-0.784044	-0.710832
8.580	-1.000000	-1.000000	-1.000000	-1.000000	-2.128811	-0.778347	-0.800953	-1.040753
8.590	-1.000000	-1.000000	-1.000000	-1.000000	-2.128811	-0.778347	-0.784044	-0.710832
8.600	-1.000000	-1.000000	-1.000000	-1.000000	-1.833678	-0.778347	-0.784044	-0.710832
8.610	-1.000000	-1.000000	-1.000000	-1.000000	-2.128811	-0.778347	-0.784044	-0.692503
8.620	-1.000000	-1.000000	-1.000000	-1.000000	-2.113278	-1.088470	-0.784044	-0.710832
8.630	-1.000000	-1.000000	-1.000000	-1.000000	-1.818144	-0.778347	-0.784044	-1.040753
8.640	-1.000000	-1.000000	-1.000000	-1.000000	-2.097744	-1.088470	-0.767134	-0.710832
8.650	-1.000000	-1.000000	-1.000000	-1.000000	-2.113278	-0.778347	-0.784044	-1.040753
8.660	-1.000000	-1.000000	-1.000000	-1.000000	-2.128811	-0.778347	-0.479673	-1.040753
8.670	-1.000000	-1.000000	-1.000000	-1.000000	-2.128811	-0.778347	-0.784044	-0.710832
8.680	-1.000000	-1.000000	-1.000000	-1.000000	-2.128811	-0.778347	-0.784044	-0.692503
8.690	-1.000000	-1.000000	-1.000000	-1.000000	-2.113278	-0.794669	-0.479673	-1.040753
8.700	-1.000000	-1.000000	-1.000000	-1.000000	-2.113278	-0.778347	-0.784044	-0.710832
8.710	-1.000000	-1.000000	-1.000000	-1.000000	-1.818144	-0.794669	-0.784044	-0.710832
8.720	-1.000000	-1.000000	-1.000000	-1.000000	-2.113278	-0.794669	-0.784044	-1.040753
8.730	-1.000000	-1.000000	-1.000000	-1.000000	-1.833678	-0.778347	-0.784044	-0.710832
8.740	-1.000000	-1.000000	-1.000000	-1.000000	-2.113278	-0.794669	-0.784044	-0.710832
8.750	-1.000000	-1.000000	-1.000000	-1.000000	-2.113278	-0.794669	-0.784044	-0.710832
8.760	-1.000000	-1.000000	-1.000000	-1.000000	-1.818144	-0.794669	-0.784044	-1.059082
8.770	-1.000000	-1.000000	-1.000000	-1.000000	-1.833678	-1.104792	-1.088415	-0.692503
8.780	-1.000000	-1.000000	-1.000000	-1.000000	-2.113278	-0.794669	-0.800953	-1.059082
8.790	-1.000000	-1.000000	-1.000000	-1.000000	-2.128811	-0.794669	-0.784044	-1.040753
8.800	-1.000000	-1.000000	-1.000000	-1.000000	-2.097744	-1.104792	-0.784044	-0.692503
8.810	-1.000000	-1.000000	-1.000000	-1.000000	-2.113278	-0.778347	-0.784044	-0.710832
8.820	-1.000000	-1.000000	-1.000000	-1.000000	-2.113278	-0.762025	-0.784044	-0.729161
8.830	-1.000000	-1.000000	-1.000000	-1.000000	-2.128811	-0.794669	-0.784044	-0.710832
8.840	-1.000000	-1.000000	-1.000000	-1.000000	-1.833678	-0.794669	-0.784044	-1.040753
8.850	-1.000000	-1.000000	-1.000000	-1.000000	-1.818144	-0.794669	-0.784044	-0.710832
8.860	-1.000000	-1.000000	-1.000000	-1.000000	-2.113278	-0.794669	-0.800953	-0.710832
8.870	-1.000000	-1.000000	-1.000000	-1.000000	-1.833678	-0.778347	-1.105325	-1.040753
8.880	-1.000000	-1.000000	-1.000000	-1.000000	-2.128811	-0.778347	-0.767134	-0.692503
8.890	-1.000000	-1.000000	-1.000000	-1.000000	-2.113278	-1.121115	-1.088415	-1.040753
8.900	-1.000000	-1.000000	-1.000000	-1.000000	-1.818144	-0.778347	-0.784044	-0.710832
8.910	-1.000000	-1.000000	-1.000000	-1.000000	-2.113278	-0.794669	-0.767134	-1.059082
8.920	-1.000000	-1.000000	-1.000000	-1.000000	-2.128811	-0.778347	-0.784044	-0.692503
8.930	-1.000000	-1.000000	-1.000000	-1.000000	-2.128811	-0.794669	-0.784044	-0.692503
8.940	-1.000000	-1.000000	-1.000000	-1.000000	-2.113278	-1.121115	-0.784044	-1.040753
8.950	-1.000000	-1.000000	-1.000000	-1.000000	-2.128811	-0.778347	-0.784044	-1.040753
8.960	-1.000000	-1.000000	-1.000000	-1.000000	-2.113278	-1.088470	-0.767134	-0.692503
8.970	-1.000000	-1.000000	-1.000000	-1.000000	-1.818144	-0.778347	-0.784044	-1.059082
8.980	-1.000000	-1.000000	-1.000000	-1.000000	-1.833678	-0.778347	-0.767134	-0.692503
8.990	-1.000000	-1.000000	-1.000000	-1.000000	-1.833678	-0.778347	-0.784044	-0.710832
9.000	-1.000000	-1.000000	-1.000000	-1.000000	-2.128811	-0.778347	-0.784044	-0.692503
9.010	-1.000000	-1.000000	-1.000000	-1.000000	-1.833678	-0.778347	-0.784044	-0.710832
9.020	-1.000000	-1.000000	-1.000000	-1.000000	-1.833678	-0.778347	-0.784044	-0.692503
9.030	-1.000000	-1.000000	-1.000000	-1.000000	-1.833678	-0.778347	-0.767134	-1.059082
9.040	-1.000000	-1.000000	-1.000000	-1.000000	-2.128811	-0.794669	-0.800953	-0.710832
9.050	-1.000000	-1.000000	-1.000000	-1.000000	-1.833678	-1.088470	-0.800953	-0.692503
9.060	-1.000000	-1.000000	-1.000000	-1.000000	-1.833678	-0.778347	-0.784044	-0.710832
9.070	-1.000000	-1.000000	-1.000000	-1.000000	-2.128811	-0.794669	-0.800953	-0.710832
9.080	-1.000000	-1.000000	-1.000000	-1.000000	-1.833678	-0.794669	-0.784044	-0.692503
9.090	-1.000000	-1.000000	-1.000000	-1.000000	-2.128811	-0.778347	-0.800953	-0.710832
9.100	-1.000000	-1.000000	-1.000000	-1.000000	-2.128811	-0.778347	-0.784044	-1.040753
9.110	-1.000000	-1.000000	-1.000000	-1.000000	-2.128811	-0.778347	-0.800953	-0.710832
9.120	-1.000000	-1.000000	-1.000000	-1.000000	-2.128811	-0.794669	-0.784044	-0.692503
9.130	-1.000000	-1.000000	-1.000000	-1.000000	-2.113278	-0.794669	-0.784044	-0.692503
9.140	-1.000000	-1.000000	-1.000000	-1.000000	-2.128811	-1.104792	-0.479673	-0.710832
9.150	-1.000000	-1.000000	-1.000000	-1.000000	-2.128811	-0.810991	-0.800953	-0.692503
9.160	-1.000000	-1.000000	-1.000000	-1.000000	-1.818144	-0.778347	-0.496582	-1.040753
9.170	-1.000000	-1.000000	-1.000000	-1.000000	-2.113278	-0.794669	-0.784044	-1.059082
9.180	-1.000000	-1.000000	-1.000000	-1.000000	-1.818144	-0.794669	-0.784044	-0.710832
9.190	-1.000000	-1.000000	-1.000000	-1.000000	-1.833678	-0.778347	-0.784044	-0.710832
9.200	-1.000000	-1.000000	-1.000000	-1.000000	-2.113278	-1.088470	-0.784044	-1.059082
9.210	-1.000000	-1.000000	-1.000000	-1.000000	-2.128811	-0.778347	-0.784044	-0.692503
9.220	-1.000000	-1.000000	-1.000000	-1.000000	-1.833678	-1.088470	-0.784044	-0.692503
9.230	-1.000000	-1.000000	-1.000000	-1.000000	-2.113278	-0.794669	-0.800953	-1.040753
9.240	-1.000000	-1.000000	-1.000000	-1.000000	-2.113278	-1.088470	-0.784044	-0.692503
9.250	-1.000000	-1.000000	-1.000000	-1.000000	-2.128811	-0.794669	-0.800953	-0.710832
9.260	-1.000000	-1.000000	-1.000000	-1.000000	-1.833678	-0.794669	-0.800953	-1.040753
9.270	-1.000000	-1.000000	-1.000000	-1.000000	-1.833678	-0.778347	-0.800953	-0.692503
9.280	-1.000000	-1.000000	-1.000000	-1.000000	-1.833678	-1.088470	-0.800953	-0.710832
9.290	-1.000000	-1.000000	-1.000000	-1.000000	-2.128811	-1.104792	-0.784044	-1.040753
9.300	-1.000000	-1.000000	-1.000000	-1.000000	-1.818144	-0.778347	-0.800953	-0.692503
9.310	-1.000000	-1.000000	-1.000000	-1.000000	-2.113278	-0.778347	-0.800953	-0.692503
9.320	-1.000000	-1.000000	-1.000000	-1.000000	-2.128811	-0.778347	-0.784044	-1.022424
9.330	-1.000000	-1.000000	-1.000000	-1.000000	-1.833678	-0.794669	-0.784044	-0.692503
9.340	-1.000000	-1.000000	-1.000000	-1.000000	-2.113278	-0.794669	-0.800953	-0.692503
9.350	-1.000000	-1.000000	-1.000000	-1.000000	-1.818144	-0.778347	-0.784044	-0.692503
9.360	-1.000000	-1.000000	-1.000000	-1.000000	-1.833678	-0.794669	-0.800953	-0.692503
9.370	-1.000000	-1.000000	-1.000000	-1.000000	-2.128811	-0.778347	-0.784044	-1.040753
9.380	-1.000000	-1.000000	-1.000000	-1.000000	-2.128811	-0.794669	-0.784044	-0.710832
9.390	-1.000000	-1.000000	-1.000000	-1.000000	-2.128811	-0.794669	-0.800953	-1.040753
9.400	-1.000000	-1.000000	-1.000000	-1.000000	-2.113278	-0.794669	-0.479673	-0.692503
9.410	-1.000000	-1.000000	-1.000000	-1.000000	-1.818144	-0.778347	-0.784044	-1.040753
9.420	-1.000000	-1.000000	-1.000000	-1.000000	-1.833678	-0.778347	-0.800953	-0.692503
9.430	-1.000000	-1.000000	-1.000000	-1.000000	-1.833678	-0.778347	-0.784044	-0.692503
9.440	-1.000000	-1.000000	-1.000000	-1.000000	-2.113278	-0.810991	-0.784044	-1.040753
9.450	-1.000000	-1.000000	-1.000000	-1.000000	-1.833678	-1.088470	-0.784044	-0.710832
9.460	-1.000000	-1.000000	-1.000000	-1.000000	-1.833678	-0.794669	-0.767134	-0.692503
9.470	-1.000000	-1.000000	-1.000000	-1.000000	-2.128811	-0.778347	-0.767134	-0.692503
9.480	-1.000000	-1.000000	-1.000000	-1.000000	-2.128811	-0.778347	-0.784044	-0.692503
9.490	-1.000000	-1.000000	-1.000000	-1.000000	-1.818144	-0.778347	-0.767134	-0.729161
9.500	-1.000000	-1.000000	-1.000000	-1.000000	-1.833678	-0.778347	-0.784044	-1.059082
9.510	-1.000000	-1.000000	-1.000000	-1.000000	-1.833678	-0.794669	-0.784044	-1.059082
9.520	-1.000000	-1.000000	-1.000000	-1.000000	-2.128811	-0.794669	-0.784044	-0.692503
9.530	-1.000000	-1.000000	-1.000000	-1.000000	-1.833678	-1.104792	-0.784044	-1.040753
9.540	-1.000000	-1.000000	-1.000000	-1.000000	-2.113278	-0.778347	-0.784044	-0.710832
9.550	-1.000000	-1.000000	-1.000000	-1.000000	-2.128811	-0.794669	-0.800953	-0.710832
9.560	-1.000000	-1.000000	-1.000000	-1.000000	-2.128811	-0.794669	-0.784044	-0.710832
9.570	-1.000000	-1.000000	-1.000000	-1.000000	-2.113278	-0.794669	-0.784044	-0.710832
9.580	-1.000000	-1.000000	-1.000000	-1.000000	-2.113278	-0.794669	-0.800953	-0.692503
9.590	-1.000000	-1.000000	-1.000000	-1.000000	-2.128811	-1.104792	-1.088415	-0.710832
9.600	-1.000000	-1.000000	-1.000000	-1.000000	-2.113278	-1.104792	-0.800953	-1.040753
9.610	-1.000000	-1.000000	-1.000000	-1.000000	-1.833678	-0.778347	-0.800953	-1.040753
9.620	-1.000000	-1.000000	-1.000000	-1.000000	-2.128811	-1.104792	-0.800953	-1.022424
9.630	-1.000000	-1.000000	-1.000000	-1.000000	-2.113278	-0.778347	-0.784044	-1.059082
9.640	-1.000000	-1.000000	-1.000000	-1.000000	-2.128811	-0.794669	-0.496582	-1.059082
9.650	-1.000000	-1.000000	-1.000000	-1.000000	-2.113278	-0.778347	-0.800953	-1.040753
9.660	-1.000000	-1.000000	-1.000000	-1.000000	-2.128811	-0.794669	-0.800953	-0.692503
9.670	-1.000000	-1.000000	-1.000000	-1.000000	-1.833678	-0.778347	-0.784044	-1.022424
9.680	-1.000000	-1.000000	-1.000000	-1.000000	-1.833678	-0.778347	-0.800953	-0.710832
9.690	-1.000000	-1.000000	-1.000000	-1.000000	-2.113278	-0.778347	-0.784044	-0.710832
9.700	-1.000000	-1.000000	-1.000000	-1.000000	-1.833678	-0.778347	-0.496582	-0.692503
9.710	-1.000000	-1.000000	-1.000000	-1.000000	-2.113278	-1.104792	-0.800953	-1.040753
9.720	-1.000000	-1.000000	-1.000000	-1.000000	-1.833678	-1.104792	-0.800953	-1.040753
9.730	-1.000000	-1.000000	-1.000000	-1.000000	-1.833678	-1.088470	-0.800953	-0.710832
9.740	-1.000000	-1.000000	-1.000000	-1.000000	-1.833678	-0.794669	-0.800953	-0.710832
9.750	-1.000000	-1.000000	-1.000000	-1.000000	-2.113278	-1.088470	-0.800953	-0.692503
9.760	-1.000000	-1.000000	-1.000000	-1.000000	-2.113278	-0.778347	-0.800953	-0.710832
9.770	-1.000000	-1.000000	-1.000000	-1.000000	-2.113278	-0.778347	-0.479673	-0.710832
9.780	-1.000000	-1.000000	-1.000000	-1.000000	-1.833678	-0.778347	-0.784044	-1.040753
9.790	-1.000000	-1.000000	-1.000000	-1.000000	-2.128811	-1.088470	-0.784044	-0.710832
9.800	-1.000000	-1.000000	-1.000000	-1.000000	-2.128811	-0.778347	-0.800953	-0.710832
9.810	-1.000000	-1.000000	-1.000000	-1.000000	-1.818144	-0.778347	-0.784044	-1.059082
9.820	-1.000000	-1.000000	-1.000000	-1.000000	-1.833678	-1.088470	-0.462763	-1.040753
9.830	-1.000000	-1.000000	-1.000000	-1.000000	-2.113278	-1.104792	-0.784044	-0.710832
9.840	-1.000000	-1.000000	-1.000000	-1.000000	-2.113278	-0.778347	-0.784044	-1.040753
9.850	-1.000000	-1.000000	-1.000000	-1.000000	-2.113278	-0.778347	-0.800953	-0.710832
9.860	-1.000000	-1.000000	-1.000000	-1.000000	-1.833678	-0.778347	-0.784044	-0.710832
9.870	-1.000000	-1.000000	-1.000000	-1.000000	-2.128811	-0.794669	-0.784044	-0.710832
9.880	-1.000000	-1.000000	-1.000000	-1.000000	-1.833678	-0.778347	-0.479673	-1.040753
9.890	-1.000000	-1.000000	-1.000000	-1.000000	-1.833678	-0.794669	-0.784044	-0.692503
9.900	-1.000000	-1.000000	-1.000000	-1.000000	-2.128811	-0.794669	-0.800953	-0.710832
9.910	-1.000000	-1.000000	-1.000000	-1.000000	-2.128811	-0.794669	-0.800953	-1.040753
9.920	-1.000000	-1.000000	-1.000000	-1.000000	-2.128811	-0.794669	-0.784044	-1.040753
9.930	-1.000000	-1.000000	-1.000000	-1.000000	-2.128811	-0.778347	-0.800953	-1.040753
9.940	-1.000000	-1.000000	-1.000000	-1.000000	-1.833678	-1.088470	-0.784044	-0.692503
9.950	-1.000000	-1.000000	-1.000000	-1.000000	-2.128811	-0.794669	-0.784044	-1.040753
9.960	-1.000000	-1.000000	-1.000000	-1.000000	-2.128811	-0.794669	-0.784044	-0.710832
9.970	-1.000000	-1.000000	-1.000000	-1.000000	-1.833678	-0.794669	-0.784044	-0.710832
9.980	-1.000000	-1.000000	-1.000000	-1.000000	-2.128811	-0.778347	-0.784044	-0.710832
9.990	-1.000000	-1.000000	-1.000000	-1.000000	-1.833678	-0.794669	-0.784044	-0.710832
10.000	-1.000000	-1.000000	-1.000000	-1.000000	-2.128811	-1.088470	-0.479673	-0.710832
10.010	-1.000000	-1.000000	-1.000000	-1.000000	-2.113278	-0.794669	-0.767134	-0.692503
10.020	-1.000000	-1.000000	-1.000000	-1.000000	-2.113278	-1.104792	-0.445854	-1.040753
10.030	-1.000000	-1.000000	-1.000000	-1.000000	-2.113278	-0.778347	-0.784044	-0.710832
10.040	-1.000000	-1.000000	-1.000000	-1.000000	-2.128811	-0.778347	-0.784044	-0.674174
10.050	-1.000000	-1.000000	-1.000000	-1.000000	-2.128811	-0.794669	-0.800953	-0.692503
10.060	-1.000000	-1.000000	-1.000000	-1.000000	-1.833678	-0.794669	-0.767134	-0.692503
10.070	-1.000000	-1.000000	-1.000000	-1.000000	-2.113278	-0.778347	-0.784044	-1.059082
10.080	-1.000000	-1.000000	-1.000000	-1.000000	-1.833678	-0.794669	-0.784044	-0.692503
10.090	-1.000000	-1.000000	-1.000000	-1.000000	-1.849211	-1.088470	-0.767134	-0.674174
10.100	-1.000000	-1.000000	-1.000000	-1.000000	-2.144344	-0.794669	-0.784044	-0.692503
10.110	-1.000000	-1.000000	-1.000000	-1.000000	-2.113278	-0.794669	-0.784044	-1.040753
10.120	-1.000000	-1.000000	-1.000000	-1.000000	-2.113278	-0.794669	-0.462763	-0.710832
