Time(s)	Delta1C(deg)	Delta2C(deg)	Delta3C(deg)	Delta4C(deg)	Delta1(deg)	Delta2(deg)	Delta3(deg)	Delta4(deg)
0.000	0.000000	0.000000	0.000000	0.000000	-1.588780	-0.243532	0.158931	-0.201911
0.010	0.000000	0.000000	0.000000	0.000000	-1.588780	-0.243532	0.158931	-0.201911
0.020	0.000000	0.000000	0.000000	0.000000	-1.818144	-0.794669	-0.767134	-1.059082
0.030	0.000000	0.000000	0.000000	0.000000	-1.818144	-0.762025	-0.479673	-0.710832
0.040	0.000000	0.000000	0.000000	0.000000	-1.538544	-0.762025	-0.462763	-0.710832
0.050	0.000000	0.000000	0.000000	0.000000	-1.523011	-0.484546	-0.479673	-0.362582
0.060	0.000000	0.000000	0.000000	0.000000	-1.538544	-0.484546	-0.462763	-0.014332
0.070	0.000000	0.000000	0.000000	0.000000	-1.538544	-0.174423	-0.462763	-0.032661
0.080	0.000000	0.000000	0.000000	0.000000	-1.538544	-0.158100	-0.462763	0.315589
0.090	0.000000	0.000000	0.000000	0.000000	-1.243411	-0.158100	-0.175301	-0.032661
0.100	0.000000	0.000000	0.000000	0.000000	-1.258944	-0.174423	-0.479673	-0.014332
0.110	0.000000	0.000000	0.000000	0.000000	-1.243411	-0.174423	-0.175301	0.315589
0.120	0.000000	0.000000	0.000000	0.000000	-1.258944	-0.174423	-0.462763	-0.032661
0.130	0.000000	0.000000	0.000000	0.000000	-1.243411	-0.174423	-0.175301	0.315589
0.140	0.000000	0.000000	0.000000	0.000000	-1.243411	-0.174423	-0.479673	-0.014332
0.150	0.000000	0.000000	0.000000	0.000000	-1.243411	-0.174423	-0.158392	-0.032661
0.160	0.000000	0.000000	0.000000	0.000000	-1.243411	-0.158100	-0.479673	-0.050990
0.170	0.000000	0.000000	0.000000	0.000000	-1.243411	-0.174423	-0.175301	-0.032661
0.180	0.000000	0.000000	0.000000	0.000000	-1.243411	-0.174423	-0.158392	-0.032661
0.190	0.000000	0.000000	0.000000	0.000000	-1.243411	-0.174423	-0.141482	0.315589
0.200	0.000000	0.000000	0.000000	0.000000	-1.243411	-0.158100	-0.158392	0.333918
0.210	0.000000	0.000000	0.000000	0.000000	-1.243411	-0.158100	-0.158392	-0.032661
0.220	0.000000	0.000000	0.000000	0.000000	-1.243411	-0.158100	-0.462763	-0.032661
0.230	0.000000	0.000000	0.000000	0.000000	-1.243411	-0.141778	-0.158392	-0.032661
0.240	0.000000	0.000000	0.000000	0.000000	-1.243411	-0.158100	-0.158392	-0.014332
0.250	0.000000	0.000000	0.000000	0.000000	-1.243411	-0.174423	-0.175301	-0.032661
0.260	0.000000	0.000000	0.000000	0.000000	-1.243411	-0.174423	-0.479673	-0.032661
0.270	0.000000	0.000000	0.000000	0.000000	-1.258944	-0.174423	-0.175301	-0.014332
0.280	0.000000	0.000000	0.000000	0.000000	-1.243411	-0.158100	-0.158392	0.003997
0.290	0.000000	0.000000	0.000000	0.000000	-1.243411	-0.174423	-0.158392	-0.032661
0.300	0.000000	0.000000	0.000000	0.000000	-1.243411	-0.158100	-0.175301	-0.032661
0.310	0.000000	0.000000	0.000000	0.000000	-1.258944	-0.158100	-0.462763	-0.032661
0.320	0.000000	0.000000	0.000000	0.000000	-1.258944	-0.158100	-0.158392	0.315589
0.330	0.000000	0.000000	0.000000	0.000000	-1.243411	-0.174423	-0.158392	-0.014332
0.340	0.000000	0.000000	0.000000	0.000000	-1.243411	-0.174423	-0.479673	-0.032661
0.350	0.000000	0.000000	0.000000	0.000000	-1.258944	-0.174423	-0.158392	-0.032661
0.360	0.000000	0.000000	0.000000	0.000000	-1.243411	-0.158100	-0.158392	0.315589
0.370	0.000000	0.000000	0.000000	0.000000	-1.258944	-0.174423	-0.158392	-0.014332
0.380	0.000000	0.000000	0.000000	0.000000	-1.243411	-0.174423	-0.158392	-0.032661
0.390	0.000000	0.000000	0.000000	0.000000	-1.243411	-0.174423	-0.158392	0.315589
0.400	0.000000	0.000000	0.000000	0.000000	-1.243411	-0.174423	-0.175301	0.315589
0.410	0.000000	0.000000	0.000000	0.000000	-1.258944	-0.174423	-0.141482	-0.050990
0.420	0.000000	0.000000	0.000000	0.000000	-1.243411	-0.158100	-0.158392	-0.050990
0.430	0.000000	0.000000	0.000000	0.000000	-1.243411	-0.174423	-0.462763	0.297260
0.440	0.000000	0.000000	0.000000	0.000000	-1.243411	-0.174423	-0.462763	-0.032661
0.450	0.000000	0.000000	0.000000	0.000000	-1.243411	-0.174423	-0.158392	-0.032661
0.460	0.000000	0.000000	0.000000	0.000000	-1.243411	-0.174423	-0.158392	-0.014332
0.470	0.000000	0.000000	0.000000	0.000000	-1.243411	-0.174423	-0.158392	-0.032661
0.480	0.000000	0.000000	0.000000	0.000000	-1.243411	-0.174423	-0.175301	-0.032661
0.490	0.000000	0.000000	0.000000	0.000000	-1.243411	-0.174423	-0.462763	0.297260
0.500	0.000000	0.000000	0.000000	0.000000	-1.243411	-0.158100	-0.158392	0.315589
0.510	0.000000	0.000000	0.000000	0.000000	-1.243411	-0.174423	-0.158392	-0.032661
0.520	0.000000	0.000000	0.000000	0.000000	-1.243411	-0.158100	-0.462763	-0.014332
0.530	0.000000	0.000000	0.000000	0.000000	-1.227877	-0.174423	-0.158392	0.333918
0.540	0.000000	0.000000	0.000000	0.000000	-1.243411	-0.190745	-0.462763	-0.050990
0.550	0.000000	0.000000	0.000000	0.000000	-1.243411	-0.158100	-0.141482	-0.032661
0.560	0.000000	0.000000	0.000000	0.000000	-1.243411	-0.158100	-0.158392	-0.032661
0.570	0.000000	0.000000	0.000000	0.000000	-1.243411	-0.174423	-0.158392	-0.014332
0.580	0.000000	0.000000	0.000000	0.000000	-1.243411	-0.484546	-0.158392	0.315589
0.590	0.000000	0.000000	0.000000	0.000000	-1.243411	-0.174423	-0.479673	-0.032661
0.600	0.000000	0.000000	0.000000	0.000000	-1.243411	-0.174423	-0.158392	0.315589
0.610	0.000000	0.000000	0.000000	0.000000	-1.243411	-0.484546	-0.175301	0.297260
0.620	0.000000	0.000000	0.000000	0.000000	-1.243411	-0.158100	-0.479673	0.315589
0.630	0.000000	0.000000	0.000000	0.000000	-1.243411	-0.174423	-0.479673	-0.032661
0.640	0.000000	0.000000	0.000000	0.000000	-1.243411	-0.174423	-0.479673	-0.032661
0.650	0.000000	0.000000	0.000000	0.000000	-1.243411	-0.174423	-0.158392	-0.014332
0.660	0.000000	0.000000	0.000000	0.000000	-1.243411	-0.174423	-0.158392	0.297260
0.670	0.000000	0.000000	0.000000	0.000000	-1.227877	-0.174423	-0.158392	-0.032661
0.680	0.000000	0.000000	0.000000	0.000000	-1.227877	-0.190745	-0.158392	-0.032661
0.690	0.000000	0.000000	0.000000	0.000000	-1.227877	-0.174423	-0.479673	-0.050990
0.700	0.000000	0.000000	0.000000	0.000000	-1.258944	-0.174423	-0.158392	-0.032661
0.710	0.000000	0.000000	0.000000	0.000000	-1.243411	-0.174423	-0.158392	-0.050990
0.720	0.000000	0.000000	0.000000	0.000000	-1.243411	-0.158100	-0.158392	-0.032661
0.730	0.000000	0.000000	0.000000	0.000000	-1.227877	-0.158100	-0.175301	0.315589
0.740	0.000000	0.000000	0.000000	0.000000	-1.227877	-0.158100	-0.158392	-0.032661
0.750	0.000000	0.000000	0.000000	0.000000	-1.243411	-0.174423	-0.479673	-0.032661
0.760	0.000000	0.000000	0.000000	0.000000	-1.258944	-0.174423	-0.158392	-0.032661
0.770	0.000000	0.000000	0.000000	0.000000	-1.243411	-0.158100	-0.175301	-0.032661
0.780	0.000000	0.000000	0.000000	0.000000	-1.243411	-0.174423	-0.175301	0.315589
0.790	0.000000	0.000000	0.000000	0.000000	-1.243411	-0.174423	-0.158392	-0.032661
0.800	0.000000	0.000000	0.000000	0.000000	-1.243411	-0.174423	-0.158392	-0.032661
0.810	0.000000	0.000000	0.000000	0.000000	-1.258944	-0.158100	-0.158392	-0.362582
0.820	0.000000	0.000000	0.000000	0.000000	-1.258944	-0.468224	-0.158392	-0.032661
0.830	0.000000	0.000000	0.000000	0.000000	-1.243411	-0.158100	-0.175301	-0.014332
0.840	0.000000	0.000000	0.000000	0.000000	-1.243411	-0.174423	-0.158392	-0.014332
0.850	0.000000	0.000000	0.000000	0.000000	-1.243411	-0.158100	-0.496582	0.315589
0.860	0.000000	0.000000	0.000000	0.000000	-1.243411	-0.174423	-0.175301	-0.014332
0.870	0.000000	0.000000	0.000000	0.000000	-1.243411	-0.158100	-0.175301	-0.014332
0.880	0.000000	0.000000	0.000000	0.000000	-1.243411	-0.158100	-0.479673	-0.014332
0.890	0.000000	0.000000	0.000000	0.000000	-1.227877	-0.174423	-0.462763	0.297260
0.900	0.000000	0.000000	0.000000	0.000000	-1.243411	-0.174423	-0.158392	-0.032661
0.910	0.000000	0.000000	0.000000	0.000000	-1.243411	-0.158100	-0.175301	-0.014332
0.920	0.000000	0.000000	0.000000	0.000000	-1.538544	-0.174423	-0.158392	-0.014332
0.930	0.000000	0.000000	0.000000	0.000000	-1.243411	-0.158100	-0.175301	-0.014332
0.940	0.000000	0.000000	0.000000	0.000000	-1.258944	-0.158100	-0.158392	0.297260
0.950	0.000000	0.000000	0.000000	0.000000	-1.243411	-0.174423	-0.158392	-0.014332
0.960	0.000000	0.000000	0.000000	0.000000	-1.258944	-0.174423	-0.158392	-0.032661
0.970	0.000000	0.000000	0.000000	0.000000	-1.258944	-0.190745	-0.175301	-0.014332
0.980	0.000000	0.000000	0.000000	0.000000	-1.243411	-0.484546	-0.479673	0.315589
0.990	0.000000	0.000000	0.000000	0.000000	-1.243411	-0.174423	-0.158392	-0.032661
1.000	0.000000	0.000000	0.000000	0.000000	-1.523011	-0.174423	-0.158392	-0.032661
1.010	-2.000000	-2.000000	-2.000000	-2.000000	-1.243411	-0.174423	-0.158392	-0.032661
1.020	-2.000000	-2.000000	-2.000000	-2.000000	-1.243411	-0.484546	-0.158392	-0.032661
1.030	-2.000000	-2.000000	-2.000000	-2.000000	-1.243411	-0.174423	-0.158392	-0.032661
1.040	-2.000000	-2.000000	-2.000000	-2.000000	-1.243411	-0.158100	-0.141482	-0.014332
1.050	-2.000000	-2.000000	-2.000000	-2.000000	-1.538544	-0.484546	-0.462763	-0.362582
1.060	-2.000000	-2.000000	-2.000000	-2.000000	-2.408411	-1.088470	-1.105325	-1.059082
1.070	-2.000000	-2.000000	-2.000000	-2.000000	-2.703545	-1.708717	-1.714067	-1.389003
1.080	-2.000000	-2.000000	-2.000000	-2.000000	-2.998678	-2.018840	-1.697158	-1.737253
1.090	-2.000000	-2.000000	-2.000000	-2.000000	-2.998678	-2.002518	-2.322810	-2.085503
1.100	-2.000000	-2.000000	-2.000000	-2.000000	-2.998678	-2.018840	-2.339719	-2.085503
1.110	-2.000000	-2.000000	-2.000000	-2.000000	-2.703545	-2.018840	-2.339719	-2.397095
1.120	-2.000000	-2.000000	-2.000000	-2.000000	-2.983145	-2.035162	-2.322810	-2.433753
1.130	-2.000000	-2.000000	-2.000000	-2.000000	-2.998678	-2.018840	-2.322810	-2.415424
1.140	-2.000000	-2.000000	-2.000000	-2.000000	-2.998678	-2.035162	-2.339719	-2.397095
1.150	-2.000000	-2.000000	-2.000000	-2.000000	-3.014211	-2.018840	-2.322810	-2.415424
1.160	-2.000000	-2.000000	-2.000000	-2.000000	-2.998678	-2.002518	-2.018439	-2.085503
1.170	-2.000000	-2.000000	-2.000000	-2.000000	-2.998678	-2.002518	-2.322810	-2.085503
1.180	-2.000000	-2.000000	-2.000000	-2.000000	-2.998678	-2.018840	-2.322810	-2.048845
1.190	-2.000000	-2.000000	-2.000000	-2.000000	-2.998678	-2.035162	-2.339719	-2.415424
1.200	-2.000000	-2.000000	-2.000000	-2.000000	-2.998678	-2.035162	-2.322810	-2.067174
1.210	-2.000000	-2.000000	-2.000000	-2.000000	-2.998678	-2.018840	-2.339719	-2.433753
1.220	-2.000000	-2.000000	-2.000000	-2.000000	-3.014211	-2.018840	-2.339719	-2.067174
1.230	-2.000000	-2.000000	-2.000000	-2.000000	-3.014211	-2.018840	-2.339719	-2.067174
1.240	-2.000000	-2.000000	-2.000000	-2.000000	-2.998678	-2.018840	-2.339719	-2.397095
1.250	-2.000000	-2.000000	-2.000000	-2.000000	-2.998678	-2.018840	-2.322810	-2.067174
1.260	-2.000000	-2.000000	-2.000000	-2.000000	-2.998678	-2.018840	-2.322810	-2.085503
1.270	-2.000000	-2.000000	-2.000000	-2.000000	-2.998678	-2.002518	-2.322810	-2.085503
1.280	-2.000000	-2.000000	-2.000000	-2.000000	-3.014211	-2.002518	-2.339719	-2.415424
1.290	-2.000000	-2.000000	-2.000000	-2.000000	-2.998678	-2.018840	-2.322810	-2.085503
1.300	-2.000000	-2.000000	-2.000000	-2.000000	-3.014211	-2.002518	-2.644091	-2.415424
1.310	-2.000000	-2.000000	-2.000000	-2.000000	-2.998678	-2.018840	-2.322810	-2.067174
1.320	-2.000000	-2.000000	-2.000000	-2.000000	-2.998678	-2.018840	-2.322810	-2.067174
1.330	-2.000000	-2.000000	-2.000000	-2.000000	-2.998678	-2.002518	-2.322810	-2.415424
1.340	-2.000000	-2.000000	-2.000000	-2.000000	-2.998678	-2.018840	-2.322810	-2.415424
1.350	-2.000000	-2.000000	-2.000000	-2.000000	-2.998678	-2.002518	-2.339719	-2.415424
1.360	-2.000000	-2.000000	-2.000000	-2.000000	-2.998678	-2.018840	-2.322810	-2.415424
1.370	-2.000000	-2.000000	-2.000000	-2.000000	-3.014211	-2.018840	-2.339719	-2.067174
1.380	-2.000000	-2.000000	-2.000000	-2.000000	-3.014211	-2.035162	-2.018439	-2.415424
1.390	-2.000000	-2.000000	-2.000000	-2.000000	-3.014211	-2.018840	-2.322810	-2.397095
1.400	-2.000000	-2.000000	-2.000000	-2.000000	-3.014211	-2.018840	-2.322810	-2.030516
1.410	-2.000000	-2.000000	-2.000000	-2.000000	-2.998678	-2.035162	-2.322810	-2.397095
1.420	-2.000000	-2.000000	-2.000000	-2.000000	-2.998678	-2.035162	-2.339719	-2.085503
1.430	-2.000000	-2.000000	-2.000000	-2.000000	-2.998678	-2.002518	-2.339719	-2.067174
1.440	-2.000000	-2.000000	-2.000000	-2.000000	-2.998678	-2.018840	-2.339719	-2.067174
1.450	-2.000000	-2.000000	-2.000000	-2.000000	-3.014211	-2.035162	-2.339719	-2.085503
1.460	-2.000000	-2.000000	-2.000000	-2.000000	-2.998678	-2.002518	-2.339719	-2.085503
1.470	-2.000000	-2.000000	-2.000000	-2.000000	-2.703545	-2.018840	-2.356629	-2.067174
1.480	-2.000000	-2.000000	-2.000000	-2.000000	-3.014211	-2.018840	-2.339719	-2.085503
1.490	-2.000000	-2.000000	-2.000000	-2.000000	-2.998678	-2.018840	-2.339719	-2.067174
1.500	-2.000000	-2.000000	-2.000000	-2.000000	-2.998678	-2.018840	-2.339719	-2.085503
1.510	-2.000000	-2.000000	-2.000000	-2.000000	-2.998678	-2.018840	-2.339719	-2.415424
1.520	-2.000000	-2.000000	-2.000000	-2.000000	-2.998678	-2.018840	-2.339719	-2.415424
1.530	-2.000000	-2.000000	-2.000000	-2.000000	-2.998678	-2.035162	-2.339719	-2.085503
1.540	-2.000000	-2.000000	-2.000000	-2.000000	-2.998678	-2.018840	-2.018439	-2.415424
1.550	-2.000000	-2.000000	-2.000000	-2.000000	-2.998678	-2.002518	-2.322810	-2.415424
1.560	-2.000000	-2.000000	-2.000000	-2.000000	-3.014211	-2.018840	-2.339719	-2.415424
1.570	-2.000000	-2.000000	-2.000000	-2.000000	-3.014211	-2.018840	-2.322810	-2.415424
1.580	-2.000000	-2.000000	-2.000000	-2.000000	-3.014211	-2.035162	-2.339719	-2.415424
1.590	-2.000000	-2.000000	-2.000000	-2.000000	-3.014211	-2.018840	-2.018439	-2.067174
1.600	-2.000000	-2.000000	-2.000000	-2.000000	-3.014211	-2.018840	-2.322810	-2.067174
1.610	-2.000000	-2.000000	-2.000000	-2.000000	-3.014211	-2.018840	-2.339719	-2.067174
1.620	-2.000000	-2.000000	-2.000000	-2.000000	-2.998678	-2.018840	-2.322810	-2.067174
1.630	-2.000000	-2.000000	-2.000000	-2.000000	-2.998678	-2.018840	-2.322810	-2.067174
1.640	-2.000000	-2.000000	-2.000000	-2.000000	-2.998678	-2.018840	-2.339719	-2.085503
1.650	-2.000000	-2.000000	-2.000000	-2.000000	-2.998678	-2.018840	-2.339719	-2.415424
1.660	-2.000000	-2.000000	-2.000000	-2.000000	-2.998678	-2.035162	-2.322810	-2.067174
1.670	-2.000000	-2.000000	-2.000000	-2.000000	-2.719078	-2.018840	-2.339719	-2.397095
1.680	-2.000000	-2.000000	-2.000000	-2.000000	-3.014211	-2.035162	-2.322810	-2.397095
1.690	-2.000000	-2.000000	-2.000000	-2.000000	-3.014211	-2.018840	-2.322810	-2.415424
1.700	-2.000000	-2.000000	-2.000000	-2.000000	-2.719078	-2.018840	-2.322810	-2.048845
1.710	-2.000000	-2.000000	-2.000000	-2.000000	-2.998678	-2.018840	-2.305900	-2.067174
1.720	-2.000000	-2.000000	-2.000000	-2.000000	-2.983145	-2.018840	-2.644091	-2.397095
1.730	-2.000000	-2.000000	-2.000000	-2.000000	-2.703545	-2.018840	-2.339719	-2.415424
1.740	-2.000000	-2.000000	-2.000000	-2.000000	-2.719078	-2.018840	-2.322810	-2.067174
1.750	-2.000000	-2.000000	-2.000000	-2.000000	-2.998678	-2.035162	-2.322810	-2.397095
1.760	-2.000000	-2.000000	-2.000000	-2.000000	-2.983145	-2.018840	-2.322810	-2.067174
1.770	-2.000000	-2.000000	-2.000000	-2.000000	-2.998678	-2.018840	-2.322810	-2.397095
1.780	-2.000000	-2.000000	-2.000000	-2.000000	-3.014211	-2.018840	-2.322810	-2.067174
1.790	-2.000000	-2.000000	-2.000000	-2.000000	-2.998678	-2.002518	-2.339719	-2.048845
1.800	-2.000000	-2.000000	-2.000000	-2.000000	-2.983145	-2.002518	-2.339719	-2.397095
1.810	-2.000000	-2.000000	-2.000000	-2.000000	-2.998678	-2.035162	-2.322810	-2.067174
1.820	-2.000000	-2.000000	-2.000000	-2.000000	-2.983145	-2.018840	-2.339719	-2.397095
1.830	-2.000000	-2.000000	-2.000000	-2.000000	-3.014211	-2.018840	-2.339719	-2.415424
1.840	-2.000000	-2.000000	-2.000000	-2.000000	-2.719078	-2.018840	-2.356629	-2.415424
1.850	-2.000000	-2.000000	-2.000000	-2.000000	-2.998678	-2.018840	-2.339719	-2.397095
1.860	-2.000000	-2.000000	-2.000000	-2.000000	-2.998678	-2.018840	-2.339719	-2.415424
1.870	-2.000000	-2.000000	-2.000000	-2.000000	-2.998678	-2.002518	-2.322810	-2.067174
1.880	-2.000000	-2.000000	-2.000000	-2.000000	-2.983145	-2.002518	-2.322810	-2.415424
1.890	-2.000000	-2.000000	-2.000000	-2.000000	-2.983145	-2.018840	-2.322810	-2.415424
1.900	-2.000000	-2.000000	-2.000000	-2.000000	-2.703545	-2.018840	-2.322810	-2.048845
1.910	-2.000000	-2.000000	-2.000000	-2.000000	-2.998678	-2.018840	-2.322810	-2.397095
1.920	-2.000000	-2.000000	-2.000000	-2.000000	-2.983145	-2.002518	-2.322810	-2.415424
1.930	-2.000000	-2.000000	-2.000000	-2.000000	-2.983145	-2.018840	-2.322810	-2.397095
1.940	-2.000000	-2.000000	-2.000000	-2.000000	-2.998678	-2.018840	-2.322810	-2.415424
1.950	-2.000000	-2.000000	-2.000000	-2.000000	-2.983145	-2.035162	-2.322810	-2.067174
1.960	-2.000000	-2.000000	-2.000000	-2.000000	-2.983145	-2.018840	-2.322810	-2.415424
1.970	-2.000000	-2.000000	-2.000000	-2.000000	-2.998678	-2.018840	-2.322810	-2.067174
1.980	-2.000000	-2.000000	-2.000000	-2.000000	-2.983145	-2.018840	-2.305900	-2.067174
1.990	-2.000000	-2.000000	-2.000000	-2.000000	-2.983145	-2.018840	-2.322810	-2.415424
2.000	-2.000000	-2.000000	-2.000000	-2.000000	-2.998678	-2.035162	-2.339719	-2.415424
2.010	-2.000000	-2.000000	-2.000000	-2.000000	-2.983145	-2.002518	-2.018439	-2.085503
2.020	-2.000000	-2.000000	-2.000000	-2.000000	-2.998678	-2.018840	-2.322810	-2.415424
2.030	-2.000000	-2.000000	-2.000000	-2.000000	-2.983145	-2.035162	-2.018439	-2.415424
2.040	-2.000000	-2.000000	-2.000000	-2.000000	-2.998678	-2.035162	-2.339719	-2.067174
2.050	-2.000000	-2.000000	-2.000000	-2.000000	-2.983145	-2.018840	-2.339719	-2.067174
2.060	-2.000000	-2.000000	-2.000000	-2.000000	-2.719078	-2.018840	-2.339719	-2.415424
2.070	-2.000000	-2.000000	-2.000000	-2.000000	-2.983145	-2.018840	-2.339719	-2.378766
2.080	-2.000000	-2.000000	-2.000000	-2.000000	-2.998678	-2.002518	-2.322810	-2.085503
2.090	-2.000000	-2.000000	-2.000000	-2.000000	-2.983145	-2.018840	-2.322810	-2.067174
2.100	-2.000000	-2.000000	-2.000000	-2.000000	-2.983145	-2.002518	-2.001529	-2.067174
2.110	-2.000000	-2.000000	-2.000000	-2.000000	-2.703545	-2.018840	-2.339719	-2.397095
2.120	-2.000000	-2.000000	-2.000000	-2.000000	-2.998678	-2.018840	-2.322810	-2.397095
2.130	-2.000000	-2.000000	-2.000000	-2.000000	-2.983145	-2.035162	-2.018439	-2.067174
2.140	-2.000000	-2.000000	-2.000000	-2.000000	-2.983145	-2.002518	-2.305900	-2.415424
2.150	-2.000000	-2.000000	-2.000000	-2.000000	-3.014211	-2.018840	-2.322810	-2.067174
2.160	-2.000000	-2.000000	-2.000000	-2.000000	-2.998678	-2.002518	-2.322810	-2.067174
2.170	-2.000000	-2.000000	-2.000000	-2.000000	-2.998678	-2.002518	-2.322810	-2.397095
2.180	-2.000000	-2.000000	-2.000000	-2.000000	-2.998678	-2.018840	-2.644091	-2.085503
2.190	-2.000000	-2.000000	-2.000000	-2.000000	-2.998678	-2.002518	-2.339719	-2.415424
2.200	-2.000000	-2.000000	-2.000000	-2.000000	-2.998678	-2.018840	-2.322810	-2.397095
2.210	-2.000000	-2.000000	-2.000000	-2.000000	-2.998678	-2.018840	-2.322810	-2.415424
2.220	-2.000000	-2.000000	-2.000000	-2.000000	-2.998678	-2.002518	-2.322810	-2.397095
2.230	-2.000000	-2.000000	-2.000000	-2.000000	-2.998678	-2.035162	-2.305900	-2.067174
2.240	-2.000000	-2.000000	-2.000000	-2.000000	-3.014211	-2.035162	-2.322810	-2.067174
2.250	-2.000000	-2.000000	-2.000000	-2.000000	-2.983145	-2.002518	-2.339719	-2.415424
2.260	-2.000000	-2.000000	-2.000000	-2.000000	-2.703545	-2.018840	-2.339719	-2.397095
2.270	-2.000000	-2.000000	-2.000000	-2.000000	-2.719078	-2.018840	-2.339719	-2.067174
2.280	-2.000000	-2.000000	-2.000000	-2.000000	-2.998678	-2.018840	-2.322810	-2.433753
2.290	-2.000000	-2.000000	-2.000000	-2.000000	-2.998678	-2.018840	-2.322810	-2.415424
2.300	-2.000000	-2.000000	-2.000000	-2.000000	-3.014211	-2.018840	-2.339719	-2.397095
2.310	-2.000000	-2.000000	-2.000000	-2.000000	-3.014211	-2.018840	-2.339719	-2.085503
2.320	-2.000000	-2.000000	-2.000000	-2.000000	-2.998678	-2.018840	-2.322810	-2.048845
2.330	-2.000000	-2.000000	-2.000000	-2.000000	-2.998678	-2.018840	-2.339719	-2.415424
2.340	-2.000000	-2.000000	-2.000000	-2.000000	-2.998678	-2.018840	-2.322810	-2.048845
2.350	-2.000000	-2.000000	-2.000000	-2.000000	-2.998678	-2.018840	-2.305900	-2.397095
2.360	-2.000000	-2.000000	-2.000000	-2.000000	-2.998678	-2.002518	-2.322810	-2.415424
2.370	-2.000000	-2.000000	-2.000000	-2.000000	-2.983145	-2.002518	-2.322810	-2.397095
2.380	-2.000000	-2.000000	-2.000000	-2.000000	-2.998678	-2.018840	-2.305900	-2.415424
2.390	-2.000000	-2.000000	-2.000000	-2.000000	-3.014211	-2.018840	-2.322810	-2.048845
2.400	-2.000000	-2.000000	-2.000000	-2.000000	-2.998678	-2.002518	-2.339719	-2.067174
2.410	-2.000000	-2.000000	-2.000000	-2.000000	-2.998678	-2.018840	-2.322810	-2.397095
2.420	-2.000000	-2.000000	-2.000000	-2.000000	-2.998678	-2.018840	-2.339719	-2.415424
2.430	-2.000000	-2.000000	-2.000000	-2.000000	-2.998678	-2.018840	-2.322810	-2.067174
2.440	-2.000000	-2.000000	-2.000000	-2.000000	-2.998678	-2.018840	-2.339719	-2.048845
2.450	-2.000000	-2.000000	-2.000000	-2.000000	-2.998678	-2.002518	-2.339719	-2.067174
2.460	-2.000000	-2.000000	-2.000000	-2.000000	-2.998678	-2.002518	-2.322810	-2.067174
2.470	-2.000000	-2.000000	-2.000000	-2.000000	-2.998678	-2.002518	-2.322810	-2.397095
2.480	-2.000000	-2.000000	-2.000000	-2.000000	-2.998678	-2.018840	-2.322810	-2.415424
2.490	-2.000000	-2.000000	-2.000000	-2.000000	-2.983145	-2.018840	-2.339719	-2.415424
2.500	-2.000000	-2.000000	-2.000000	-2.000000	-2.998678	-2.018840	-2.339719	-2.415424
2.510	-2.000000	-2.000000	-2.000000	-2.000000	-2.998678	-2.018840	-2.035348	-2.397095
2.520	-2.000000	-2.000000	-2.000000	-2.000000	-2.998678	-2.002518	-2.339719	-2.048845
2.530	-2.000000	-2.000000	-2.000000	-2.000000	-2.983145	-2.035162	-2.339719	-2.048845
2.540	-2.000000	-2.000000	-2.000000	-2.000000	-2.998678	-2.018840	-2.339719	-2.397095
2.550	-2.000000	-2.000000	-2.000000	-2.000000	-3.014211	-2.018840	-2.339719	-2.067174
2.560	-2.000000	-2.000000	-2.000000	-2.000000	-2.998678	-2.018840	-2.339719	-2.067174
2.570	-2.000000	-2.000000	-2.000000	-2.000000	-2.998678	-2.035162	-2.322810	-2.415424
2.580	-2.000000	-2.000000	-2.000000	-2.000000	-3.014211	-2.018840	-2.322810	-2.067174
2.590	-2.000000	-2.000000	-2.000000	-2.000000	-2.719078	-2.002518	-2.322810	-2.397095
2.600	-2.000000	-2.000000	-2.000000	-2.000000	-2.998678	-2.018840	-2.322810	-2.397095
2.610	-2.000000	-2.000000	-2.000000	-2.000000	-2.998678	-2.018840	-2.322810	-2.415424
2.620	-2.000000	-2.000000	-2.000000	-2.000000	-2.998678	-2.018840	-2.322810	-2.397095
2.630	-2.000000	-2.000000	-2.000000	-2.000000	-2.983145	-2.018840	-2.322810	-2.378766
2.640	-2.000000	-2.000000	-2.000000	-2.000000	-2.998678	-2.018840	-2.305900	-2.048845
2.650	-2.000000	-2.000000	-2.000000	-2.000000	-2.983145	-2.002518	-2.322810	-2.067174
2.660	-2.000000	-2.000000	-2.000000	-2.000000	-2.983145	-2.002518	-2.322810	-2.067174
2.670	-2.000000	-2.000000	-2.000000	-2.000000	-2.998678	-2.018840	-2.018439	-2.415424
2.680	-2.000000	-2.000000	-2.000000	-2.000000	-2.998678	-2.018840	-2.322810	-2.048845
2.690	-2.000000	-2.000000	-2.000000	-2.000000	-3.014211	-2.018840	-2.322810	-2.415424
2.700	-2.000000	-2.000000	-2.000000	-2.000000	-2.998678	-2.002518	-2.322810	-2.397095
2.710	-2.000000	-2.000000	-2.000000	-2.000000	-2.703545	-2.018840	-2.018439	-2.067174
2.720	-2.000000	-2.000000	-2.000000	-2.000000	-2.998678	-2.018840	-2.322810	-2.397095
2.730	-2.000000	-2.000000	-2.000000	-2.000000	-2.998678	-2.018840	-2.322810	-2.067174
2.740	-2.000000	-2.000000	-2.000000	-2.000000	-2.998678	-2.018840	-2.322810	-2.397095
2.750	-2.000000	-2.000000	-2.000000	-2.000000	-2.998678	-2.002518	-2.322810	-2.067174
2.760	-2.000000	-2.000000	-2.000000	-2.000000	-2.719078	-2.018840	-2.339719	-2.397095
2.770	-2.000000	-2.000000	-2.000000	-2.000000	-2.998678	-2.018840	-2.322810	-2.048845
2.780	-2.000000	-2.000000	-2.000000	-2.000000	-2.998678	-2.002518	-2.035348	-2.067174
2.790	-2.000000	-2.000000	-2.000000	-2.000000	-2.998678	-2.018840	-2.322810	-2.415424
2.800	-2.000000	-2.000000	-2.000000	-2.000000	-3.014211	-2.018840	-2.339719	-2.397095
2.810	-2.000000	-2.000000	-2.000000	-2.000000	-2.983145	-2.035162	-2.339719	-2.048845
2.820	-2.000000	-2.000000	-2.000000	-2.000000	-2.703545	-2.018840	-2.322810	-2.415424
2.830	-2.000000	-2.000000	-2.000000	-2.000000	-2.983145	-2.018840	-2.001529	-2.397095
2.840	-2.000000	-2.000000	-2.000000	-2.000000	-2.983145	-2.018840	-2.339719	-2.397095
2.850	-2.000000	-2.000000	-2.000000	-2.000000	-2.983145	-2.018840	-2.322810	-2.067174
2.860	-2.000000	-2.000000	-2.000000	-2.000000	-2.998678	-2.018840	-2.339719	-2.085503
2.870	-2.000000	-2.000000	-2.000000	-2.000000	-2.998678	-2.035162	-2.322810	-2.067174
2.880	-2.000000	-2.000000	-2.000000	-2.000000	-2.998678	-2.018840	-2.339719	-2.397095
2.890	-2.000000	-2.000000	-2.000000	-2.000000	-3.014211	-2.002518	-2.322810	-2.415424
2.900	-2.000000	-2.000000	-2.000000	-2.000000	-2.998678	-2.018840	-2.339719	-2.415424
2.910	-2.000000	-2.000000	-2.000000	-2.000000	-2.998678	-2.018840	-2.339719	-2.067174
2.920	-2.000000	-2.000000	-2.000000	-2.000000	-2.688011	-2.002518	-2.322810	-2.415424
2.930	-2.000000	-2.000000	-2.000000	-2.000000	-3.014211	-2.035162	-2.339719	-2.415424
2.940	-2.000000	-2.000000	-2.000000	-2.000000	-2.998678	-2.002518	-2.322810	-2.415424
2.950	-2.000000	-2.000000	-2.000000	-2.000000	-2.703545	-2.002518	-2.322810	-2.067174
2.960	-2.000000	-2.000000	-2.000000	-2.000000	-2.998678	-2.002518	-2.339719	-2.085503
2.970	-2.000000	-2.000000	-2.000000	-2.000000	-2.998678	-2.018840	-2.322810	-2.415424
2.980	-2.000000	-2.000000	-2.000000	-2.000000	-2.998678	-2.018840	-2.322810	-2.048845
2.990	-2.000000	-2.000000	-2.000000	-2.000000	-2.998678	-2.018840	-2.322810	-2.415424
3.000	-2.000000	-2.000000	-2.000000	-2.000000	-3.014211	-2.035162	-2.322810	-2.067174
3.010	-2.000000	-2.000000	-2.000000	-2.000000	-2.998678	-2.018840	-2.322810	-2.067174
3.020	-2.000000	-2.000000	-2.000000	-2.000000	-3.014211	-2.002518	-2.322810	-2.067174
3.030	-2.000000	-2.000000	-2.000000	-2.000000	-3.014211	-2.035162	-2.322810	-2.397095
3.040	-2.000000	-2.000000	-2.000000	-2.000000	-2.998678	-2.018840	-2.018439	-2.085503
3.050	-2.000000	-2.000000	-2.000000	-2.000000	-2.998678	-2.018840	-2.322810	-2.085503
3.060	-2.000000	-2.000000	-2.000000	-2.000000	-2.998678	-2.035162	-2.339719	-2.415424
3.070	-2.000000	-2.000000	-2.000000	-2.000000	-3.014211	-2.018840	-2.322810	-2.415424
3.080	-2.000000	-2.000000	-2.000000	-2.000000	-2.998678	-2.018840	-2.018439	-2.415424
3.090	-2.000000	-2.000000	-2.000000	-2.000000	-3.014211	-2.035162	-2.339719	-2.067174
3.100	-2.000000	-2.000000	-2.000000	-2.000000	-2.998678	-2.002518	-2.322810	-2.067174
3.110	-2.000000	-2.000000	-2.000000	-2.000000	-3.014211	-2.018840	-2.322810	-2.415424
3.120	-2.000000	-2.000000	-2.000000	-2.000000	-2.983145	-2.018840	-2.339719	-2.067174
3.130	-2.000000	-2.000000	-2.000000	-2.000000	-2.998678	-2.018840	-2.322810	-2.067174
3.140	-2.000000	-2.000000	-2.000000	-2.000000	-2.719078	-2.035162	-2.035348	-2.415424
3.150	-2.000000	-2.000000	-2.000000	-2.000000	-3.014211	-2.002518	-2.339719	-2.085503
3.160	-2.000000	-2.000000	-2.000000	-2.000000	-2.998678	-2.002518	-2.339719	-2.067174
3.170	-2.000000	-2.000000	-2.000000	-2.000000	-2.998678	-2.018840	-2.322810	-2.415424
3.180	-2.000000	-2.000000	-2.000000	-2.000000	-3.014211	-2.035162	-2.305900	-2.085503
3.190	-2.000000	-2.000000	-2.000000	-2.000000	-2.719078	-2.018840	-2.305900	-2.415424
3.200	-2.000000	-2.000000	-2.000000	-2.000000	-2.998678	-2.035162	-2.322810	-2.085503
3.210	-2.000000	-2.000000	-2.000000	-2.000000	-2.998678	-2.035162	-2.322810	-2.067174
3.220	-2.000000	-2.000000	-2.000000	-2.000000	-2.998678	-2.018840	-2.339719	-2.415424
3.230	-2.000000	-2.000000	-2.000000	-2.000000	-2.998678	-2.018840	-2.322810	-2.085503
3.240	-2.000000	-2.000000	-2.000000	-2.000000	-2.998678	-2.002518	-2.339719	-2.067174
3.250	-2.000000	-2.000000	-2.000000	-2.000000	-2.998678	-2.018840	-2.339719	-2.415424
3.260	-2.000000	-2.000000	-2.000000	-2.000000	-2.998678	-2.018840	-2.322810	-2.085503
3.270	-2.000000	-2.000000	-2.000000	-2.000000	-2.998678	-2.018840	-2.322810	-2.085503
3.280	-2.000000	-2.000000	-2.000000	-2.000000	-2.998678	-2.018840	-2.339719	-2.433753
3.290	-2.000000	-2.000000	-2.000000	-2.000000	-2.998678	-2.018840	-2.339719	-2.085503
3.300	-2.000000	-2.000000	-2.000000	-2.000000	-2.703545	-2.018840	-2.339719	-2.433753
3.310	-2.000000	-2.000000	-2.000000	-2.000000	-3.014211	-2.035162	-2.644091	-2.067174
3.320	-2.000000	-2.000000	-2.000000	-2.000000	-2.998678	-2.002518	-2.339719	-2.067174
3.330	-2.000000	-2.000000	-2.000000	-2.000000	-2.719078	-2.035162	-2.644091	-2.085503
3.340	-2.000000	-2.000000	-2.000000	-2.000000	-2.998678	-2.018840	-2.001529	-2.067174
3.350	-2.000000	-2.000000	-2.000000	-2.000000	-2.998678	-2.018840	-2.322810	-2.415424
3.360	-2.000000	-2.000000	-2.000000	-2.000000	-2.998678	-2.002518	-2.339719	-2.397095
3.370	-2.000000	-2.000000	-2.000000	-2.000000	-2.998678	-2.018840	-2.018439	-2.085503
3.380	-2.000000	-2.000000	-2.000000	-2.000000	-2.998678	-2.018840	-2.322810	-2.397095
3.390	-2.000000	-2.000000	-2.000000	-2.000000	-2.998678	-2.018840	-2.322810	-2.048845
3.400	-2.000000	-2.000000	-2.000000	-2.000000	-2.998678	-2.002518	-2.322810	-2.397095
3.410	-2.000000	-2.000000	-2.000000	-2.000000	-2.998678	-2.002518	-2.322810	-2.397095
3.420	-2.000000	-2.000000	-2.000000	-2.000000	-2.998678	-1.708717	-2.018439	-2.085503
3.430	-2.000000	-2.000000	-2.000000	-2.000000	-2.998678	-2.035162	-2.322810	-2.415424
3.440	-2.000000	-2.000000	-2.000000	-2.000000	-3.014211	-2.018840	-2.339719	-2.415424
3.450	-2.000000	-2.000000	-2.000000	-2.000000	-2.998678	-2.018840	-2.339719	-2.397095
3.460	-2.000000	-2.000000	-2.000000	-2.000000	-2.703545	-2.035162	-2.339719	-2.067174
3.470	-2.000000	-2.000000	-2.000000	-2.000000	-2.998678	-2.002518	-2.339719	-2.415424
3.480	-2.000000	-2.000000	-2.000000	-2.000000	-2.998678	-2.035162	-2.644091	-2.397095
3.490	-2.000000	-2.000000	-2.000000	-2.000000	-2.998678	-2.018840	-2.322810	-2.067174
3.500	-2.000000	-2.000000	-2.000000	-2.000000	-2.998678	-2.018840	-2.627181	-2.067174
3.510	-2.000000	-2.000000	-2.000000	-2.000000	-2.719078	-2.018840	-2.322810	-2.397095
3.520	-2.000000	-2.000000	-2.000000	-2.000000	-2.998678	-2.018840	-2.339719	-2.067174
3.530	-2.000000	-2.000000	-2.000000	-2.000000	-2.998678	-2.018840	-2.339719	-2.067174
3.540	-2.000000	-2.000000	-2.000000	-2.000000	-2.998678	-2.002518	-2.018439	-2.415424
3.550	-2.000000	-2.000000	-2.000000	-2.000000	-3.014211	-2.002518	-2.322810	-2.415424
3.560	-2.000000	-2.000000	-2.000000	-2.000000	-3.014211	-2.018840	-2.339719	-2.415424
3.570	-2.000000	-2.000000	-2.000000	-2.000000	-2.998678	-2.018840	-2.339719	-2.415424
3.580	-2.000000	-2.000000	-2.000000	-2.000000	-2.998678	-2.035162	-2.339719	-2.415424
3.590	-2.000000	-2.000000	-2.000000	-2.000000	-2.719078	-2.002518	-2.339719	-2.415424
3.600	-2.000000	-2.000000	-2.000000	-2.000000	-2.998678	-2.002518	-2.322810	-2.415424
3.610	-2.000000	-2.000000	-2.000000	-2.000000	-2.998678	-2.018840	-2.322810	-2.067174
3.620	-2.000000	-2.000000	-2.000000	-2.000000	-2.998678	-2.002518	-2.322810	-2.415424
3.630	-2.000000	-2.000000	-2.000000	-2.000000	-2.998678	-2.035162	-2.322810	-2.085503
3.640	-2.000000	-2.000000	-2.000000	-2.000000	-2.983145	-2.035162	-2.322810	-2.397095
3.650	-2.000000	-2.000000	-2.000000	-2.000000	-2.983145	-2.018840	-2.018439	-2.397095
3.660	-2.000000	-2.000000	-2.000000	-2.000000	-2.998678	-2.018840	-2.322810	-2.415424
3.670	-2.000000	-2.000000	-2.000000	-2.000000	-2.998678	-2.018840	-2.322810	-2.067174
3.680	-2.000000	-2.000000	-2.000000	-2.000000	-2.998678	-2.018840	-2.322810	-2.397095
3.690	-2.000000	-2.000000	-2.000000	-2.000000	-3.014211	-2.018840	-2.322810	-2.415424
3.700	-2.000000	-2.000000	-2.000000	-2.000000	-2.998678	-2.018840	-2.322810	-2.415424
3.710	-2.000000	-2.000000	-2.000000	-2.000000	-2.983145	-2.018840	-2.339719	-2.067174
3.720	-2.000000	-2.000000	-2.000000	-2.000000	-2.998678	-2.018840	-2.339719	-2.397095
3.730	-2.000000	-2.000000	-2.000000	-2.000000	-2.998678	-2.035162	-2.322810	-2.067174
3.740	-2.000000	-2.000000	-2.000000	-2.000000	-2.998678	-2.018840	-2.322810	-2.397095
3.750	-2.000000	-2.000000	-2.000000	-2.000000	-2.998678	-2.018840	-2.035348	-2.067174
3.760	-2.000000	-2.000000	-2.000000	-2.000000	-2.998678	-2.018840	-2.018439	-2.067174
3.770	-2.000000	-2.000000	-2.000000	-2.000000	-2.998678	-2.018840	-2.339719	-2.415424
3.780	-2.000000	-2.000000	-2.000000	-2.000000	-2.703545	-2.035162	-2.339719	-2.415424
3.790	-2.000000	-2.000000	-2.000000	-2.000000	-2.998678	-2.002518	-2.339719	-2.067174
3.800	-2.000000	-2.000000	-2.000000	-2.000000	-3.014211	-2.018840	-2.339719	-2.085503
3.810	-2.000000	-2.000000	-2.000000	-2.000000	-2.998678	-2.002518	-2.339719	-2.415424
3.820	-2.000000	-2.000000	-2.000000	-2.000000	-2.998678	-2.018840	-2.339719	-2.415424
3.830	-2.000000	-2.000000	-2.000000	-2.000000	-2.998678	-2.018840	-2.339719	-2.415424
3.840	-2.000000	-2.000000	-2.000000	-2.000000	-2.998678	-2.018840	-2.339719	-2.085503
3.850	-2.000000	-2.000000	-2.000000	-2.000000	-2.998678	-2.018840	-2.339719	-2.397095
3.860	-2.000000	-2.000000	-2.000000	-2.000000	-2.719078	-2.018840	-2.339719	-2.085503
3.870	-2.000000	-2.000000	-2.000000	-2.000000	-2.703545	-2.018840	-2.322810	-2.067174
3.880	-2.000000	-2.000000	-2.000000	-2.000000	-2.998678	-2.018840	-2.322810	-2.415424
3.890	-2.000000	-2.000000	-2.000000	-2.000000	-2.719078	-2.002518	-2.339719	-2.067174
3.900	-2.000000	-2.000000	-2.000000	-2.000000	-2.983145	-2.002518	-2.322810	-2.415424
3.910	-2.000000	-2.000000	-2.000000	-2.000000	-2.983145	-2.018840	-2.035348	-2.397095
3.920	-2.000000	-2.000000	-2.000000	-2.000000	-2.998678	-2.018840	-2.339719	-2.067174
3.930	-2.000000	-2.000000	-2.000000	-2.000000	-2.983145	-2.035162	-2.322810	-2.397095
3.940	-2.000000	-2.000000	-2.000000	-2.000000	-2.998678	-2.002518	-2.322810	-2.397095
3.950	-2.000000	-2.000000	-2.000000	-2.000000	-2.998678	-2.018840	-2.339719	-2.397095
3.960	-2.000000	-2.000000	-2.000000	-2.000000	-2.983145	-2.018840	-2.322810	-2.378766
3.970	-2.000000	-2.000000	-2.000000	-2.000000	-2.998678	-2.035162	-2.322810	-2.378766
3.980	-2.000000	-2.000000	-2.000000	-2.000000	-2.983145	-2.018840	-2.339719	-2.415424
3.990	-2.000000	-2.000000	-2.000000	-2.000000	-3.014211	-2.018840	-2.322810	-2.067174
4.000	-2.000000	-2.000000	-2.000000	-2.000000	-2.998678	-2.018840	-2.322810	-2.415424
4.010	-2.000000	-2.000000	-2.000000	-2.000000	-2.998678	-2.018840	-2.322810	-2.415424
4.020	-2.000000	-2.000000	-2.000000	-2.000000	-2.998678	-2.035162	-2.322810	-2.433753
4.030	-2.000000	-2.000000	-2.000000	-2.000000	-2.998678	-2.035162	-2.339719	-2.397095
4.040	-2.000000	-2.000000	-2.000000	-2.000000	-2.998678	-2.035162	-2.339719	-2.067174
4.050	-2.000000	-2.000000	-2.000000	-2.000000	-2.998678	-2.018840	-2.035348	-2.067174
4.060	-2.000000	-2.000000	-2.000000	-2.000000	-3.014211	-2.018840	-2.339719	-2.415424
4.070	-2.000000	-2.000000	-2.000000	-2.000000	-2.983145	-2.035162	-2.339719	-2.433753
4.080	-2.000000	-2.000000	-2.000000	-2.000000	-2.998678	-2.018840	-2.339719	-2.067174
4.090	-2.000000	-2.000000	-2.000000	-2.000000	-2.998678	-2.018840	-2.322810	-2.397095
4.100	-2.000000	-2.000000	-2.000000	-2.000000	-2.719078	-2.035162	-2.339719	-2.067174
4.110	-2.000000	-2.000000	-2.000000	-2.000000	-2.998678	-2.018840	-2.322810	-2.415424
4.120	-2.000000	-2.000000	-2.000000	-2.000000	-2.998678	-2.002518	-2.339719	-2.067174
4.130	-2.000000	-2.000000	-2.000000	-2.000000	-2.998678	-2.018840	-2.339719	-2.397095
4.140	-2.000000	-2.000000	-2.000000	-2.000000	-2.983145	-2.018840	-2.339719	-2.397095
4.150	-2.000000	-2.000000	-2.000000	-2.000000	-2.998678	-2.035162	-2.339719	-2.415424
4.160	-2.000000	-2.000000	-2.000000	-2.000000	-2.998678	-2.035162	-2.339719	-2.067174
4.170	-2.000000	-2.000000	-2.000000	-2.000000	-2.983145	-2.002518	-2.339719	-2.415424
4.180	-2.000000	-2.000000	-2.000000	-2.000000	-2.998678	-2.002518	-2.339719	-2.415424
4.190	-2.000000	-2.000000	-2.000000	-2.000000	-2.998678	-2.018840	-2.356629	-2.415424
4.200	-2.000000	-2.000000	-2.000000	-2.000000	-2.983145	-2.002518	-2.644091	-2.397095
4.210	-2.000000	-2.000000	-2.000000	-2.000000	-2.998678	-2.035162	-2.339719	-2.067174
4.220	-2.000000	-2.000000	-2.000000	-2.000000	-2.998678	-2.002518	-2.339719	-2.048845
4.230	-2.000000	-2.000000	-2.000000	-2.000000	-2.998678	-2.018840	-2.339719	-2.067174
4.240	-2.000000	-2.000000	-2.000000	-2.000000	-2.998678	-2.018840	-2.035348	-2.415424
4.250	-2.000000	-2.000000	-2.000000	-2.000000	-2.983145	-2.035162	-2.339719	-2.048845
4.260	-2.000000	-2.000000	-2.000000	-2.000000	-2.998678	-2.035162	-2.339719	-2.067174
4.270	-2.000000	-2.000000	-2.000000	-2.000000	-2.998678	-2.002518	-2.644091	-2.415424
4.280	-2.000000	-2.000000	-2.000000	-2.000000	-2.998678	-2.018840	-2.339719	-2.433753
4.290	-2.000000	-2.000000	-2.000000	-2.000000	-2.998678	-2.018840	-2.610272	-2.397095
4.300	-2.000000	-2.000000	-2.000000	-2.000000	-2.983145	-2.035162	-2.322810	-2.415424
4.310	-2.000000	-2.000000	-2.000000	-2.000000	-2.998678	-2.018840	-2.322810	-2.067174
4.320	-2.000000	-2.000000	-2.000000	-2.000000	-2.998678	-2.018840	-2.339719	-2.397095
4.330	-2.000000	-2.000000	-2.000000	-2.000000	-2.998678	-2.035162	-2.339719	-2.067174
4.340	-2.000000	-2.000000	-2.000000	-2.000000	-2.998678	-2.018840	-2.322810	-2.067174
4.350	-2.000000	-2.000000	-2.000000	-2.000000	-2.998678	-2.002518	-2.322810	-2.415424
4.360	-2.000000	-2.000000	-2.000000	-2.000000	-2.998678	-2.018840	-2.322810	-2.415424
4.370	-2.000000	-2.000000	-2.000000	-2.000000	-3.014211	-2.018840	-2.322810	-2.067174
4.380	-2.000000	-2.000000	-2.000000	-2.000000	-2.998678	-2.035162	-2.322810	-2.415424
4.390	-2.000000	-2.000000	-2.000000	-2.000000	-2.998678	-2.002518	-2.322810	-2.415424
4.400	-2.000000	-2.000000	-2.000000	-2.000000	-3.014211	-2.035162	-2.305900	-2.433753
4.410	-2.000000	-2.000000	-2.000000	-2.000000	-2.998678	-2.035162	-2.322810	-2.067174
4.420	-2.000000	-2.000000	-2.000000	-2.000000	-2.998678	-2.018840	-2.322810	-2.415424
4.430	-2.000000	-2.000000	-2.000000	-2.000000	-2.998678	-2.002518	-2.322810	-2.048845
4.440	-2.000000	-2.000000	-2.000000	-2.000000	-2.998678	-2.035162	-2.322810	-2.397095
4.450	-2.000000	-2.000000	-2.000000	-2.000000	-3.014211	-2.018840	-2.322810	-2.048845
4.460	-2.000000	-2.000000	-2.000000	-2.000000	-3.014211	-2.018840	-2.322810	-2.085503
4.470	-2.000000	-2.000000	-2.000000	-2.000000	-3.014211	-2.018840	-2.339719	-2.067174
4.480	-2.000000	-2.000000	-2.000000	-2.000000	-2.998678	-2.018840	-2.322810	-2.397095
4.490	-2.000000	-2.000000	-2.000000	-2.000000	-2.998678	-2.018840	-2.305900	-2.085503
4.500	-2.000000	-2.000000	-2.000000	-2.000000	-2.998678	-2.018840	-2.322810	-2.397095
4.510	-2.000000	-2.000000	-2.000000	-2.000000	-3.014211	-2.018840	-2.305900	-2.415424
4.520	-2.000000	-2.000000	-2.000000	-2.000000	-2.998678	-2.018840	-2.322810	-2.067174
4.530	-2.000000	-2.000000	-2.000000	-2.000000	-2.983145	-2.035162	-2.339719	-2.397095
4.540	-2.000000	-2.000000	-2.000000	-2.000000	-2.998678	-2.018840	-2.339719	-2.067174
4.550	-2.000000	-2.000000	-2.000000	-2.000000	-2.998678	-2.018840	-2.322810	-2.415424
4.560	-2.000000	-2.000000	-2.000000	-2.000000	-2.983145	-2.018840	-2.305900	-2.415424
4.570	-2.000000	-2.000000	-2.000000	-2.000000	-2.983145	-2.018840	-2.322810	-2.067174
4.580	-2.000000	-2.000000	-2.000000	-2.000000	-2.703545	-2.018840	-2.322810	-2.415424
4.590	-2.000000	-2.000000	-2.000000	-2.000000	-2.983145	-2.018840	-2.322810	-2.415424
4.600	-2.000000	-2.000000	-2.000000	-2.000000	-2.703545	-2.002518	-2.322810	-2.415424
4.610	-2.000000	-2.000000	-2.000000	-2.000000	-2.703545	-2.018840	-2.322810	-2.415424
4.620	-2.000000	-2.000000	-2.000000	-2.000000	-2.998678	-2.018840	-2.644091	-2.378766
4.630	-2.000000	-2.000000	-2.000000	-2.000000	-2.983145	-2.002518	-2.305900	-2.067174
4.640	-2.000000	-2.000000	-2.000000	-2.000000	-2.983145	-2.002518	-2.322810	-2.415424
4.650	-2.000000	-2.000000	-2.000000	-2.000000	-2.998678	-2.002518	-2.322810	-2.433753
4.660	-2.000000	-2.000000	-2.000000	-2.000000	-2.998678	-2.018840	-2.322810	-2.397095
4.670	-2.000000	-2.000000	-2.000000	-2.000000	-2.998678	-2.018840	-2.322810	-2.067174
4.680	-2.000000	-2.000000	-2.000000	-2.000000	-2.998678	-2.002518	-2.305900	-2.067174
4.690	-2.000000	-2.000000	-2.000000	-2.000000	-2.998678	-2.018840	-2.322810	-2.397095
4.700	-2.000000	-2.000000	-2.000000	-2.000000	-2.983145	-2.018840	-2.322810	-2.415424
4.710	-2.000000	-2.000000	-2.000000	-2.000000	-2.998678	-2.035162	-2.305900	-2.415424
4.720	-2.000000	-2.000000	-2.000000	-2.000000	-2.688011	-2.018840	-2.322810	-2.067174
4.730	-2.000000	-2.000000	-2.000000	-2.000000	-2.998678	-2.035162	-2.322810	-2.067174
4.740	-2.000000	-2.000000	-2.000000	-2.000000	-2.998678	-2.018840	-2.322810	-2.067174
4.750	-2.000000	-2.000000	-2.000000	-2.000000	-2.998678	-2.018840	-2.339719	-2.433753
4.760	-2.000000	-2.000000	-2.000000	-2.000000	-2.998678	-2.018840	-2.339719	-2.085503
4.770	-2.000000	-2.000000	-2.000000	-2.000000	-2.998678	-2.018840	-2.322810	-2.415424
4.780	-2.000000	-2.000000	-2.000000	-2.000000	-2.983145	-2.035162	-2.339719	-2.085503
4.790	-2.000000	-2.000000	-2.000000	-2.000000	-2.983145	-2.018840	-2.322810	-2.067174
4.800	-2.000000	-2.000000	-2.000000	-2.000000	-2.998678	-2.018840	-2.356629	-2.397095
4.810	-2.000000	-2.000000	-2.000000	-2.000000	-2.983145	-2.018840	-2.322810	-2.415424
4.820	-2.000000	-2.000000	-2.000000	-2.000000	-2.998678	-2.035162	-2.322810	-2.397095
4.830	-2.000000	-2.000000	-2.000000	-2.000000	-2.983145	-2.018840	-2.339719	-2.415424
4.840	-2.000000	-2.000000	-2.000000	-2.000000	-2.998678	-2.002518	-2.644091	-2.415424
4.850	-2.000000	-2.000000	-2.000000	-2.000000	-2.998678	-2.035162	-2.018439	-2.397095
4.860	-2.000000	-2.000000	-2.000000	-2.000000	-2.998678	-2.018840	-2.339719	-2.085503
4.870	-2.000000	-2.000000	-2.000000	-2.000000	-2.998678	-2.018840	-2.322810	-2.415424
4.880	-2.000000	-2.000000	-2.000000	-2.000000	-2.983145	-2.018840	-2.339719	-2.415424
4.890	-2.000000	-2.000000	-2.000000	-2.000000	-2.998678	-2.018840	-2.018439	-2.067174
4.900	-2.000000	-2.000000	-2.000000	-2.000000	-2.998678	-2.018840	-2.339719	-2.415424
4.910	-2.000000	-2.000000	-2.000000	-2.000000	-2.983145	-1.708717	-2.322810	-2.067174
4.920	-2.000000	-2.000000	-2.000000	-2.000000	-2.983145	-2.018840	-2.339719	-2.415424
4.930	-2.000000	-2.000000	-2.000000	-2.000000	-2.703545	-2.018840	-2.339719	-2.085503
4.940	-2.000000	-2.000000	-2.000000	-2.000000	-2.703545	-2.018840	-2.339719	-2.085503
4.950	-2.000000	-2.000000	-2.000000	-2.000000	-2.998678	-2.035162	-2.322810	-2.415424
4.960	-2.000000	-2.000000	-2.000000	-2.000000	-2.703545	-2.035162	-2.322810	-2.397095
4.970	-2.000000	-2.000000	-2.000000	-2.000000	-3.014211	-2.018840	-2.322810	-2.415424
4.980	-2.000000	-2.000000	-2.000000	-2.000000	-2.998678	-2.002518	-2.339719	-2.067174
4.990	-2.000000	-2.000000	-2.000000	-2.000000	-2.998678	-2.035162	-2.305900	-2.085503
5.000	-2.000000	-2.000000	-2.000000	-2.000000	-2.983145	-2.018840	-2.322810	-2.085503
5.010	-2.000000	-2.000000	-2.000000	-2.000000	-2.983145	-2.018840	-2.339719	-2.415424
5.020	-2.000000	-2.000000	-2.000000	-2.000000	-2.703545	-2.018840	-2.339719	-2.415424
5.030	-2.000000	-2.000000	-2.000000	-2.000000	-2.998678	-2.018840	-2.322810	-2.397095
5.040	-2.000000	-2.000000	-2.000000	-2.000000	-2.998678	-2.018840	-2.322810	-2.067174
5.050	-2.000000	-2.000000	-2.000000	-2.000000	-2.998678	-2.018840	-2.339719	-2.067174
5.060	-2.000000	-2.000000	-2.000000	-2.000000	-2.998678	-2.035162	-2.339719	-2.415424
5.070	-2.000000	-2.000000	-2.000000	-2.000000	-2.998678	-2.035162	-2.322810	-2.415424
5.080	-2.000000	-2.000000	-2.000000	-2.000000	-2.983145	-2.018840	-2.339719	-2.415424
5.090	-2.000000	-2.000000	-2.000000	-2.000000	-2.983145	-2.018840	-2.339719	-2.067174
5.100	-2.000000	-2.000000	-2.000000	-2.000000	-2.703545	-2.018840	-2.322810	-2.397095
5.110	-2.000000	-2.000000	-2.000000	-2.000000	-2.983145	-2.018840	-2.339719	-2.397095
5.120	-2.000000	-2.000000	-2.000000	-2.000000	-2.998678	-2.018840	-2.322810	-2.067174
5.130	-2.000000	-2.000000	-2.000000	-2.000000	-2.998678	-2.018840	-2.018439	-2.067174
5.140	-2.000000	-2.000000	-2.000000	-2.000000	-2.688011	-2.018840	-2.322810	-2.415424
5.150	-2.000000	-2.000000	-2.000000	-2.000000	-2.967611	-2.002518	-2.322810	-2.067174
5.160	-2.000000	-2.000000	-2.000000	-2.000000	-2.983145	-2.018840	-2.322810	-2.067174
5.170	-2.000000	-2.000000	-2.000000	-2.000000	-2.983145	-2.035162	-2.339719	-2.397095
5.180	-2.000000	-2.000000	-2.000000	-2.000000	-2.983145	-2.035162	-2.339719	-2.085503
5.190	-2.000000	-2.000000	-2.000000	-2.000000	-2.998678	-2.035162	-2.339719	-2.067174
5.200	-2.000000	-2.000000	-2.000000	-2.000000	-2.983145	-2.018840	-2.339719	-2.085503
5.210	-2.000000	-2.000000	-2.000000	-2.000000	-2.983145	-2.018840	-2.339719	-2.085503
5.220	-2.000000	-2.000000	-2.000000	-2.000000	-2.998678	-2.018840	-2.018439	-2.415424
5.230	-2.000000	-2.000000	-2.000000	-2.000000	-2.998678	-2.018840	-2.322810	-2.085503
5.240	-2.000000	-2.000000	-2.000000	-2.000000	-2.998678	-2.018840	-2.339719	-2.415424
5.250	-2.000000	-2.000000	-2.000000	-2.000000	-2.998678	-2.018840	-2.339719	-2.415424
5.260	-2.000000	-2.000000	-2.000000	-2.000000	-2.703545	-2.002518	-2.339719	-2.085503
5.270	-2.000000	-2.000000	-2.000000	-2.000000	-2.998678	-2.035162	-2.339719	-2.397095
5.280	-2.000000	-2.000000	-2.000000	-2.000000	-2.998678	-2.035162	-2.339719	-2.067174
5.290	-2.000000	-2.000000	-2.000000	-2.000000	-2.998678	-2.018840	-2.356629	-2.085503
5.300	-2.000000	-2.000000	-2.000000	-2.000000	-3.014211	-2.018840	-2.322810	-2.415424
5.310	-2.000000	-2.000000	-2.000000	-2.000000	-2.998678	-2.018840	-2.322810	-2.067174
5.320	-2.000000	-2.000000	-2.000000	-2.000000	-2.983145	-2.018840	-2.339719	-2.397095
5.330	-2.000000	-2.000000	-2.000000	-2.000000	-2.998678	-2.018840	-2.339719	-2.397095
5.340	-2.000000	-2.000000	-2.000000	-2.000000	-2.983145	-2.018840	-2.322810	-2.048845
5.350	-2.000000	-2.000000	-2.000000	-2.000000	-2.998678	-2.018840	-2.339719	-2.397095
5.360	-2.000000	-2.000000	-2.000000	-2.000000	-2.998678	-2.035162	-2.356629	-2.067174
5.370	-2.000000	-2.000000	-2.000000	-2.000000	-2.998678	-2.035162	-2.339719	-2.085503
5.380	-2.000000	-2.000000	-2.000000	-2.000000	-2.998678	-2.018840	-2.644091	-2.067174
5.390	-2.000000	-2.000000	-2.000000	-2.000000	-2.998678	-2.018840	-2.339719	-2.397095
5.400	-2.000000	-2.000000	-2.000000	-2.000000	-2.703545	-2.035162	-2.339719	-2.067174
5.410	-2.000000	-2.000000	-2.000000	-2.000000	-2.998678	-2.018840	-2.356629	-2.085503
5.420	-2.000000	-2.000000	-2.000000	-2.000000	-2.998678	-2.035162	-2.339719	-2.085503
5.430	-2.000000	-2.000000	-2.000000	-2.000000	-2.998678	-2.018840	-2.356629	-2.415424
5.440	-2.000000	-2.000000	-2.000000	-2.000000	-2.998678	-2.018840	-2.322810	-2.085503
5.450	-2.000000	-2.000000	-2.000000	-2.000000	-2.998678	-2.018840	-2.322810	-2.415424
5.460	-2.000000	-2.000000	-2.000000	-2.000000	-2.998678	-2.018840	-2.339719	-2.085503
5.470	-2.000000	-2.000000	-2.000000	-2.000000	-2.998678	-2.018840	-2.339719	-2.415424
5.480	-2.000000	-2.000000	-2.000000	-2.000000	-2.983145	-2.018840	-2.339719	-2.433753
5.490	-2.000000	-2.000000	-2.000000	-2.000000	-2.983145	-2.018840	-2.322810	-2.067174
5.500	-2.000000	-2.000000	-2.000000	-2.000000	-2.983145	-2.018840	-2.322810	-2.067174
5.510	-2.000000	-2.000000	-2.000000	-2.000000	-2.998678	-2.018840	-2.644091	-2.067174
5.520	-2.000000	-2.000000	-2.000000	-2.000000	-2.983145	-2.002518	-2.339719	-2.415424
5.530	-2.000000	-2.000000	-2.000000	-2.000000	-2.998678	-2.018840	-2.339719	-2.415424
5.540	-2.000000	-2.000000	-2.000000	-2.000000	-2.998678	-2.035162	-2.322810	-2.085503
5.550	-2.000000	-2.000000	-2.000000	-2.000000	-2.967611	-2.018840	-2.356629	-2.085503
5.560	-2.000000	-2.000000	-2.000000	-2.000000	-2.998678	-2.035162	-2.339719	-2.415424
5.570	-2.000000	-2.000000	-2.000000	-2.000000	-2.998678	-2.018840	-2.322810	-2.067174
5.580	-2.000000	-2.000000	-2.000000	-2.000000	-2.983145	-2.018840	-2.018439	-2.415424
5.590	-2.000000	-2.000000	-2.000000	-2.000000	-2.998678	-2.018840	-2.339719	-2.415424
5.600	-2.000000	-2.000000	-2.000000	-2.000000	-2.998678	-2.018840	-2.018439	-2.067174
5.610	-2.000000	-2.000000	-2.000000	-2.000000	-2.983145	-2.018840	-2.322810	-2.397095
5.620	-2.000000	-2.000000	-2.000000	-2.000000	-2.983145	-2.035162	-2.339719	-2.067174
5.630	-2.000000	-2.000000	-2.000000	-2.000000	-2.983145	-2.035162	-2.339719	-2.397095
5.640	-2.000000	-2.000000	-2.000000	-2.000000	-2.998678	-2.018840	-2.339719	-2.067174
5.650	-2.000000	-2.000000	-2.000000	-2.000000	-2.998678	-2.018840	-2.322810	-2.067174
5.660	-2.000000	-2.000000	-2.000000	-2.000000	-2.983145	-2.002518	-2.322810	-2.067174
5.670	-2.000000	-2.000000	-2.000000	-2.000000	-2.983145	-2.018840	-2.339719	-2.085503
5.680	-2.000000	-2.000000	-2.000000	-2.000000	-2.998678	-1.708717	-2.661000	-2.048845
5.690	-2.000000	-2.000000	-2.000000	-2.000000	-2.983145	-2.018840	-2.339719	-2.415424
5.700	-2.000000	-2.000000	-2.000000	-2.000000	-2.998678	-2.035162	-2.322810	-2.415424
5.710	-2.000000	-2.000000	-2.000000	-2.000000	-2.983145	-2.035162	-2.322810	-2.397095
5.720	-2.000000	-2.000000	-2.000000	-2.000000	-2.703545	-2.018840	-2.339719	-2.397095
5.730	-2.000000	-2.000000	-2.000000	-2.000000	-2.983145	-2.018840	-2.322810	-2.067174
5.740	-2.000000	-2.000000	-2.000000	-2.000000	-2.998678	-2.035162	-2.339719	-2.067174
5.750	-2.000000	-2.000000	-2.000000	-2.000000	-2.998678	-2.018840	-2.339719	-2.067174
5.760	-2.000000	-2.000000	-2.000000	-2.000000	-2.983145	-2.002518	-2.018439	-2.085503
5.770	-2.000000	-2.000000	-2.000000	-2.000000	-2.983145	-2.035162	-2.339719	-2.067174
5.780	-2.000000	-2.000000	-2.000000	-2.000000	-2.998678	-2.035162	-2.339719	-2.415424
5.790	-2.000000	-2.000000	-2.000000	-2.000000	-2.998678	-2.018840	-2.339719	-2.415424
5.800	-2.000000	-2.000000	-2.000000	-2.000000	-2.998678	-2.018840	-2.644091	-2.067174
5.810	-2.000000	-2.000000	-2.000000	-2.000000	-2.983145	-2.018840	-2.018439	-2.067174
5.820	-2.000000	-2.000000	-2.000000	-2.000000	-2.719078	-2.018840	-2.322810	-2.397095
5.830	-2.000000	-2.000000	-2.000000	-2.000000	-2.998678	-2.035162	-2.018439	-2.067174
5.840	-2.000000	-2.000000	-2.000000	-2.000000	-2.998678	-2.018840	-2.339719	-2.048845
5.850	-2.000000	-2.000000	-2.000000	-2.000000	-2.998678	-1.708717	-2.322810	-2.067174
5.860	-2.000000	-2.000000	-2.000000	-2.000000	-2.983145	-2.002518	-2.339719	-2.067174
5.870	-2.000000	-2.000000	-2.000000	-2.000000	-2.998678	-2.018840	-2.644091	-2.067174
5.880	-2.000000	-2.000000	-2.000000	-2.000000	-3.014211	-2.018840	-2.322810	-2.048845
5.890	-2.000000	-2.000000	-2.000000	-2.000000	-3.014211	-2.002518	-2.322810	-2.397095
5.900	-2.000000	-2.000000	-2.000000	-2.000000	-2.998678	-2.018840	-2.322810	-2.415424
5.910	-2.000000	-2.000000	-2.000000	-2.000000	-2.703545	-2.018840	-2.322810	-2.415424
5.920	-2.000000	-2.000000	-2.000000	-2.000000	-2.998678	-2.018840	-2.322810	-2.415424
5.930	-2.000000	-2.000000	-2.000000	-2.000000	-2.998678	-2.002518	-2.339719	-2.415424
5.940	-2.000000	-2.000000	-2.000000	-2.000000	-3.014211	-2.035162	-2.339719	-2.067174
5.950	-2.000000	-2.000000	-2.000000	-2.000000	-2.998678	-2.018840	-2.339719	-2.397095
5.960	-2.000000	-2.000000	-2.000000	-2.000000	-2.998678	-2.035162	-2.339719	-2.397095
5.970	-2.000000	-2.000000	-2.000000	-2.000000	-2.998678	-2.018840	-2.322810	-2.067174
5.980	-2.000000	-2.000000	-2.000000	-2.000000	-2.998678	-2.018840	-2.322810	-2.415424
5.990	-2.000000	-2.000000	-2.000000	-2.000000	-2.719078	-2.035162	-2.339719	-2.415424
6.000	-2.000000	-2.000000	-2.000000	-2.000000	-2.719078	-2.035162	-2.339719	-2.415424
6.010	-2.000000	-2.000000	-2.000000	-2.000000	-2.998678	-2.035162	-2.322810	-2.067174
6.020	-2.000000	-2.000000	-2.000000	-2.000000	-2.998678	-2.035162	-2.339719	-2.048845
6.030	-2.000000	-2.000000	-2.000000	-2.000000	-2.998678	-2.035162	-2.339719	-2.415424
6.040	-2.000000	-2.000000	-2.000000	-2.000000	-2.998678	-1.708717	-2.339719	-2.067174
6.050	-2.000000	-2.000000	-2.000000	-2.000000	-2.998678	-2.018840	-2.356629	-2.048845
6.060	-2.000000	-2.000000	-2.000000	-2.000000	-2.703545	-2.018840	-2.339719	-2.067174
6.070	-2.000000	-2.000000	-2.000000	-2.000000	-2.998678	-2.018840	-2.322810	-2.067174
6.080	-2.000000	-2.000000	-2.000000	-2.000000	-2.998678	-2.018840	-2.322810	-2.085503
6.090	-2.000000	-2.000000	-2.000000	-2.000000	-2.998678	-2.035162	-2.339719	-2.048845
6.100	-2.000000	-2.000000	-2.000000	-2.000000	-2.998678	-2.018840	-2.322810	-2.048845
6.110	-2.000000	-2.000000	-2.000000	-2.000000	-2.998678	-2.018840	-2.322810	-2.397095
6.120	-2.000000	-2.000000	-2.000000	-2.000000	-2.998678	-2.018840	-2.322810	-2.397095
6.130	-2.000000	-2.000000	-2.000000	-2.000000	-2.998678	-1.692395	-2.305900	-2.067174
6.140	-2.000000	-2.000000	-2.000000	-2.000000	-2.998678	-2.035162	-2.339719	-2.397095
6.150	-2.000000	-2.000000	-2.000000	-2.000000	-2.998678	-2.018840	-2.322810	-2.067174
6.160	-2.000000	-2.000000	-2.000000	-2.000000	-2.998678	-2.035162	-2.644091	-2.067174
6.170	-2.000000	-2.000000	-2.000000	-2.000000	-2.998678	-2.018840	-2.339719	-2.085503
6.180	-2.000000	-2.000000	-2.000000	-2.000000	-2.703545	-2.002518	-2.339719	-2.397095
6.190	-2.000000	-2.000000	-2.000000	-2.000000	-2.998678	-2.018840	-2.322810	-2.397095
6.200	-2.000000	-2.000000	-2.000000	-2.000000	-2.703545	-1.708717	-2.339719	-2.415424
6.210	-2.000000	-2.000000	-2.000000	-2.000000	-2.998678	-2.018840	-2.322810	-2.085503
6.220	-2.000000	-2.000000	-2.000000	-2.000000	-2.998678	-2.018840	-2.339719	-2.067174
6.230	-2.000000	-2.000000	-2.000000	-2.000000	-3.014211	-2.035162	-2.018439	-2.067174
6.240	-2.000000	-2.000000	-2.000000	-2.000000	-2.998678	-2.018840	-2.322810	-2.048845
6.250	-2.000000	-2.000000	-2.000000	-2.000000	-2.998678	-2.035162	-2.339719	-2.397095
6.260	-2.000000	-2.000000	-2.000000	-2.000000	-2.998678	-2.035162	-2.322810	-2.415424
6.270	-2.000000	-2.000000	-2.000000	-2.000000	-2.998678	-2.018840	-2.644091	-2.415424
6.280	-2.000000	-2.000000	-2.000000	-2.000000	-2.998678	-2.018840	-2.339719	-2.048845
6.290	-2.000000	-2.000000	-2.000000	-2.000000	-2.998678	-2.035162	-2.339719	-2.397095
6.300	-2.000000	-2.000000	-2.000000	-2.000000	-2.983145	-2.018840	-2.018439	-2.397095
6.310	-2.000000	-2.000000	-2.000000	-2.000000	-2.998678	-1.708717	-2.322810	-2.397095
6.320	-2.000000	-2.000000	-2.000000	-2.000000	-2.983145	-2.018840	-2.322810	-2.048845
6.330	-2.000000	-2.000000	-2.000000	-2.000000	-2.998678	-2.035162	-2.322810	-2.067174
6.340	-2.000000	-2.000000	-2.000000	-2.000000	-2.998678	-1.692395	-2.305900	-2.067174
6.350	-2.000000	-2.000000	-2.000000	-2.000000	-2.983145	-2.018840	-2.339719	-2.378766
6.360	-2.000000	-2.000000	-2.000000	-2.000000	-2.998678	-2.018840	-2.322810	-2.048845
6.370	-2.000000	-2.000000	-2.000000	-2.000000	-2.998678	-2.018840	-2.339719	-2.397095
6.380	-2.000000	-2.000000	-2.000000	-2.000000	-2.998678	-2.018840	-2.322810	-2.415424
6.390	-2.000000	-2.000000	-2.000000	-2.000000	-2.998678	-2.035162	-2.018439	-2.067174
6.400	-2.000000	-2.000000	-2.000000	-2.000000	-2.983145	-2.018840	-2.339719	-2.378766
6.410	-2.000000	-2.000000	-2.000000	-2.000000	-2.703545	-2.035162	-2.339719	-2.067174
6.420	-2.000000	-2.000000	-2.000000	-2.000000	-2.998678	-2.018840	-2.322810	-2.415424
6.430	-2.000000	-2.000000	-2.000000	-2.000000	-2.983145	-2.002518	-2.339719	-2.433753
6.440	-2.000000	-2.000000	-2.000000	-2.000000	-2.998678	-2.018840	-2.339719	-2.415424
6.450	-2.000000	-2.000000	-2.000000	-2.000000	-2.703545	-2.018840	-2.322810	-2.397095
6.460	-2.000000	-2.000000	-2.000000	-2.000000	-2.998678	-2.018840	-2.627181	-2.067174
6.470	-2.000000	-2.000000	-2.000000	-2.000000	-2.998678	-2.018840	-2.001529	-2.415424
6.480	-2.000000	-2.000000	-2.000000	-2.000000	-2.998678	-2.018840	-2.322810	-2.397095
6.490	-2.000000	-2.000000	-2.000000	-2.000000	-2.998678	-2.035162	-2.322810	-2.415424
6.500	-2.000000	-2.000000	-2.000000	-2.000000	-2.983145	-2.018840	-2.339719	-2.397095
6.510	-2.000000	-2.000000	-2.000000	-2.000000	-2.998678	-2.018840	-2.339719	-2.415424
6.520	-2.000000	-2.000000	-2.000000	-2.000000	-2.998678	-2.002518	-2.322810	-2.067174
6.530	-2.000000	-2.000000	-2.000000	-2.000000	-2.998678	-2.018840	-2.322810	-2.415424
6.540	-2.000000	-2.000000	-2.000000	-2.000000	-2.998678	-2.018840	-2.035348	-2.067174
6.550	-2.000000	-2.000000	-2.000000	-2.000000	-2.998678	-2.018840	-2.339719	-2.067174
6.560	-2.000000	-2.000000	-2.000000	-2.000000	-2.998678	-2.018840	-2.339719	-2.067174
6.570	-2.000000	-2.000000	-2.000000	-2.000000	-2.983145	-2.018840	-2.322810	-2.415424
6.580	-2.000000	-2.000000	-2.000000	-2.000000	-2.998678	-2.018840	-2.339719	-2.397095
6.590	-2.000000	-2.000000	-2.000000	-2.000000	-2.983145	-2.018840	-2.322810	-2.085503
6.600	-2.000000	-2.000000	-2.000000	-2.000000	-2.983145	-2.018840	-2.322810	-2.067174
6.610	-2.000000	-2.000000	-2.000000	-2.000000	-2.983145	-2.018840	-2.339719	-2.067174
6.620	-2.000000	-2.000000	-2.000000	-2.000000	-2.998678	-2.035162	-2.339719	-2.085503
6.630	-2.000000	-2.000000	-2.000000	-2.000000	-2.998678	-2.018840	-2.339719	-2.067174
6.640	-2.000000	-2.000000	-2.000000	-2.000000	-2.983145	-2.018840	-2.661000	-2.415424
6.650	-2.000000	-2.000000	-2.000000	-2.000000	-2.998678	-2.018840	-2.356629	-2.067174
6.660	-2.000000	-2.000000	-2.000000	-2.000000	-2.998678	-2.018840	-2.644091	-2.067174
6.670	-2.000000	-2.000000	-2.000000	-2.000000	-2.983145	-2.035162	-2.644091	-2.067174
6.680	-2.000000	-2.000000	-2.000000	-2.000000	-2.998678	-2.035162	-2.339719	-2.067174
6.690	-2.000000	-2.000000	-2.000000	-2.000000	-2.983145	-2.018840	-2.339719	-2.067174
6.700	-2.000000	-2.000000	-2.000000	-2.000000	-2.983145	-2.035162	-2.322810	-2.085503
6.710	-2.000000	-2.000000	-2.000000	-2.000000	-2.998678	-2.018840	-2.322810	-2.415424
6.720	-2.000000	-2.000000	-2.000000	-2.000000	-2.983145	-2.018840	-2.339719	-2.085503
6.730	-2.000000	-2.000000	-2.000000	-2.000000	-3.014211	-2.018840	-2.339719	-2.433753
6.740	-2.000000	-2.000000	-2.000000	-2.000000	-2.998678	-2.035162	-2.322810	-2.415424
6.750	-2.000000	-2.000000	-2.000000	-2.000000	-3.014211	-2.018840	-2.322810	-2.397095
6.760	-2.000000	-2.000000	-2.000000	-2.000000	-2.998678	-2.002518	-2.322810	-2.415424
6.770	-2.000000	-2.000000	-2.000000	-2.000000	-2.998678	-2.018840	-2.339719	-2.067174
6.780	-2.000000	-2.000000	-2.000000	-2.000000	-3.014211	-2.018840	-2.339719	-2.415424
6.790	-2.000000	-2.000000	-2.000000	-2.000000	-2.998678	-2.018840	-2.322810	-2.415424
6.800	-2.000000	-2.000000	-2.000000	-2.000000	-3.014211	-2.018840	-2.339719	-2.085503
6.810	-2.000000	-2.000000	-2.000000	-2.000000	-2.998678	-2.035162	-2.322810	-2.397095
6.820	-2.000000	-2.000000	-2.000000	-2.000000	-2.998678	-2.018840	-2.339719	-2.085503
6.830	-2.000000	-2.000000	-2.000000	-2.000000	-3.014211	-2.018840	-2.339719	-2.067174
6.840	-2.000000	-2.000000	-2.000000	-2.000000	-2.998678	-2.035162	-2.339719	-2.067174
6.850	-2.000000	-2.000000	-2.000000	-2.000000	-2.998678	-2.018840	-2.339719	-2.067174
6.860	-2.000000	-2.000000	-2.000000	-2.000000	-3.014211	-2.018840	-2.339719	-2.067174
6.870	-2.000000	-2.000000	-2.000000	-2.000000	-2.998678	-2.018840	-2.356629	-2.067174
6.880	-2.000000	-2.000000	-2.000000	-2.000000	-2.998678	-2.018840	-2.644091	-2.085503
6.890	-2.000000	-2.000000	-2.000000	-2.000000	-2.998678	-2.035162	-2.035348	-2.397095
6.900	-2.000000	-2.000000	-2.000000	-2.000000	-2.998678	-2.018840	-2.322810	-2.433753
6.910	-2.000000	-2.000000	-2.000000	-2.000000	-2.998678	-2.035162	-2.322810	-2.067174
6.920	-2.000000	-2.000000	-2.000000	-2.000000	-2.998678	-2.018840	-2.322810	-2.415424
6.930	-2.000000	-2.000000	-2.000000	-2.000000	-2.983145	-2.018840	-2.322810	-2.085503
6.940	-2.000000	-2.000000	-2.000000	-2.000000	-2.998678	-2.002518	-2.322810	-2.433753
6.950	-2.000000	-2.000000	-2.000000	-2.000000	-2.998678	-2.035162	-2.322810	-2.415424
6.960	-2.000000	-2.000000	-2.000000	-2.000000	-2.998678	-2.035162	-2.339719	-2.433753
6.970	-2.000000	-2.000000	-2.000000	-2.000000	-2.998678	-1.708717	-2.339719	-2.067174
6.980	-2.000000	-2.000000	-2.000000	-2.000000	-2.998678	-2.018840	-2.339719	-2.067174
6.990	-2.000000	-2.000000	-2.000000	-2.000000	-2.998678	-2.035162	-2.322810	-2.415424
7.000	-2.000000	-2.000000	-2.000000	-2.000000	-2.998678	-2.018840	-2.322810	-2.085503
7.010	-2.000000	-2.000000	-2.000000	-2.000000	-3.014211	-2.035162	-2.322810	-2.415424
7.020	-2.000000	-2.000000	-2.000000	-2.000000	-2.703545	-2.035162	-2.339719	-2.415424
7.030	-2.000000	-2.000000	-2.000000	-2.000000	-2.998678	-2.018840	-2.322810	-2.415424
7.040	-2.000000	-2.000000	-2.000000	-2.000000	-2.998678	-2.002518	-2.322810	-2.085503
7.050	-2.000000	-2.000000	-2.000000	-2.000000	-2.998678	-2.018840	-2.322810	-2.067174
7.060	-2.000000	-2.000000	-2.000000	-2.000000	-2.998678	-2.035162	-2.322810	-2.415424
7.070	-2.000000	-2.000000	-2.000000	-2.000000	-2.998678	-2.018840	-2.322810	-2.067174
7.080	-2.000000	-2.000000	-2.000000	-2.000000	-2.998678	-2.018840	-2.339719	-2.397095
7.090	-2.000000	-2.000000	-2.000000	-2.000000	-2.998678	-2.051485	-2.339719	-2.067174
7.100	-2.000000	-2.000000	-2.000000	-2.000000	-2.998678	-2.035162	-2.339719	-2.415424
7.110	-2.000000	-2.000000	-2.000000	-2.000000	-3.014211	-2.018840	-2.322810	-2.085503
7.120	-2.000000	-2.000000	-2.000000	-2.000000	-3.014211	-2.035162	-2.339719	-2.067174
7.130	-2.000000	-2.000000	-2.000000	-2.000000	-2.998678	-2.018840	-2.322810	-2.415424
7.140	-2.000000	-2.000000	-2.000000	-2.000000	-2.998678	-2.018840	-2.322810	-2.085503
7.150	-2.000000	-2.000000	-2.000000	-2.000000	-3.014211	-2.018840	-2.322810	-2.415424
7.160	-2.000000	-2.000000	-2.000000	-2.000000	-2.998678	-2.018840	-2.322810	-2.415424
7.170	-2.000000	-2.000000	-2.000000	-2.000000	-2.998678	-2.035162	-2.322810	-2.067174
7.180	-2.000000	-2.000000	-2.000000	-2.000000	-2.703545	-2.018840	-2.305900	-2.067174
7.190	-2.000000	-2.000000	-2.000000	-2.000000	-3.014211	-2.018840	-2.322810	-2.415424
7.200	-2.000000	-2.000000	-2.000000	-2.000000	-3.014211	-2.035162	-2.339719	-2.085503
7.210	-2.000000	-2.000000	-2.000000	-2.000000	-2.998678	-2.018840	-2.322810	-2.397095
7.220	-2.000000	-2.000000	-2.000000	-2.000000	-2.998678	-2.002518	-2.322810	-2.067174
7.230	-2.000000	-2.000000	-2.000000	-2.000000	-2.998678	-2.035162	-2.339719	-2.397095
7.240	-2.000000	-2.000000	-2.000000	-2.000000	-2.998678	-2.018840	-2.322810	-2.415424
7.250	-2.000000	-2.000000	-2.000000	-2.000000	-2.983145	-2.018840	-2.322810	-2.067174
7.260	-2.000000	-2.000000	-2.000000	-2.000000	-2.998678	-2.018840	-2.322810	-2.067174
7.270	-2.000000	-2.000000	-2.000000	-2.000000	-2.998678	-2.018840	-2.339719	-2.397095
7.280	-2.000000	-2.000000	-2.000000	-2.000000	-2.703545	-2.018840	-2.322810	-2.415424
7.290	-2.000000	-2.000000	-2.000000	-2.000000	-3.014211	-2.035162	-2.018439	-2.085503
7.300	-2.000000	-2.000000	-2.000000	-2.000000	-2.998678	-2.035162	-2.322810	-2.415424
7.310	-2.000000	-2.000000	-2.000000	-2.000000	-2.998678	-2.018840	-2.322810	-2.067174
7.320	-2.000000	-2.000000	-2.000000	-2.000000	-2.998678	-2.035162	-2.322810	-2.433753
7.330	-2.000000	-2.000000	-2.000000	-2.000000	-2.998678	-2.002518	-2.322810	-2.415424
7.340	-2.000000	-2.000000	-2.000000	-2.000000	-2.998678	-2.018840	-2.322810	-2.415424
7.350	-2.000000	-2.000000	-2.000000	-2.000000	-2.998678	-2.035162	-2.018439	-2.085503
7.360	-2.000000	-2.000000	-2.000000	-2.000000	-2.703545	-2.035162	-2.322810	-2.085503
7.370	-2.000000	-2.000000	-2.000000	-2.000000	-2.998678	-2.002518	-2.322810	-2.067174
7.380	-2.000000	-2.000000	-2.000000	-2.000000	-2.983145	-2.018840	-2.339719	-2.415424
7.390	-2.000000	-2.000000	-2.000000	-2.000000	-2.998678	-2.018840	-2.339719	-2.415424
7.400	-2.000000	-2.000000	-2.000000	-2.000000	-2.998678	-2.018840	-2.339719	-2.067174
7.410	-2.000000	-2.000000	-2.000000	-2.000000	-2.998678	-2.035162	-2.339719	-2.433753
7.420	-2.000000	-2.000000	-2.000000	-2.000000	-2.998678	-2.018840	-2.322810	-2.397095
7.430	-2.000000	-2.000000	-2.000000	-2.000000	-2.998678	-2.018840	-2.339719	-2.415424
7.440	-2.000000	-2.000000	-2.000000	-2.000000	-2.703545	-2.018840	-2.339719	-2.067174
7.450	-2.000000	-2.000000	-2.000000	-2.000000	-3.014211	-2.002518	-2.322810	-2.415424
7.460	-2.000000	-2.000000	-2.000000	-2.000000	-2.983145	-2.035162	-2.339719	-2.433753
7.470	-2.000000	-2.000000	-2.000000	-2.000000	-2.998678	-2.018840	-2.339719	-2.415424
7.480	-2.000000	-2.000000	-2.000000	-2.000000	-2.998678	-2.018840	-2.339719	-2.067174
7.490	-2.000000	-2.000000	-2.000000	-2.000000	-2.998678	-2.035162	-2.339719	-2.415424
7.500	-2.000000	-2.000000	-2.000000	-2.000000	-2.719078	-2.035162	-2.322810	-2.397095
7.510	-2.000000	-2.000000	-2.000000	-2.000000	-2.719078	-2.018840	-2.322810	-2.067174
7.520	-2.000000	-2.000000	-2.000000	-2.000000	-2.998678	-2.018840	-2.035348	-2.067174
7.530	-2.000000	-2.000000	-2.000000	-2.000000	-2.998678	-2.018840	-2.339719	-2.067174
7.540	-2.000000	-2.000000	-2.000000	-2.000000	-2.998678	-2.018840	-2.322810	-2.048845
7.550	-2.000000	-2.000000	-2.000000	-2.000000	-3.014211	-2.018840	-2.322810	-2.397095
7.560	-2.000000	-2.000000	-2.000000	-2.000000	-3.029745	-2.018840	-2.339719	-2.397095
7.570	-2.000000	-2.000000	-2.000000	-2.000000	-3.014211	-2.018840	-2.339719	-2.048845
7.580	-2.000000	-2.000000	-2.000000	-2.000000	-2.998678	-2.018840	-2.322810	-2.415424
7.590	-2.000000	-2.000000	-2.000000	-2.000000	-2.998678	-2.018840	-2.322810	-2.048845
7.600	-2.000000	-2.000000	-2.000000	-2.000000	-2.719078	-2.018840	-2.339719	-2.415424
7.610	-2.000000	-2.000000	-2.000000	-2.000000	-3.014211	-2.018840	-2.322810	-2.415424
7.620	-2.000000	-2.000000	-2.000000	-2.000000	-3.014211	-2.018840	-2.322810	-2.085503
7.630	-2.000000	-2.000000	-2.000000	-2.000000	-2.719078	-2.035162	-2.322810	-2.067174
7.640	-2.000000	-2.000000	-2.000000	-2.000000	-3.014211	-2.035162	-2.322810	-2.067174
7.650	-2.000000	-2.000000	-2.000000	-2.000000	-2.998678	-2.018840	-2.322810	-2.415424
7.660	-2.000000	-2.000000	-2.000000	-2.000000	-3.014211	-2.002518	-2.322810	-2.397095
7.670	-2.000000	-2.000000	-2.000000	-2.000000	-2.998678	-2.018840	-2.322810	-2.085503
7.680	-2.000000	-2.000000	-2.000000	-2.000000	-2.998678	-2.035162	-2.339719	-2.415424
7.690	-2.000000	-2.000000	-2.000000	-2.000000	-3.014211	-2.018840	-2.322810	-2.415424
7.700	-2.000000	-2.000000	-2.000000	-2.000000	-3.014211	-2.018840	-2.339719	-2.085503
7.710	-2.000000	-2.000000	-2.000000	-2.000000	-3.014211	-2.018840	-2.339719	-2.067174
7.720	-2.000000	-2.000000	-2.000000	-2.000000	-3.014211	-2.035162	-2.339719	-2.067174
7.730	-2.000000	-2.000000	-2.000000	-2.000000	-2.998678	-2.018840	-2.339719	-2.085503
7.740	-2.000000	-2.000000	-2.000000	-2.000000	-2.719078	-2.018840	-2.339719	-2.415424
7.750	-2.000000	-2.000000	-2.000000	-2.000000	-2.998678	-2.018840	-2.339719	-2.067174
7.760	-2.000000	-2.000000	-2.000000	-2.000000	-3.014211	-2.035162	-2.322810	-2.415424
7.770	-2.000000	-2.000000	-2.000000	-2.000000	-2.998678	-2.018840	-2.322810	-2.085503
7.780	-2.000000	-2.000000	-2.000000	-2.000000	-3.014211	-2.018840	-2.339719	-2.397095
7.790	-2.000000	-2.000000	-2.000000	-2.000000	-2.998678	-2.002518	-2.322810	-2.415424
7.800	-2.000000	-2.000000	-2.000000	-2.000000	-2.998678	-2.018840	-2.322810	-2.415424
7.810	-2.000000	-2.000000	-2.000000	-2.000000	-2.998678	-2.018840	-2.339719	-2.397095
7.820	-2.000000	-2.000000	-2.000000	-2.000000	-3.014211	-1.725039	-2.339719	-2.067174
7.830	-2.000000	-2.000000	-2.000000	-2.000000	-2.719078	-2.018840	-2.322810	-2.415424
7.840	-2.000000	-2.000000	-2.000000	-2.000000	-3.014211	-2.018840	-2.339719	-2.067174
7.850	-2.000000	-2.000000	-2.000000	-2.000000	-3.014211	-2.002518	-2.339719	-2.067174
7.860	-2.000000	-2.000000	-2.000000	-2.000000	-3.014211	-2.018840	-2.322810	-2.397095
7.870	-2.000000	-2.000000	-2.000000	-2.000000	-2.998678	-2.035162	-2.322810	-2.415424
7.880	-2.000000	-2.000000	-2.000000	-2.000000	-2.998678	-2.018840	-2.339719	-2.397095
7.890	-2.000000	-2.000000	-2.000000	-2.000000	-3.014211	-2.018840	-2.339719	-2.397095
7.900	-2.000000	-2.000000	-2.000000	-2.000000	-2.998678	-2.018840	-2.322810	-2.048845
7.910	-2.000000	-2.000000	-2.000000	-2.000000	-2.998678	-2.018840	-2.322810	-2.085503
7.920	-2.000000	-2.000000	-2.000000	-2.000000	-2.998678	-2.035162	-2.322810	-2.048845
7.930	-2.000000	-2.000000	-2.000000	-2.000000	-2.703545	-2.002518	-2.339719	-2.067174
7.940	-2.000000	-2.000000	-2.000000	-2.000000	-2.998678	-2.018840	-2.339719	-2.397095
7.950	-2.000000	-2.000000	-2.000000	-2.000000	-2.998678	-2.002518	-2.322810	-2.415424
7.960	-2.000000	-2.000000	-2.000000	-2.000000	-2.998678	-2.018840	-2.322810	-2.415424
7.970	-2.000000	-2.000000	-2.000000	-2.000000	-3.014211	-2.035162	-2.322810	-2.415424
7.980	-2.000000	-2.000000	-2.000000	-2.000000	-3.014211	-2.018840	-2.322810	-2.085503
7.990	-2.000000	-2.000000	-2.000000	-2.000000	-2.719078	-2.002518	-2.305900	-2.067174
8.000	-2.000000	-2.000000	-2.000000	-2.000000	-2.998678	-2.018840	-2.339719	-2.067174
8.010	-2.000000	-2.000000	-2.000000	-2.000000	-3.014211	-2.018840	-2.627181	-2.415424
8.020	-2.000000	-2.000000	-2.000000	-2.000000	-3.014211	-2.002518	-2.322810	-2.415424
8.030	-2.000000	-2.000000	-2.000000	-2.000000	-3.014211	-2.018840	-2.322810	-2.415424
8.040	-2.000000	-2.000000	-2.000000	-2.000000	-3.014211	-2.018840	-2.322810	-2.048845
8.050	-2.000000	-2.000000	-2.000000	-2.000000	-2.998678	-2.002518	-2.322810	-2.048845
8.060	-2.000000	-2.000000	-2.000000	-2.000000	-3.014211	-2.018840	-2.339719	-2.067174
8.070	-2.000000	-2.000000	-2.000000	-2.000000	-2.998678	-2.018840	-2.322810	-2.397095
8.080	-2.000000	-2.000000	-2.000000	-2.000000	-2.998678	-2.018840	-2.322810	-2.397095
8.090	-2.000000	-2.000000	-2.000000	-2.000000	-3.014211	-2.018840	-2.322810	-2.067174
8.100	-2.000000	-2.000000	-2.000000	-2.000000	-2.719078	-2.035162	-2.305900	-2.067174
8.110	-2.000000	-2.000000	-2.000000	-2.000000	-2.998678	-2.035162	-2.322810	-2.067174
8.120	-2.000000	-2.000000	-2.000000	-2.000000	-2.998678	-2.018840	-2.322810	-2.067174
8.130	-2.000000	-2.000000	-2.000000	-2.000000	-2.998678	-2.018840	-2.322810	-2.397095
8.140	-2.000000	-2.000000	-2.000000	-2.000000	-2.998678	-2.018840	-2.322810	-2.067174
8.150	-2.000000	-2.000000	-2.000000	-2.000000	-2.983145	-2.018840	-2.339719	-2.415424
8.160	-2.000000	-2.000000	-2.000000	-2.000000	-2.719078	-2.018840	-2.322810	-2.415424
8.170	-2.000000	-2.000000	-2.000000	-2.000000	-3.014211	-2.002518	-2.322810	-2.085503
8.180	-2.000000	-2.000000	-2.000000	-2.000000	-2.998678	-2.018840	-2.322810	-2.397095
8.190	-2.000000	-2.000000	-2.000000	-2.000000	-2.998678	-2.035162	-2.322810	-2.067174
8.200	-2.000000	-2.000000	-2.000000	-2.000000	-3.014211	-2.035162	-2.322810	-2.067174
8.210	-2.000000	-2.000000	-2.000000	-2.000000	-3.014211	-2.018840	-2.322810	-2.067174
8.220	-2.000000	-2.000000	-2.000000	-2.000000	-3.014211	-2.018840	-2.322810	-2.048845
8.230	-2.000000	-2.000000	-2.000000	-2.000000	-2.998678	-2.018840	-2.305900	-2.397095
8.240	-2.000000	-2.000000	-2.000000	-2.000000	-3.014211	-2.018840	-2.322810	-2.030516
8.250	-2.000000	-2.000000	-2.000000	-2.000000	-2.703545	-2.018840	-2.035348	-2.067174
8.260	-2.000000	-2.000000	-2.000000	-2.000000	-2.998678	-2.018840	-2.627181	-2.397095
8.270	-2.000000	-2.000000	-2.000000	-2.000000	-2.703545	-2.018840	-2.305900	-2.067174
8.280	-2.000000	-2.000000	-2.000000	-2.000000	-2.998678	-2.018840	-2.305900	-2.067174
8.290	-2.000000	-2.000000	-2.000000	-2.000000	-2.998678	-2.018840	-2.322810	-2.397095
8.300	-2.000000	-2.000000	-2.000000	-2.000000	-2.998678	-2.002518	-2.322810	-2.067174
8.310	-2.000000	-2.000000	-2.000000	-2.000000	-2.998678	-2.018840	-2.322810	-2.433753
8.320	-2.000000	-2.000000	-2.000000	-2.000000	-2.998678	-2.018840	-2.322810	-2.067174
8.330	-2.000000	-2.000000	-2.000000	-2.000000	-2.998678	-2.035162	-2.305900	-2.415424
8.340	-2.000000	-2.000000	-2.000000	-2.000000	-2.998678	-2.035162	-2.305900	-2.397095
8.350	-2.000000	-2.000000	-2.000000	-2.000000	-2.998678	-2.018840	-2.305900	-2.085503
8.360	-2.000000	-2.000000	-2.000000	-2.000000	-2.998678	-2.018840	-2.305900	-2.397095
8.370	-2.000000	-2.000000	-2.000000	-2.000000	-3.014211	-2.018840	-2.305900	-2.397095
8.380	-2.000000	-2.000000	-2.000000	-2.000000	-2.983145	-2.018840	-2.305900	-2.067174
8.390	-2.000000	-2.000000	-2.000000	-2.000000	-2.998678	-2.018840	-2.322810	-2.415424
8.400	-2.000000	-2.000000	-2.000000	-2.000000	-2.998678	-2.018840	-2.644091	-2.397095
8.410	-2.000000	-2.000000	-2.000000	-2.000000	-3.014211	-2.018840	-2.322810	-2.048845
8.420	-2.000000	-2.000000	-2.000000	-2.000000	-2.998678	-2.002518	-2.322810	-2.397095
8.430	-2.000000	-2.000000	-2.000000	-2.000000	-2.998678	-2.002518	-2.322810	-2.067174
8.440	-2.000000	-2.000000	-2.000000	-2.000000	-3.014211	-2.002518	-2.305900	-2.067174
8.450	-2.000000	-2.000000	-2.000000	-2.000000	-2.998678	-2.002518	-2.322810	-2.067174
8.460	-2.000000	-2.000000	-2.000000	-2.000000	-2.998678	-2.002518	-2.322810	-2.397095
8.470	-2.000000	-2.000000	-2.000000	-2.000000	-2.998678	-2.018840	-2.322810	-2.378766
8.480	-2.000000	-2.000000	-2.000000	-2.000000	-3.293811	-2.018840	-2.322810	-2.067174
8.490	-2.000000	-2.000000	-2.000000	-2.000000	-2.998678	-1.986196	-2.627181	-2.415424
8.500	-2.000000	-2.000000	-2.000000	-2.000000	-3.014211	-2.002518	-2.627181	-2.067174
8.510	-2.000000	-2.000000	-2.000000	-2.000000	-2.998678	-2.002518	-2.322810	-2.067174
8.520	-2.000000	-2.000000	-2.000000	-2.000000	-2.703545	-2.002518	-2.627181	-2.067174
8.530	-2.000000	-2.000000	-2.000000	-2.000000	-2.998678	-2.035162	-2.322810	-2.067174
8.540	-2.000000	-2.000000	-2.000000	-2.000000	-2.998678	-2.018840	-2.305900	-2.085503
8.550	-2.000000	-2.000000	-2.000000	-2.000000	-3.014211	-2.035162	-2.322810	-2.415424
8.560	-2.000000	-2.000000	-2.000000	-2.000000	-2.998678	-2.018840	-2.305900	-2.415424
8.570	-2.000000	-2.000000	-2.000000	-2.000000	-2.998678	-2.035162	-2.322810	-2.397095
8.580	-2.000000	-2.000000	-2.000000	-2.000000	-3.014211	-2.018840	-2.322810	-2.048845
8.590	-2.000000	-2.000000	-2.000000	-2.000000	-2.998678	-2.018840	-2.305900	-2.067174
8.600	-2.000000	-2.000000	-2.000000	-2.000000	-2.998678	-2.018840	-2.322810	-2.415424
8.610	-2.000000	-2.000000	-2.000000	-2.000000	-2.703545	-2.018840	-2.322810	-2.067174
8.620	-2.000000	-2.000000	-2.000000	-2.000000	-2.998678	-2.002518	-2.322810	-2.415424
8.630	-2.000000	-2.000000	-2.000000	-2.000000	-2.998678	-2.018840	-2.322810	-2.415424
8.640	-2.000000	-2.000000	-2.000000	-2.000000	-2.998678	-2.018840	-2.322810	-2.415424
8.650	-2.000000	-2.000000	-2.000000	-2.000000	-2.998678	-2.018840	-2.322810	-2.067174
8.660	-2.000000	-2.000000	-2.000000	-2.000000	-2.998678	-2.035162	-2.305900	-2.415424
8.670	-2.000000	-2.000000	-2.000000	-2.000000	-2.998678	-2.018840	-2.322810	-2.048845
8.680	-2.000000	-2.000000	-2.000000	-2.000000	-2.998678	-2.018840	-2.322810	-2.048845
8.690	-2.000000	-2.000000	-2.000000	-2.000000	-2.703545	-2.018840	-2.322810	-2.397095
8.700	-2.000000	-2.000000	-2.000000	-2.000000	-2.983145	-2.018840	-2.322810	-2.397095
8.710	-2.000000	-2.000000	-2.000000	-2.000000	-2.998678	-2.018840	-2.305900	-2.048845
8.720	-2.000000	-2.000000	-2.000000	-2.000000	-2.688011	-2.018840	-2.322810	-2.067174
8.730	-2.000000	-2.000000	-2.000000	-2.000000	-2.998678	-2.018840	-2.305900	-2.415424
8.740	-2.000000	-2.000000	-2.000000	-2.000000	-2.998678	-2.018840	-2.322810	-2.415424
8.750	-2.000000	-2.000000	-2.000000	-2.000000	-3.014211	-2.035162	-2.305900	-2.397095
8.760	-2.000000	-2.000000	-2.000000	-2.000000	-2.719078	-2.035162	-2.322810	-2.067174
8.770	-2.000000	-2.000000	-2.000000	-2.000000	-2.983145	-2.002518	-2.322810	-2.397095
8.780	-2.000000	-2.000000	-2.000000	-2.000000	-3.014211	-2.002518	-2.322810	-2.048845
8.790	-2.000000	-2.000000	-2.000000	-2.000000	-2.703545	-2.018840	-2.305900	-2.378766
8.800	-2.000000	-2.000000	-2.000000	-2.000000	-3.014211	-2.002518	-2.322810	-2.067174
8.810	-2.000000	-2.000000	-2.000000	-2.000000	-2.719078	-2.018840	-2.305900	-2.067174
8.820	-2.000000	-2.000000	-2.000000	-2.000000	-3.014211	-2.018840	-2.305900	-2.067174
8.830	-2.000000	-2.000000	-2.000000	-2.000000	-3.014211	-2.018840	-2.305900	-2.048845
8.840	-2.000000	-2.000000	-2.000000	-2.000000	-3.014211	-2.018840	-2.305900	-2.397095
8.850	-2.000000	-2.000000	-2.000000	-2.000000	-3.014211	-2.018840	-2.322810	-2.067174
8.860	-2.000000	-2.000000	-2.000000	-2.000000	-3.014211	-2.018840	-2.305900	-2.067174
8.870	-2.000000	-2.000000	-2.000000	-2.000000	-3.014211	-2.018840	-2.305900	-2.067174
8.880	-2.000000	-2.000000	-2.000000	-2.000000	-2.998678	-2.002518	-2.322810	-2.433753
8.890	-2.000000	-2.000000	-2.000000	-2.000000	-2.998678	-2.018840	-2.322810	-2.415424
8.900	-2.000000	-2.000000	-2.000000	-2.000000	-2.998678	-1.708717	-2.322810	-2.067174
8.910	-2.000000	-2.000000	-2.000000	-2.000000	-3.014211	-2.018840	-2.322810	-2.067174
8.920	-2.000000	-2.000000	-2.000000	-2.000000	-2.998678	-2.018840	-2.322810	-2.067174
8.930	-2.000000	-2.000000	-2.000000	-2.000000	-2.998678	-2.035162	-2.322810	-2.433753
8.940	-2.000000	-2.000000	-2.000000	-2.000000	-2.998678	-2.018840	-2.322810	-2.067174
8.950	-2.000000	-2.000000	-2.000000	-2.000000	-2.998678	-2.018840	-2.322810	-2.067174
8.960	-2.000000	-2.000000	-2.000000	-2.000000	-3.014211	-2.002518	-2.339719	-2.067174
8.970	-2.000000	-2.000000	-2.000000	-2.000000	-2.998678	-2.018840	-2.322810	-2.397095
8.980	-2.000000	-2.000000	-2.000000	-2.000000	-2.998678	-2.018840	-2.305900	-2.415424
8.990	-2.000000	-2.000000	-2.000000	-2.000000	-2.998678	-2.035162	-2.305900	-2.415424
9.000	-2.000000	-2.000000	-2.000000	-2.000000	-2.998678	-2.018840	-2.001529	-2.085503
9.010	-2.000000	-2.000000	-2.000000	-2.000000	-2.998678	-2.018840	-2.644091	-2.415424
9.020	-2.000000	-2.000000	-2.000000	-2.000000	-2.719078	-2.018840	-2.018439	-2.415424
9.030	-2.000000	-2.000000	-2.000000	-2.000000	-2.998678	-2.018840	-2.339719	-2.067174
9.040	-2.000000	-2.000000	-2.000000	-2.000000	-2.703545	-2.018840	-2.322810	-2.048845
9.050	-2.000000	-2.000000	-2.000000	-2.000000	-2.998678	-2.018840	-2.322810	-2.048845
9.060	-2.000000	-2.000000	-2.000000	-2.000000	-2.998678	-2.018840	-2.322810	-2.415424
9.070	-2.000000	-2.000000	-2.000000	-2.000000	-2.998678	-2.018840	-2.305900	-2.397095
9.080	-2.000000	-2.000000	-2.000000	-2.000000	-2.719078	-2.018840	-2.322810	-2.085503
9.090	-2.000000	-2.000000	-2.000000	-2.000000	-2.703545	-2.018840	-2.322810	-2.397095
9.100	-2.000000	-2.000000	-2.000000	-2.000000	-2.998678	-2.018840	-2.322810	-2.415424
9.110	-2.000000	-2.000000	-2.000000	-2.000000	-3.014211	-2.018840	-2.305900	-2.397095
9.120	-2.000000	-2.000000	-2.000000	-2.000000	-2.998678	-2.018840	-2.322810	-2.048845
9.130	-2.000000	-2.000000	-2.000000	-2.000000	-2.998678	-2.018840	-2.322810	-2.397095
9.140	-2.000000	-2.000000	-2.000000	-2.000000	-2.703545	-2.002518	-2.018439	-2.397095
9.150	-2.000000	-2.000000	-2.000000	-2.000000	-2.998678	-2.018840	-2.322810	-2.378766
9.160	-2.000000	-2.000000	-2.000000	-2.000000	-2.998678	-2.018840	-2.018439	-2.397095
9.170	-2.000000	-2.000000	-2.000000	-2.000000	-2.998678	-2.002518	-2.322810	-2.397095
9.180	-2.000000	-2.000000	-2.000000	-2.000000	-2.998678	-2.018840	-2.322810	-2.397095
9.190	-2.000000	-2.000000	-2.000000	-2.000000	-2.998678	-2.002518	-2.322810	-2.397095
9.200	-2.000000	-2.000000	-2.000000	-2.000000	-2.998678	-2.018840	-2.305900	-2.397095
9.210	-2.000000	-2.000000	-2.000000	-2.000000	-3.014211	-2.018840	-2.322810	-2.378766
9.220	-2.000000	-2.000000	-2.000000	-2.000000	-2.998678	-2.002518	-2.339719	-2.415424
9.230	-2.000000	-2.000000	-2.000000	-2.000000	-2.998678	-2.018840	-2.339719	-2.067174
9.240	-2.000000	-2.000000	-2.000000	-2.000000	-2.983145	-2.018840	-2.322810	-2.048845
9.250	-2.000000	-2.000000	-2.000000	-2.000000	-3.014211	-2.018840	-2.322810	-2.397095
9.260	-2.000000	-2.000000	-2.000000	-2.000000	-2.998678	-2.018840	-2.305900	-2.397095
9.270	-2.000000	-2.000000	-2.000000	-2.000000	-2.998678	-1.708717	-2.305900	-2.397095
9.280	-2.000000	-2.000000	-2.000000	-2.000000	-2.719078	-2.018840	-2.305900	-2.067174
9.290	-2.000000	-2.000000	-2.000000	-2.000000	-2.703545	-2.002518	-2.322810	-2.415424
9.300	-2.000000	-2.000000	-2.000000	-2.000000	-2.998678	-2.018840	-2.322810	-2.397095
9.310	-2.000000	-2.000000	-2.000000	-2.000000	-2.998678	-2.018840	-2.322810	-2.397095
9.320	-2.000000	-2.000000	-2.000000	-2.000000	-2.998678	-2.018840	-2.322810	-2.397095
9.330	-2.000000	-2.000000	-2.000000	-2.000000	-2.998678	-2.018840	-2.322810	-2.085503
9.340	-2.000000	-2.000000	-2.000000	-2.000000	-2.998678	-2.002518	-2.322810	-2.378766
9.350	-2.000000	-2.000000	-2.000000	-2.000000	-2.998678	-2.018840	-2.322810	-2.067174
9.360	-2.000000	-2.000000	-2.000000	-2.000000	-2.983145	-2.002518	-2.322810	-2.067174
9.370	-2.000000	-2.000000	-2.000000	-2.000000	-2.998678	-2.018840	-2.339719	-2.067174
9.380	-2.000000	-2.000000	-2.000000	-2.000000	-2.998678	-2.035162	-2.339719	-2.085503
9.390	-2.000000	-2.000000	-2.000000	-2.000000	-2.998678	-1.708717	-2.322810	-2.067174
9.400	-2.000000	-2.000000	-2.000000	-2.000000	-3.014211	-2.018840	-2.339719	-2.067174
9.410	-2.000000	-2.000000	-2.000000	-2.000000	-3.014211	-2.018840	-2.305900	-2.397095
9.420	-2.000000	-2.000000	-2.000000	-2.000000	-2.998678	-2.002518	-2.322810	-2.415424
9.430	-2.000000	-2.000000	-2.000000	-2.000000	-3.014211	-2.018840	-2.322810	-2.067174
9.440	-2.000000	-2.000000	-2.000000	-2.000000	-2.719078	-2.018840	-2.322810	-2.415424
