Time(s)	Delta1C(deg)	Delta2C(deg)	Delta3C(deg)	Delta4C(deg)	Delta1(deg)	Delta2(deg)	Delta3(deg)	Delta4(deg)
0.000	0.000000	0.000000	0.000000	0.000000	-1.588780	-0.243532	0.158931	-0.201911
0.010	0.000000	0.000000	0.000000	0.000000	-1.588780	-0.243532	0.158931	-0.201911
0.020	0.000000	0.000000	0.000000	0.000000	-15.270016	-14.978729	-14.734395	-15.703910
0.030	0.000000	0.000000	0.000000	0.000000	-14.974882	-14.668606	-14.717485	-15.703910
0.040	0.000000	0.000000	0.000000	0.000000	-13.530282	-13.738236	-13.787462	-14.677489
0.050	0.000000	0.000000	0.000000	0.000000	-12.054615	-12.203942	-12.248696	-12.294726
0.060	0.000000	0.000000	0.000000	0.000000	-10.578947	-10.653325	-10.388649	-10.590134
0.070	0.000000	0.000000	0.000000	0.000000	-8.528547	-8.498785	-8.224231	-8.225700
0.080	0.000000	0.000000	0.000000	0.000000	-6.493679	-6.638045	-6.059813	-5.476358
0.090	0.000000	0.000000	0.000000	0.000000	-4.458812	-4.483504	-3.895395	-3.423516
0.100	0.000000	0.000000	0.000000	0.000000	-2.408411	-2.622764	-1.730977	-1.040753
0.110	0.000000	0.000000	0.000000	0.000000	-1.538544	-0.794669	-0.158392	0.645510
0.120	0.000000	0.000000	0.000000	0.000000	-1.243411	0.772269	0.162889	0.663839
0.130	0.000000	0.000000	0.000000	0.000000	-1.227877	1.996440	0.145979	0.645510
0.140	0.000000	0.000000	0.000000	0.000000	-1.243411	2.910488	0.145979	0.645510
0.150	0.000000	0.000000	0.000000	0.000000	-1.243411	3.547057	-0.141482	0.663839
0.160	0.000000	0.000000	0.000000	0.000000	-1.243411	2.926810	0.145979	0.315589
0.170	0.000000	0.000000	0.000000	0.000000	-1.243411	1.996440	-0.175301	0.315589
0.180	0.000000	0.000000	0.000000	0.000000	-1.227877	1.082393	-0.158392	0.315589
0.190	0.000000	0.000000	0.000000	0.000000	-0.932744	0.152023	-0.158392	0.315589
0.200	0.000000	0.000000	0.000000	0.000000	-0.948277	-0.158100	0.145979	-0.032661
0.210	0.000000	0.000000	0.000000	0.000000	-0.932744	-0.468224	-0.158392	0.315589
0.220	0.000000	0.000000	0.000000	0.000000	-0.932744	-0.484546	0.145979	-0.032661
0.230	0.000000	0.000000	0.000000	0.000000	-0.948277	-0.174423	-0.158392	-0.032661
0.240	0.000000	0.000000	0.000000	0.000000	-0.948277	-0.174423	-0.158392	0.315589
0.250	0.000000	0.000000	0.000000	0.000000	-1.243411	-0.174423	0.162889	0.315589
0.260	0.000000	0.000000	0.000000	0.000000	-1.227877	-0.158100	-0.158392	-0.032661
0.270	0.000000	0.000000	0.000000	0.000000	-0.948277	-0.158100	0.145979	-0.014332
0.280	0.000000	0.000000	0.000000	0.000000	-1.243411	-0.484546	0.145979	0.315589
0.290	0.000000	0.000000	0.000000	0.000000	-1.243411	-0.174423	-0.158392	0.315589
0.300	0.000000	0.000000	0.000000	0.000000	-1.243411	-0.174423	0.162889	-0.014332
0.310	0.000000	0.000000	0.000000	0.000000	-1.243411	-0.174423	-0.175301	-0.032661
0.320	0.000000	0.000000	0.000000	0.000000	-1.243411	-0.158100	-0.175301	0.297260
0.330	0.000000	0.000000	0.000000	0.000000	-1.243411	-0.174423	-0.158392	-0.032661
0.340	0.000000	0.000000	0.000000	0.000000	-0.948277	-0.174423	0.145979	-0.014332
0.350	0.000000	0.000000	0.000000	0.000000	-1.243411	-0.174423	0.162889	0.333918
0.360	0.000000	0.000000	0.000000	0.000000	-1.243411	-0.174423	-0.158392	0.333918
0.370	0.000000	0.000000	0.000000	0.000000	-0.948277	-0.158100	-0.158392	0.315589
0.380	0.000000	0.000000	0.000000	0.000000	-0.948277	-0.174423	0.162889	-0.032661
0.390	0.000000	0.000000	0.000000	0.000000	-0.948277	-0.174423	-0.175301	-0.032661
0.400	0.000000	0.000000	0.000000	0.000000	-0.948277	-0.158100	0.145979	-0.032661
0.410	0.000000	0.000000	0.000000	0.000000	-1.243411	-0.174423	-0.141482	-0.050990
0.420	0.000000	0.000000	0.000000	0.000000	-1.227877	-0.158100	0.145979	-0.050990
0.430	0.000000	0.000000	0.000000	0.000000	-1.243411	-0.174423	-0.158392	-0.032661
0.440	0.000000	0.000000	0.000000	0.000000	-0.932744	-0.158100	-0.158392	-0.014332
0.450	0.000000	0.000000	0.000000	0.000000	-1.243411	-0.174423	0.162889	-0.032661
0.460	0.000000	0.000000	0.000000	0.000000	-0.932744	-0.158100	0.145979	0.315589
0.470	0.000000	0.000000	0.000000	0.000000	-0.948277	-0.174423	-0.141482	0.315589
0.480	0.000000	0.000000	0.000000	0.000000	-1.227877	-0.174423	-0.158392	-0.050990
0.490	0.000000	0.000000	0.000000	0.000000	-1.243411	-0.158100	0.162889	0.297260
0.500	0.000000	0.000000	0.000000	0.000000	-0.948277	-0.174423	-0.158392	0.297260
0.510	0.000000	0.000000	0.000000	0.000000	-1.243411	0.135701	-0.158392	-0.032661
0.520	0.000000	0.000000	0.000000	0.000000	-1.243411	-0.158100	-0.158392	-0.032661
0.530	0.000000	0.000000	0.000000	0.000000	-1.227877	-0.158100	0.145979	0.315589
0.540	0.000000	0.000000	0.000000	0.000000	-0.948277	-0.174423	-0.175301	-0.014332
0.550	0.000000	0.000000	0.000000	0.000000	-1.243411	-0.174423	-0.158392	-0.032661
0.560	0.000000	0.000000	0.000000	0.000000	-0.932744	-0.158100	0.145979	-0.032661
0.570	0.000000	0.000000	0.000000	0.000000	-0.948277	-0.174423	-0.158392	-0.032661
0.580	0.000000	0.000000	0.000000	0.000000	-0.948277	-0.158100	0.162889	0.297260
0.590	0.000000	0.000000	0.000000	0.000000	-0.932744	-0.158100	-0.158392	-0.032661
0.600	0.000000	0.000000	0.000000	0.000000	-0.948277	-0.174423	0.162889	0.297260
0.610	0.000000	0.000000	0.000000	0.000000	-0.948277	-0.158100	0.145979	0.315589
0.620	0.000000	0.000000	0.000000	0.000000	-1.227877	-0.158100	0.145979	-0.032661
0.630	0.000000	0.000000	0.000000	0.000000	-0.948277	-0.158100	-0.158392	0.297260
0.640	0.000000	0.000000	0.000000	0.000000	-1.243411	-0.158100	-0.158392	0.315589
0.650	0.000000	0.000000	0.000000	0.000000	-1.243411	-0.174423	0.145979	-0.032661
0.660	0.000000	0.000000	0.000000	0.000000	-0.948277	-0.158100	-0.158392	-0.032661
0.670	0.000000	0.000000	0.000000	0.000000	-1.243411	-0.158100	0.162889	0.315589
0.680	0.000000	0.000000	0.000000	0.000000	-1.227877	-0.484546	-0.158392	0.297260
0.690	0.000000	0.000000	0.000000	0.000000	-1.243411	-0.158100	0.145979	-0.032661
0.700	0.000000	0.000000	0.000000	0.000000	-0.948277	-0.174423	-0.175301	-0.014332
0.710	0.000000	0.000000	0.000000	0.000000	-1.243411	-0.158100	0.145979	0.315589
0.720	0.000000	0.000000	0.000000	0.000000	-0.948277	-0.158100	0.162889	-0.032661
0.730	0.000000	0.000000	0.000000	0.000000	-0.948277	-0.174423	-0.158392	0.315589
0.740	0.000000	0.000000	0.000000	0.000000	-1.258944	-0.174423	0.145979	0.315589
0.750	0.000000	0.000000	0.000000	0.000000	-1.243411	-0.174423	-0.158392	0.315589
0.760	0.000000	0.000000	0.000000	0.000000	-1.243411	-0.174423	-0.141482	-0.032661
0.770	0.000000	0.000000	0.000000	0.000000	-1.243411	-0.174423	0.162889	0.315589
0.780	0.000000	0.000000	0.000000	0.000000	-0.932744	-0.174423	0.145979	0.315589
0.790	0.000000	0.000000	0.000000	0.000000	-1.243411	0.152023	0.145979	0.315589
0.800	0.000000	0.000000	0.000000	0.000000	-0.948277	-0.174423	0.145979	-0.032661
0.810	0.000000	0.000000	0.000000	0.000000	-1.243411	-0.190745	-0.158392	0.315589
0.820	0.000000	0.000000	0.000000	0.000000	-0.948277	-0.158100	0.162889	-0.032661
0.830	0.000000	0.000000	0.000000	0.000000	-1.227877	-0.174423	-0.158392	-0.032661
0.840	0.000000	0.000000	0.000000	0.000000	-1.243411	-0.158100	-0.141482	0.297260
0.850	0.000000	0.000000	0.000000	0.000000	-1.227877	-0.158100	-0.158392	0.297260
0.860	0.000000	0.000000	0.000000	0.000000	-0.932744	-0.158100	-0.175301	-0.032661
0.870	0.000000	0.000000	0.000000	0.000000	-1.227877	-0.158100	-0.158392	0.297260
0.880	0.000000	0.000000	0.000000	0.000000	-1.243411	-0.158100	-0.158392	-0.032661
0.890	0.000000	0.000000	0.000000	0.000000	-1.243411	-0.174423	-0.158392	0.315589
0.900	0.000000	0.000000	0.000000	0.000000	-1.243411	-0.174423	-0.158392	-0.032661
0.910	0.000000	0.000000	0.000000	0.000000	-0.948277	0.152023	0.129070	-0.032661
0.920	0.000000	0.000000	0.000000	0.000000	-1.243411	-0.174423	0.162889	0.315589
0.930	0.000000	0.000000	0.000000	0.000000	-1.243411	-0.158100	0.162889	-0.014332
0.940	0.000000	0.000000	0.000000	0.000000	-1.243411	-0.174423	-0.158392	0.315589
0.950	0.000000	0.000000	0.000000	0.000000	-0.948277	-0.174423	0.145979	0.315589
0.960	0.000000	0.000000	0.000000	0.000000	-0.948277	-0.174423	0.145979	-0.014332
0.970	0.000000	0.000000	0.000000	0.000000	-0.948277	-0.174423	0.145979	-0.014332
0.980	0.000000	0.000000	0.000000	0.000000	-1.243411	-0.174423	0.145979	0.333918
0.990	0.000000	0.000000	0.000000	0.000000	-0.932744	-0.158100	-0.158392	0.297260
1.000	0.000000	0.000000	0.000000	0.000000	-1.243411	-0.174423	0.145979	0.297260
1.010	1.000000	1.000000	1.000000	1.000000	-1.227877	-0.158100	-0.158392	0.333918
1.020	1.000000	1.000000	1.000000	1.000000	-0.948277	-0.158100	0.145979	0.315589
1.030	1.000000	1.000000	1.000000	1.000000	-0.948277	-0.174423	0.145979	0.315589
1.040	1.000000	1.000000	1.000000	1.000000	-1.227877	-0.174423	-0.158392	-0.032661
1.050	1.000000	1.000000	1.000000	1.000000	-0.932744	-0.158100	0.129070	0.315589
1.060	1.000000	1.000000	1.000000	1.000000	-0.668677	0.462146	0.145979	0.315589
1.070	1.000000	1.000000	1.000000	1.000000	-0.668677	0.462146	0.467260	0.333918
1.080	1.000000	1.000000	1.000000	1.000000	-0.358010	0.462146	0.467260	1.012089
1.090	1.000000	1.000000	1.000000	1.000000	-0.653144	0.772269	0.467260	0.993760
1.100	1.000000	1.000000	1.000000	1.000000	-0.668677	0.755947	0.467260	1.030418
1.110	1.000000	1.000000	1.000000	1.000000	-0.078410	0.755947	0.771632	0.993760
1.120	1.000000	1.000000	1.000000	1.000000	-0.358010	0.755947	0.467260	0.975431
1.130	1.000000	1.000000	1.000000	1.000000	-0.358010	0.772269	0.467260	0.975431
1.140	1.000000	1.000000	1.000000	1.000000	-0.373544	0.772269	0.467260	1.342010
1.150	1.000000	1.000000	1.000000	1.000000	-0.358010	1.066070	0.467260	0.993760
1.160	1.000000	1.000000	1.000000	1.000000	-0.358010	0.772269	0.771632	1.012089
1.170	1.000000	1.000000	1.000000	1.000000	-0.358010	0.755947	0.771632	0.993760
1.180	1.000000	1.000000	1.000000	1.000000	-0.358010	0.755947	0.771632	0.993760
1.190	1.000000	1.000000	1.000000	1.000000	-0.373544	0.772269	0.467260	0.975431
1.200	1.000000	1.000000	1.000000	1.000000	-0.342477	0.755947	0.450351	1.012089
1.210	1.000000	1.000000	1.000000	1.000000	-0.358010	0.772269	0.771632	0.993760
1.220	1.000000	1.000000	1.000000	1.000000	-0.078410	0.755947	0.771632	1.012089
1.230	1.000000	1.000000	1.000000	1.000000	-0.358010	1.066070	0.771632	0.993760
1.240	1.000000	1.000000	1.000000	1.000000	-0.358010	0.755947	0.771632	1.012089
1.250	1.000000	1.000000	1.000000	1.000000	-0.373544	1.082393	0.754722	0.993760
1.260	1.000000	1.000000	1.000000	1.000000	-0.373544	1.082393	0.771632	1.012089
1.270	1.000000	1.000000	1.000000	1.000000	-0.358010	0.772269	0.754722	0.993760
1.280	1.000000	1.000000	1.000000	1.000000	-0.358010	0.772269	0.771632	0.993760
1.290	1.000000	1.000000	1.000000	1.000000	-0.358010	0.755947	0.467260	0.975431
1.300	1.000000	1.000000	1.000000	1.000000	-0.358010	0.772269	0.450351	0.993760
1.310	1.000000	1.000000	1.000000	1.000000	-0.373544	0.755947	0.467260	0.993760
1.320	1.000000	1.000000	1.000000	1.000000	-0.373544	0.755947	0.771632	0.993760
1.330	1.000000	1.000000	1.000000	1.000000	-0.373544	0.772269	0.771632	1.342010
1.340	1.000000	1.000000	1.000000	1.000000	-0.373544	0.755947	0.450351	1.012089
1.350	1.000000	1.000000	1.000000	1.000000	-0.358010	1.082393	0.450351	0.993760
1.360	1.000000	1.000000	1.000000	1.000000	-0.358010	0.772269	0.754722	0.993760
1.370	1.000000	1.000000	1.000000	1.000000	-0.358010	0.755947	0.450351	0.993760
1.380	1.000000	1.000000	1.000000	1.000000	-0.358010	1.066070	0.771632	0.993760
1.390	1.000000	1.000000	1.000000	1.000000	-0.373544	0.755947	0.771632	0.993760
1.400	1.000000	1.000000	1.000000	1.000000	-0.373544	1.082393	0.450351	0.993760
1.410	1.000000	1.000000	1.000000	1.000000	-0.373544	0.772269	0.450351	1.012089
1.420	1.000000	1.000000	1.000000	1.000000	-0.358010	0.755947	0.467260	0.993760
1.430	1.000000	1.000000	1.000000	1.000000	-0.389077	0.772269	0.467260	0.993760
1.440	1.000000	1.000000	1.000000	1.000000	-0.373544	0.772269	0.467260	0.993760
1.450	1.000000	1.000000	1.000000	1.000000	-0.358010	0.755947	0.754722	1.012089
1.460	1.000000	1.000000	1.000000	1.000000	-0.358010	1.066070	0.467260	0.975431
1.470	1.000000	1.000000	1.000000	1.000000	-0.373544	0.755947	0.771632	0.993760
1.480	1.000000	1.000000	1.000000	1.000000	-0.358010	0.772269	0.771632	1.012089
1.490	1.000000	1.000000	1.000000	1.000000	-0.373544	1.066070	0.450351	0.993760
1.500	1.000000	1.000000	1.000000	1.000000	-0.358010	0.755947	0.450351	0.993760
1.510	1.000000	1.000000	1.000000	1.000000	-0.358010	0.772269	0.467260	0.993760
1.520	1.000000	1.000000	1.000000	1.000000	-0.358010	0.755947	0.771632	0.993760
1.530	1.000000	1.000000	1.000000	1.000000	-0.358010	1.066070	0.788541	1.012089
1.540	1.000000	1.000000	1.000000	1.000000	-0.358010	0.772269	0.788541	0.993760
1.550	1.000000	1.000000	1.000000	1.000000	-0.373544	1.082393	0.484170	0.993760
1.560	1.000000	1.000000	1.000000	1.000000	-0.358010	0.739625	0.771632	0.993760
1.570	1.000000	1.000000	1.000000	1.000000	-0.358010	0.772269	0.467260	0.975431
1.580	1.000000	1.000000	1.000000	1.000000	-0.373544	1.066070	0.788541	0.993760
1.590	1.000000	1.000000	1.000000	1.000000	-0.358010	1.066070	0.467260	0.975431
1.600	1.000000	1.000000	1.000000	1.000000	-0.373544	0.772269	0.467260	0.993760
1.610	1.000000	1.000000	1.000000	1.000000	-0.358010	0.755947	0.771632	1.012089
1.620	1.000000	1.000000	1.000000	1.000000	-0.373544	1.082393	0.771632	0.993760
1.630	1.000000	1.000000	1.000000	1.000000	-0.358010	0.772269	0.467260	0.993760
1.640	1.000000	1.000000	1.000000	1.000000	-0.078410	0.755947	0.467260	0.975431
1.650	1.000000	1.000000	1.000000	1.000000	-0.358010	0.739625	0.484170	0.993760
1.660	1.000000	1.000000	1.000000	1.000000	-0.653144	0.755947	0.467260	0.975431
1.670	1.000000	1.000000	1.000000	1.000000	-0.358010	0.755947	0.467260	0.993760
1.680	1.000000	1.000000	1.000000	1.000000	-0.358010	0.772269	0.467260	0.993760
1.690	1.000000	1.000000	1.000000	1.000000	-0.373544	0.772269	0.788541	0.993760
1.700	1.000000	1.000000	1.000000	1.000000	-0.373544	0.755947	0.467260	0.993760
1.710	1.000000	1.000000	1.000000	1.000000	-0.358010	0.755947	0.771632	0.975431
1.720	1.000000	1.000000	1.000000	1.000000	-0.358010	1.049748	0.484170	1.012089
1.730	1.000000	1.000000	1.000000	1.000000	-0.358010	0.772269	0.771632	1.342010
1.740	1.000000	1.000000	1.000000	1.000000	-0.373544	0.772269	0.467260	0.993760
1.750	1.000000	1.000000	1.000000	1.000000	-0.373544	0.755947	0.771632	0.993760
1.760	1.000000	1.000000	1.000000	1.000000	-0.373544	0.755947	0.484170	0.993760
1.770	1.000000	1.000000	1.000000	1.000000	-0.373544	1.066070	0.788541	0.993760
1.780	1.000000	1.000000	1.000000	1.000000	-0.373544	0.755947	0.771632	0.975431
1.790	1.000000	1.000000	1.000000	1.000000	-0.373544	0.755947	0.467260	0.975431
1.800	1.000000	1.000000	1.000000	1.000000	-0.358010	0.755947	0.771632	0.993760
1.810	1.000000	1.000000	1.000000	1.000000	-0.358010	0.755947	0.788541	0.993760
1.820	1.000000	1.000000	1.000000	1.000000	-0.358010	0.772269	0.771632	0.975431
1.830	1.000000	1.000000	1.000000	1.000000	-0.358010	0.772269	0.788541	0.993760
1.840	1.000000	1.000000	1.000000	1.000000	-0.358010	0.772269	0.788541	0.993760
1.850	1.000000	1.000000	1.000000	1.000000	-0.358010	0.755947	0.450351	0.993760
1.860	1.000000	1.000000	1.000000	1.000000	-0.358010	0.772269	0.788541	0.975431
1.870	1.000000	1.000000	1.000000	1.000000	-0.358010	1.082393	0.771632	0.975431
1.880	1.000000	1.000000	1.000000	1.000000	-0.358010	0.772269	0.771632	0.993760
1.890	1.000000	1.000000	1.000000	1.000000	-0.358010	0.772269	0.771632	0.993760
1.900	1.000000	1.000000	1.000000	1.000000	-0.373544	0.755947	0.788541	0.993760
1.910	1.000000	1.000000	1.000000	1.000000	-0.358010	0.772269	0.771632	1.012089
1.920	1.000000	1.000000	1.000000	1.000000	-0.358010	0.755947	0.484170	0.975431
1.930	1.000000	1.000000	1.000000	1.000000	-0.358010	0.755947	0.788541	0.993760
1.940	1.000000	1.000000	1.000000	1.000000	-0.358010	0.755947	0.771632	0.975431
1.950	1.000000	1.000000	1.000000	1.000000	-0.358010	1.082393	0.467260	1.012089
1.960	1.000000	1.000000	1.000000	1.000000	-0.373544	0.755947	0.467260	0.975431
1.970	1.000000	1.000000	1.000000	1.000000	-0.373544	0.772269	0.771632	0.993760
1.980	1.000000	1.000000	1.000000	1.000000	-0.358010	0.755947	0.484170	0.975431
1.990	1.000000	1.000000	1.000000	1.000000	-0.373544	0.739625	0.788541	0.993760
2.000	1.000000	1.000000	1.000000	1.000000	-0.078410	0.755947	0.467260	0.975431
2.010	1.000000	1.000000	1.000000	1.000000	-0.358010	0.755947	0.467260	0.993760
2.020	1.000000	1.000000	1.000000	1.000000	-0.373544	0.755947	0.450351	0.975431
2.030	1.000000	1.000000	1.000000	1.000000	-0.373544	0.755947	0.771632	0.993760
2.040	1.000000	1.000000	1.000000	1.000000	-0.373544	0.772269	0.450351	0.993760
2.050	1.000000	1.000000	1.000000	1.000000	-0.358010	0.772269	0.467260	0.975431
2.060	1.000000	1.000000	1.000000	1.000000	-0.373544	0.755947	0.754722	0.975431
2.070	1.000000	1.000000	1.000000	1.000000	-0.373544	0.755947	0.771632	0.975431
2.080	1.000000	1.000000	1.000000	1.000000	-0.062877	1.082393	0.771632	0.975431
2.090	1.000000	1.000000	1.000000	1.000000	-0.373544	1.082393	0.467260	0.993760
2.100	1.000000	1.000000	1.000000	1.000000	-0.373544	0.772269	0.771632	0.993760
2.110	1.000000	1.000000	1.000000	1.000000	-0.358010	0.772269	0.467260	0.975431
2.120	1.000000	1.000000	1.000000	1.000000	-0.358010	1.082393	0.467260	0.993760
2.130	1.000000	1.000000	1.000000	1.000000	-0.358010	0.755947	0.788541	0.975431
2.140	1.000000	1.000000	1.000000	1.000000	-0.358010	0.772269	0.467260	0.993760
2.150	1.000000	1.000000	1.000000	1.000000	-0.389077	0.755947	0.771632	0.975431
2.160	1.000000	1.000000	1.000000	1.000000	-0.358010	0.755947	0.467260	0.993760
2.170	1.000000	1.000000	1.000000	1.000000	-0.358010	0.772269	0.771632	0.993760
2.180	1.000000	1.000000	1.000000	1.000000	-0.358010	0.772269	0.467260	0.975431
2.190	1.000000	1.000000	1.000000	1.000000	-0.358010	0.755947	0.771632	0.975431
2.200	1.000000	1.000000	1.000000	1.000000	-0.373544	0.755947	0.771632	0.975431
2.210	1.000000	1.000000	1.000000	1.000000	-0.373544	0.772269	0.771632	0.975431
2.220	1.000000	1.000000	1.000000	1.000000	-0.373544	0.772269	0.771632	0.993760
2.230	1.000000	1.000000	1.000000	1.000000	-0.373544	0.772269	0.450351	0.993760
2.240	1.000000	1.000000	1.000000	1.000000	-0.373544	0.772269	0.754722	0.993760
2.250	1.000000	1.000000	1.000000	1.000000	-0.358010	0.739625	0.450351	0.975431
2.260	1.000000	1.000000	1.000000	1.000000	-0.373544	0.772269	0.501079	0.975431
2.270	1.000000	1.000000	1.000000	1.000000	-0.373544	0.755947	0.771632	0.975431
2.280	1.000000	1.000000	1.000000	1.000000	-0.358010	0.772269	0.450351	0.975431
2.290	1.000000	1.000000	1.000000	1.000000	-0.358010	1.066070	0.450351	0.975431
2.300	1.000000	1.000000	1.000000	1.000000	-0.373544	0.772269	0.467260	0.975431
2.310	1.000000	1.000000	1.000000	1.000000	-0.373544	0.772269	0.467260	0.993760
2.320	1.000000	1.000000	1.000000	1.000000	-0.358010	0.755947	0.771632	0.975431
2.330	1.000000	1.000000	1.000000	1.000000	-0.358010	0.772269	0.771632	0.993760
2.340	1.000000	1.000000	1.000000	1.000000	-0.373544	0.755947	0.771632	0.993760
2.350	1.000000	1.000000	1.000000	1.000000	-0.373544	0.755947	0.771632	0.975431
2.360	1.000000	1.000000	1.000000	1.000000	-0.373544	0.755947	0.771632	0.975431
2.370	1.000000	1.000000	1.000000	1.000000	-0.373544	0.772269	0.467260	0.993760
2.380	1.000000	1.000000	1.000000	1.000000	-0.358010	1.066070	0.771632	0.993760
2.390	1.000000	1.000000	1.000000	1.000000	-0.358010	1.082393	0.771632	0.993760
2.400	1.000000	1.000000	1.000000	1.000000	-0.653144	0.772269	0.754722	0.975431
2.410	1.000000	1.000000	1.000000	1.000000	-0.373544	0.772269	0.771632	0.993760
2.420	1.000000	1.000000	1.000000	1.000000	-0.358010	1.066070	0.467260	0.993760
2.430	1.000000	1.000000	1.000000	1.000000	-0.358010	0.772269	0.771632	0.993760
2.440	1.000000	1.000000	1.000000	1.000000	-0.358010	1.082393	0.484170	0.975431
2.450	1.000000	1.000000	1.000000	1.000000	-0.373544	1.082393	0.788541	0.975431
2.460	1.000000	1.000000	1.000000	1.000000	-0.358010	0.739625	0.450351	1.012089
2.470	1.000000	1.000000	1.000000	1.000000	-0.358010	0.755947	0.450351	0.993760
2.480	1.000000	1.000000	1.000000	1.000000	-0.358010	0.772269	0.771632	0.975431
2.490	1.000000	1.000000	1.000000	1.000000	-0.358010	0.755947	0.484170	0.993760
2.500	1.000000	1.000000	1.000000	1.000000	-0.358010	0.772269	0.771632	0.975431
2.510	1.000000	1.000000	1.000000	1.000000	-0.358010	1.049748	0.450351	0.975431
2.520	1.000000	1.000000	1.000000	1.000000	-0.358010	1.082393	0.450351	0.993760
2.530	1.000000	1.000000	1.000000	1.000000	-0.373544	0.772269	0.467260	0.993760
2.540	1.000000	1.000000	1.000000	1.000000	-0.373544	0.755947	0.771632	0.993760
2.550	1.000000	1.000000	1.000000	1.000000	-0.358010	0.772269	0.771632	1.342010
2.560	1.000000	1.000000	1.000000	1.000000	-0.358010	0.755947	0.771632	0.993760
2.570	1.000000	1.000000	1.000000	1.000000	-0.358010	0.755947	0.771632	0.975431
2.580	1.000000	1.000000	1.000000	1.000000	-0.358010	1.082393	0.771632	0.993760
2.590	1.000000	1.000000	1.000000	1.000000	-0.358010	0.755947	0.467260	0.993760
2.600	1.000000	1.000000	1.000000	1.000000	-0.653144	0.755947	0.467260	1.012089
2.610	1.000000	1.000000	1.000000	1.000000	-0.358010	1.066070	0.467260	0.993760
2.620	1.000000	1.000000	1.000000	1.000000	-0.358010	0.739625	0.771632	0.975431
2.630	1.000000	1.000000	1.000000	1.000000	-0.358010	0.755947	0.484170	0.975431
2.640	1.000000	1.000000	1.000000	1.000000	-0.358010	1.066070	0.467260	0.993760
2.650	1.000000	1.000000	1.000000	1.000000	-0.358010	0.772269	0.771632	0.975431
2.660	1.000000	1.000000	1.000000	1.000000	-0.358010	0.755947	0.467260	0.975431
2.670	1.000000	1.000000	1.000000	1.000000	-0.342477	0.755947	0.467260	0.993760
2.680	1.000000	1.000000	1.000000	1.000000	-0.358010	0.755947	0.450351	0.975431
2.690	1.000000	1.000000	1.000000	1.000000	-0.358010	0.772269	0.754722	0.975431
2.700	1.000000	1.000000	1.000000	1.000000	-0.373544	0.755947	0.771632	0.993760
2.710	1.000000	1.000000	1.000000	1.000000	-0.358010	0.772269	0.467260	0.975431
2.720	1.000000	1.000000	1.000000	1.000000	-0.358010	1.066070	0.467260	0.993760
2.730	1.000000	1.000000	1.000000	1.000000	-0.373544	0.772269	0.771632	0.993760
2.740	1.000000	1.000000	1.000000	1.000000	-0.358010	0.772269	0.771632	0.993760
2.750	1.000000	1.000000	1.000000	1.000000	-0.358010	1.082393	0.484170	0.993760
2.760	1.000000	1.000000	1.000000	1.000000	-0.373544	1.082393	0.771632	0.975431
2.770	1.000000	1.000000	1.000000	1.000000	-0.373544	0.755947	0.771632	0.993760
2.780	1.000000	1.000000	1.000000	1.000000	-0.373544	1.082393	0.771632	0.645510
2.790	1.000000	1.000000	1.000000	1.000000	-0.358010	0.755947	0.467260	1.323681
2.800	1.000000	1.000000	1.000000	1.000000	-0.358010	0.755947	0.771632	0.993760
2.810	1.000000	1.000000	1.000000	1.000000	-0.373544	1.066070	0.771632	0.993760
2.820	1.000000	1.000000	1.000000	1.000000	-0.358010	1.066070	0.450351	0.993760
2.830	1.000000	1.000000	1.000000	1.000000	-0.373544	0.772269	0.450351	0.993760
2.840	1.000000	1.000000	1.000000	1.000000	-0.358010	0.755947	0.467260	0.993760
2.850	1.000000	1.000000	1.000000	1.000000	-0.373544	0.772269	0.771632	0.993760
2.860	1.000000	1.000000	1.000000	1.000000	-0.358010	0.772269	0.450351	0.993760
2.870	1.000000	1.000000	1.000000	1.000000	-0.358010	0.739625	0.467260	0.975431
2.880	1.000000	1.000000	1.000000	1.000000	-0.358010	1.066070	0.771632	0.975431
2.890	1.000000	1.000000	1.000000	1.000000	-0.373544	0.755947	0.771632	0.975431
2.900	1.000000	1.000000	1.000000	1.000000	-0.358010	0.755947	0.771632	0.993760
2.910	1.000000	1.000000	1.000000	1.000000	-0.373544	0.739625	0.771632	0.975431
2.920	1.000000	1.000000	1.000000	1.000000	-0.373544	0.755947	0.467260	0.993760
2.930	1.000000	1.000000	1.000000	1.000000	-0.358010	0.772269	0.450351	0.993760
2.940	1.000000	1.000000	1.000000	1.000000	-0.373544	0.739625	0.467260	0.993760
2.950	1.000000	1.000000	1.000000	1.000000	-0.078410	0.755947	0.754722	0.975431
2.960	1.000000	1.000000	1.000000	1.000000	-0.373544	0.772269	0.450351	1.012089
2.970	1.000000	1.000000	1.000000	1.000000	-0.358010	0.755947	0.771632	0.993760
2.980	1.000000	1.000000	1.000000	1.000000	-0.373544	1.049748	0.450351	0.993760
2.990	1.000000	1.000000	1.000000	1.000000	-0.358010	0.755947	0.450351	0.993760
3.000	1.000000	1.000000	1.000000	1.000000	-0.358010	0.755947	0.467260	0.993760
3.010	1.000000	1.000000	1.000000	1.000000	-0.373544	0.755947	0.467260	0.993760
3.020	1.000000	1.000000	1.000000	1.000000	-0.358010	0.772269	0.788541	0.975431
3.030	1.000000	1.000000	1.000000	1.000000	-0.358010	0.755947	0.467260	0.993760
3.040	1.000000	1.000000	1.000000	1.000000	-0.373544	0.755947	0.771632	0.975431
3.050	1.000000	1.000000	1.000000	1.000000	-0.373544	0.755947	0.467260	0.975431
3.060	1.000000	1.000000	1.000000	1.000000	-0.358010	0.755947	0.771632	0.993760
3.070	1.000000	1.000000	1.000000	1.000000	-0.358010	1.066070	0.467260	0.993760
3.080	1.000000	1.000000	1.000000	1.000000	-0.358010	0.755947	0.771632	0.975431
3.090	1.000000	1.000000	1.000000	1.000000	-0.078410	0.755947	0.771632	0.975431
3.100	1.000000	1.000000	1.000000	1.000000	-0.373544	0.739625	0.450351	0.993760
3.110	1.000000	1.000000	1.000000	1.000000	-0.373544	0.755947	0.771632	0.993760
3.120	1.000000	1.000000	1.000000	1.000000	-0.373544	0.772269	0.771632	1.323681
3.130	1.000000	1.000000	1.000000	1.000000	-0.373544	0.755947	0.771632	0.993760
3.140	1.000000	1.000000	1.000000	1.000000	-0.373544	0.755947	0.771632	0.993760
3.150	1.000000	1.000000	1.000000	1.000000	-0.373544	0.755947	0.788541	0.993760
3.160	1.000000	1.000000	1.000000	1.000000	-0.373544	0.755947	0.771632	0.993760
3.170	1.000000	1.000000	1.000000	1.000000	-0.358010	0.772269	0.467260	0.975431
3.180	1.000000	1.000000	1.000000	1.000000	-0.358010	1.066070	0.467260	0.993760
3.190	1.000000	1.000000	1.000000	1.000000	-0.358010	0.755947	0.771632	0.993760
3.200	1.000000	1.000000	1.000000	1.000000	-0.358010	0.755947	0.771632	1.012089
3.210	1.000000	1.000000	1.000000	1.000000	-0.358010	1.049748	0.788541	0.993760
3.220	1.000000	1.000000	1.000000	1.000000	-0.373544	0.772269	0.450351	0.993760
3.230	1.000000	1.000000	1.000000	1.000000	-0.342477	0.755947	0.754722	0.993760
3.240	1.000000	1.000000	1.000000	1.000000	-0.373544	1.082393	0.771632	0.993760
3.250	1.000000	1.000000	1.000000	1.000000	-0.358010	0.755947	0.771632	0.993760
3.260	1.000000	1.000000	1.000000	1.000000	-0.373544	0.739625	0.467260	0.993760
3.270	1.000000	1.000000	1.000000	1.000000	-0.358010	0.772269	0.450351	0.993760
3.280	1.000000	1.000000	1.000000	1.000000	-0.358010	0.772269	0.754722	0.975431
3.290	1.000000	1.000000	1.000000	1.000000	-0.358010	0.755947	0.771632	0.993760
3.300	1.000000	1.000000	1.000000	1.000000	-0.358010	0.772269	0.771632	0.993760
3.310	1.000000	1.000000	1.000000	1.000000	-0.358010	0.755947	0.467260	1.012089
3.320	1.000000	1.000000	1.000000	1.000000	-0.358010	0.755947	0.788541	1.012089
3.330	1.000000	1.000000	1.000000	1.000000	-0.373544	0.755947	0.771632	0.975431
3.340	1.000000	1.000000	1.000000	1.000000	-0.358010	0.772269	0.467260	0.993760
3.350	1.000000	1.000000	1.000000	1.000000	-0.358010	0.772269	0.467260	0.993760
3.360	1.000000	1.000000	1.000000	1.000000	-0.373544	0.772269	0.771632	0.975431
3.370	1.000000	1.000000	1.000000	1.000000	-0.373544	1.049748	0.754722	0.993760
3.380	1.000000	1.000000	1.000000	1.000000	-0.373544	1.066070	0.467260	1.012089
3.390	1.000000	1.000000	1.000000	1.000000	-0.373544	0.772269	0.467260	0.975431
3.400	1.000000	1.000000	1.000000	1.000000	-0.342477	0.755947	0.771632	1.012089
3.410	1.000000	1.000000	1.000000	1.000000	-0.358010	0.755947	0.788541	0.993760
3.420	1.000000	1.000000	1.000000	1.000000	-0.373544	0.755947	0.771632	0.993760
3.430	1.000000	1.000000	1.000000	1.000000	-0.358010	0.739625	0.467260	0.993760
3.440	1.000000	1.000000	1.000000	1.000000	-0.358010	0.739625	0.467260	0.975431
3.450	1.000000	1.000000	1.000000	1.000000	-0.062877	0.772269	0.467260	0.975431
3.460	1.000000	1.000000	1.000000	1.000000	-0.358010	0.755947	0.754722	0.993760
3.470	1.000000	1.000000	1.000000	1.000000	-0.373544	0.755947	0.450351	0.975431
3.480	1.000000	1.000000	1.000000	1.000000	-0.078410	0.755947	0.450351	1.012089
3.490	1.000000	1.000000	1.000000	1.000000	-0.358010	0.755947	0.467260	0.993760
3.500	1.000000	1.000000	1.000000	1.000000	-0.358010	0.755947	0.467260	0.993760
3.510	1.000000	1.000000	1.000000	1.000000	-0.062877	0.772269	0.771632	1.012089
3.520	1.000000	1.000000	1.000000	1.000000	-0.358010	0.755947	0.450351	0.993760
3.530	1.000000	1.000000	1.000000	1.000000	-0.358010	0.739625	0.467260	1.012089
3.540	1.000000	1.000000	1.000000	1.000000	-0.358010	0.772269	0.771632	1.323681
3.550	1.000000	1.000000	1.000000	1.000000	-0.342477	0.739625	0.450351	0.993760
3.560	1.000000	1.000000	1.000000	1.000000	-0.358010	0.755947	0.754722	0.993760
3.570	1.000000	1.000000	1.000000	1.000000	-0.358010	0.755947	0.450351	0.993760
3.580	1.000000	1.000000	1.000000	1.000000	-0.358010	0.739625	0.771632	0.993760
3.590	1.000000	1.000000	1.000000	1.000000	-0.373544	1.049748	0.467260	1.012089
3.600	1.000000	1.000000	1.000000	1.000000	-0.358010	0.772269	0.754722	0.993760
3.610	1.000000	1.000000	1.000000	1.000000	-0.358010	0.755947	0.450351	0.975431
3.620	1.000000	1.000000	1.000000	1.000000	-0.358010	0.772269	0.450351	0.975431
3.630	1.000000	1.000000	1.000000	1.000000	-0.358010	0.755947	0.771632	0.993760
3.640	1.000000	1.000000	1.000000	1.000000	-0.358010	0.755947	0.771632	1.012089
3.650	1.000000	1.000000	1.000000	1.000000	-0.358010	0.755947	0.771632	0.993760
3.660	1.000000	1.000000	1.000000	1.000000	-0.358010	0.755947	0.450351	0.993760
3.670	1.000000	1.000000	1.000000	1.000000	-0.358010	0.772269	0.450351	0.993760
3.680	1.000000	1.000000	1.000000	1.000000	-0.358010	0.755947	0.754722	0.993760
3.690	1.000000	1.000000	1.000000	1.000000	-0.342477	0.755947	0.450351	1.030418
3.700	1.000000	1.000000	1.000000	1.000000	-0.358010	0.772269	0.754722	0.993760
3.710	1.000000	1.000000	1.000000	1.000000	-0.358010	0.755947	0.467260	1.323681
3.720	1.000000	1.000000	1.000000	1.000000	-0.358010	0.772269	0.771632	0.993760
3.730	1.000000	1.000000	1.000000	1.000000	-0.342477	0.755947	0.450351	0.993760
3.740	1.000000	1.000000	1.000000	1.000000	-0.373544	0.755947	0.754722	0.993760
3.750	1.000000	1.000000	1.000000	1.000000	-0.358010	0.772269	0.754722	0.993760
3.760	1.000000	1.000000	1.000000	1.000000	-0.358010	0.755947	0.450351	1.012089
3.770	1.000000	1.000000	1.000000	1.000000	-0.358010	0.755947	0.754722	1.012089
3.780	1.000000	1.000000	1.000000	1.000000	-0.358010	0.755947	0.754722	0.975431
3.790	1.000000	1.000000	1.000000	1.000000	-0.358010	0.772269	0.450351	0.993760
3.800	1.000000	1.000000	1.000000	1.000000	-0.062877	1.082393	0.467260	0.993760
3.810	1.000000	1.000000	1.000000	1.000000	-0.358010	1.082393	0.450351	0.975431
3.820	1.000000	1.000000	1.000000	1.000000	-0.358010	0.755947	0.467260	0.993760
3.830	1.000000	1.000000	1.000000	1.000000	-0.358010	0.772269	0.771632	0.993760
3.840	1.000000	1.000000	1.000000	1.000000	-0.358010	1.049748	0.771632	1.012089
3.850	1.000000	1.000000	1.000000	1.000000	-0.342477	0.755947	0.467260	1.012089
3.860	1.000000	1.000000	1.000000	1.000000	-0.358010	0.755947	0.771632	0.993760
3.870	1.000000	1.000000	1.000000	1.000000	-0.373544	0.772269	0.450351	0.975431
3.880	1.000000	1.000000	1.000000	1.000000	-0.358010	0.772269	0.450351	0.993760
3.890	1.000000	1.000000	1.000000	1.000000	-0.358010	0.772269	0.754722	0.993760
3.900	1.000000	1.000000	1.000000	1.000000	-0.373544	1.066070	0.771632	0.993760
3.910	1.000000	1.000000	1.000000	1.000000	-0.373544	0.755947	0.433441	0.975431
3.920	1.000000	1.000000	1.000000	1.000000	-0.358010	0.772269	0.771632	0.993760
3.930	1.000000	1.000000	1.000000	1.000000	-0.358010	0.772269	0.450351	0.993760
3.940	1.000000	1.000000	1.000000	1.000000	-0.358010	0.755947	0.450351	0.975431
3.950	1.000000	1.000000	1.000000	1.000000	-0.358010	0.739625	0.467260	0.993760
3.960	1.000000	1.000000	1.000000	1.000000	-0.358010	1.066070	0.771632	0.975431
3.970	1.000000	1.000000	1.000000	1.000000	-0.373544	0.755947	0.450351	0.975431
3.980	1.000000	1.000000	1.000000	1.000000	-0.358010	0.739625	0.450351	0.993760
3.990	1.000000	1.000000	1.000000	1.000000	-0.358010	0.772269	0.771632	0.993760
4.000	1.000000	1.000000	1.000000	1.000000	-0.358010	0.772269	0.771632	0.993760
4.010	1.000000	1.000000	1.000000	1.000000	-0.358010	0.755947	0.450351	0.993760
4.020	1.000000	1.000000	1.000000	1.000000	-0.358010	0.755947	0.771632	0.993760
4.030	1.000000	1.000000	1.000000	1.000000	-0.373544	0.755947	0.754722	0.993760
4.040	1.000000	1.000000	1.000000	1.000000	-0.358010	0.772269	0.450351	0.993760
4.050	1.000000	1.000000	1.000000	1.000000	-0.062877	1.066070	0.754722	0.993760
4.060	1.000000	1.000000	1.000000	1.000000	-0.358010	0.772269	0.450351	0.993760
4.070	1.000000	1.000000	1.000000	1.000000	-0.373544	0.755947	0.754722	0.993760
4.080	1.000000	1.000000	1.000000	1.000000	-0.358010	1.066070	0.771632	0.975431
4.090	1.000000	1.000000	1.000000	1.000000	-0.373544	0.772269	0.771632	0.993760
4.100	1.000000	1.000000	1.000000	1.000000	-0.373544	0.755947	0.771632	0.993760
4.110	1.000000	1.000000	1.000000	1.000000	-0.358010	1.066070	0.754722	1.012089
4.120	1.000000	1.000000	1.000000	1.000000	-0.373544	0.772269	0.467260	0.993760
4.130	1.000000	1.000000	1.000000	1.000000	-0.358010	1.082393	0.754722	0.993760
4.140	1.000000	1.000000	1.000000	1.000000	-0.358010	0.755947	0.467260	0.993760
4.150	1.000000	1.000000	1.000000	1.000000	-0.373544	0.772269	0.450351	0.993760
4.160	1.000000	1.000000	1.000000	1.000000	-0.358010	0.772269	0.771632	0.993760
4.170	1.000000	1.000000	1.000000	1.000000	-0.373544	0.755947	0.754722	0.975431
4.180	1.000000	1.000000	1.000000	1.000000	-0.373544	0.772269	0.467260	0.993760
4.190	1.000000	1.000000	1.000000	1.000000	-0.373544	0.755947	0.450351	0.975431
4.200	1.000000	1.000000	1.000000	1.000000	-0.358010	1.066070	0.450351	0.993760
4.210	1.000000	1.000000	1.000000	1.000000	-0.373544	0.755947	0.467260	0.993760
4.220	1.000000	1.000000	1.000000	1.000000	-0.358010	0.755947	0.771632	0.975431
4.230	1.000000	1.000000	1.000000	1.000000	-0.373544	1.066070	0.467260	0.993760
4.240	1.000000	1.000000	1.000000	1.000000	-0.373544	0.755947	0.771632	0.975431
4.250	1.000000	1.000000	1.000000	1.000000	-0.358010	0.772269	0.467260	0.993760
4.260	1.000000	1.000000	1.000000	1.000000	-0.358010	0.755947	0.450351	0.993760
4.270	1.000000	1.000000	1.000000	1.000000	-0.358010	0.755947	0.754722	0.993760
4.280	1.000000	1.000000	1.000000	1.000000	-0.373544	0.755947	0.771632	0.975431
4.290	1.000000	1.000000	1.000000	1.000000	-0.373544	0.755947	0.754722	0.993760
4.300	1.000000	1.000000	1.000000	1.000000	-0.373544	0.772269	0.450351	0.993760
4.310	1.000000	1.000000	1.000000	1.000000	-0.358010	0.772269	0.754722	0.975431
4.320	1.000000	1.000000	1.000000	1.000000	-0.358010	0.772269	0.467260	0.975431
4.330	1.000000	1.000000	1.000000	1.000000	-0.358010	0.772269	0.771632	0.975431
4.340	1.000000	1.000000	1.000000	1.000000	-0.373544	0.755947	0.467260	0.975431
4.350	1.000000	1.000000	1.000000	1.000000	-0.373544	0.772269	0.771632	0.993760
4.360	1.000000	1.000000	1.000000	1.000000	-0.373544	0.755947	0.467260	0.975431
4.370	1.000000	1.000000	1.000000	1.000000	-0.358010	0.755947	0.771632	0.975431
4.380	1.000000	1.000000	1.000000	1.000000	-0.373544	0.788592	0.771632	0.975431
4.390	1.000000	1.000000	1.000000	1.000000	-0.358010	0.755947	0.771632	0.993760
4.400	1.000000	1.000000	1.000000	1.000000	-0.358010	0.772269	0.788541	0.993760
4.410	1.000000	1.000000	1.000000	1.000000	-0.358010	0.772269	0.467260	0.975431
4.420	1.000000	1.000000	1.000000	1.000000	-0.373544	1.082393	0.788541	0.993760
4.430	1.000000	1.000000	1.000000	1.000000	-0.373544	0.772269	0.754722	0.975431
4.440	1.000000	1.000000	1.000000	1.000000	-0.358010	0.772269	0.771632	1.012089
4.450	1.000000	1.000000	1.000000	1.000000	-0.373544	0.772269	0.771632	0.993760
4.460	1.000000	1.000000	1.000000	1.000000	-0.358010	0.755947	0.771632	0.975431
4.470	1.000000	1.000000	1.000000	1.000000	-0.358010	0.772269	0.450351	0.993760
4.480	1.000000	1.000000	1.000000	1.000000	-0.358010	1.066070	0.771632	0.993760
4.490	1.000000	1.000000	1.000000	1.000000	-0.358010	0.772269	0.450351	0.993760
4.500	1.000000	1.000000	1.000000	1.000000	-0.358010	0.755947	0.771632	0.993760
4.510	1.000000	1.000000	1.000000	1.000000	-0.373544	0.772269	0.467260	0.975431
4.520	1.000000	1.000000	1.000000	1.000000	-0.373544	0.772269	0.467260	0.975431
4.530	1.000000	1.000000	1.000000	1.000000	-0.358010	0.755947	0.771632	0.993760
4.540	1.000000	1.000000	1.000000	1.000000	-0.358010	0.772269	0.771632	0.975431
4.550	1.000000	1.000000	1.000000	1.000000	-0.358010	0.772269	0.467260	0.975431
4.560	1.000000	1.000000	1.000000	1.000000	-0.373544	1.082393	0.450351	0.993760
4.570	1.000000	1.000000	1.000000	1.000000	-0.358010	1.082393	0.771632	0.993760
4.580	1.000000	1.000000	1.000000	1.000000	-0.358010	0.772269	0.467260	0.993760
4.590	1.000000	1.000000	1.000000	1.000000	-0.358010	0.755947	0.771632	0.993760
4.600	1.000000	1.000000	1.000000	1.000000	-0.373544	0.755947	0.771632	0.993760
4.610	1.000000	1.000000	1.000000	1.000000	-0.373544	0.755947	0.788541	0.993760
4.620	1.000000	1.000000	1.000000	1.000000	-0.373544	0.772269	0.771632	0.993760
4.630	1.000000	1.000000	1.000000	1.000000	-0.062877	0.772269	0.771632	0.975431
4.640	1.000000	1.000000	1.000000	1.000000	-0.078410	0.772269	0.788541	0.993760
4.650	1.000000	1.000000	1.000000	1.000000	-0.358010	0.755947	0.771632	0.993760
4.660	1.000000	1.000000	1.000000	1.000000	-0.358010	0.755947	0.467260	0.993760
4.670	1.000000	1.000000	1.000000	1.000000	-0.358010	0.755947	0.484170	0.993760
4.680	1.000000	1.000000	1.000000	1.000000	-0.373544	0.755947	0.771632	0.993760
4.690	1.000000	1.000000	1.000000	1.000000	-0.358010	0.755947	0.484170	0.993760
4.700	1.000000	1.000000	1.000000	1.000000	-0.358010	0.772269	0.771632	0.993760
4.710	1.000000	1.000000	1.000000	1.000000	-0.358010	0.739625	0.788541	1.012089
4.720	1.000000	1.000000	1.000000	1.000000	-0.358010	0.755947	0.467260	1.012089
4.730	1.000000	1.000000	1.000000	1.000000	-0.373544	1.066070	0.467260	0.975431
4.740	1.000000	1.000000	1.000000	1.000000	-0.373544	0.772269	0.467260	0.975431
4.750	1.000000	1.000000	1.000000	1.000000	-0.373544	0.755947	0.467260	0.993760
4.760	1.000000	1.000000	1.000000	1.000000	-0.358010	0.772269	0.467260	0.975431
4.770	1.000000	1.000000	1.000000	1.000000	-0.358010	0.772269	0.467260	0.993760
4.780	1.000000	1.000000	1.000000	1.000000	-0.373544	0.772269	0.771632	0.993760
4.790	1.000000	1.000000	1.000000	1.000000	-0.373544	0.772269	0.467260	0.993760
4.800	1.000000	1.000000	1.000000	1.000000	-0.373544	0.755947	0.771632	0.975431
4.810	1.000000	1.000000	1.000000	1.000000	-0.358010	0.755947	0.467260	0.975431
4.820	1.000000	1.000000	1.000000	1.000000	-0.373544	0.755947	0.771632	0.993760
4.830	1.000000	1.000000	1.000000	1.000000	-0.358010	0.755947	0.450351	0.993760
4.840	1.000000	1.000000	1.000000	1.000000	-0.373544	0.755947	0.467260	1.323681
4.850	1.000000	1.000000	1.000000	1.000000	-0.358010	0.755947	0.450351	1.012089
4.860	1.000000	1.000000	1.000000	1.000000	-0.373544	0.772269	0.467260	0.975431
4.870	1.000000	1.000000	1.000000	1.000000	-0.373544	0.772269	0.788541	0.993760
4.880	1.000000	1.000000	1.000000	1.000000	-0.358010	0.755947	0.467260	0.975431
4.890	1.000000	1.000000	1.000000	1.000000	-0.373544	0.739625	0.771632	0.975431
4.900	1.000000	1.000000	1.000000	1.000000	-0.373544	0.772269	0.788541	0.975431
4.910	1.000000	1.000000	1.000000	1.000000	-0.373544	0.755947	0.484170	0.993760
4.920	1.000000	1.000000	1.000000	1.000000	-0.373544	0.772269	0.771632	0.975431
4.930	1.000000	1.000000	1.000000	1.000000	-0.373544	0.755947	0.467260	0.975431
4.940	1.000000	1.000000	1.000000	1.000000	-0.373544	0.755947	0.467260	0.993760
4.950	1.000000	1.000000	1.000000	1.000000	-0.358010	0.755947	0.450351	0.975431
4.960	1.000000	1.000000	1.000000	1.000000	-0.358010	0.772269	0.771632	0.993760
4.970	1.000000	1.000000	1.000000	1.000000	-0.373544	0.772269	0.450351	0.993760
4.980	1.000000	1.000000	1.000000	1.000000	-0.358010	0.772269	0.450351	0.993760
4.990	1.000000	1.000000	1.000000	1.000000	-0.358010	0.772269	0.754722	0.993760
5.000	1.000000	1.000000	1.000000	1.000000	-0.358010	1.082393	0.788541	0.975431
5.010	1.000000	1.000000	1.000000	1.000000	-0.062877	0.772269	0.450351	0.975431
5.020	1.000000	1.000000	1.000000	1.000000	-0.373544	0.755947	0.450351	0.975431
5.030	1.000000	1.000000	1.000000	1.000000	-0.358010	1.066070	0.467260	0.975431
5.040	1.000000	1.000000	1.000000	1.000000	-0.358010	0.772269	0.450351	0.975431
5.050	1.000000	1.000000	1.000000	1.000000	-0.358010	0.772269	0.450351	0.975431
5.060	1.000000	1.000000	1.000000	1.000000	-0.358010	0.755947	0.754722	0.993760
5.070	1.000000	1.000000	1.000000	1.000000	-0.358010	0.755947	0.467260	0.993760
5.080	1.000000	1.000000	1.000000	1.000000	-0.358010	0.772269	0.788541	0.993760
5.090	1.000000	1.000000	1.000000	1.000000	-0.373544	0.755947	0.467260	0.975431
5.100	1.000000	1.000000	1.000000	1.000000	-0.358010	0.755947	0.450351	0.975431
5.110	1.000000	1.000000	1.000000	1.000000	-0.358010	0.772269	0.754722	0.993760
5.120	1.000000	1.000000	1.000000	1.000000	-0.373544	0.772269	0.754722	0.975431
5.130	1.000000	1.000000	1.000000	1.000000	-0.373544	0.755947	0.450351	0.975431
5.140	1.000000	1.000000	1.000000	1.000000	-0.358010	0.772269	0.450351	0.975431
5.150	1.000000	1.000000	1.000000	1.000000	-0.373544	0.772269	0.467260	0.975431
5.160	1.000000	1.000000	1.000000	1.000000	-0.358010	0.755947	0.450351	0.975431
5.170	1.000000	1.000000	1.000000	1.000000	-0.373544	0.772269	0.467260	0.975431
5.180	1.000000	1.000000	1.000000	1.000000	-0.358010	0.772269	0.754722	0.993760
5.190	1.000000	1.000000	1.000000	1.000000	-0.342477	1.066070	0.771632	1.012089
5.200	1.000000	1.000000	1.000000	1.000000	-0.358010	0.755947	0.450351	0.975431
5.210	1.000000	1.000000	1.000000	1.000000	-0.373544	0.772269	0.450351	0.975431
5.220	1.000000	1.000000	1.000000	1.000000	-0.373544	0.772269	0.771632	0.993760
5.230	1.000000	1.000000	1.000000	1.000000	-0.358010	0.772269	0.450351	0.975431
5.240	1.000000	1.000000	1.000000	1.000000	-0.358010	0.755947	0.450351	0.975431
5.250	1.000000	1.000000	1.000000	1.000000	-0.062877	1.066070	0.754722	0.993760
5.260	1.000000	1.000000	1.000000	1.000000	-0.373544	0.755947	0.467260	0.993760
5.270	1.000000	1.000000	1.000000	1.000000	-0.373544	0.772269	0.754722	0.975431
5.280	1.000000	1.000000	1.000000	1.000000	-0.373544	1.066070	0.450351	0.975431
5.290	1.000000	1.000000	1.000000	1.000000	-0.373544	0.755947	0.754722	0.993760
5.300	1.000000	1.000000	1.000000	1.000000	-0.373544	0.755947	0.450351	0.993760
5.310	1.000000	1.000000	1.000000	1.000000	-0.373544	0.755947	0.754722	0.993760
5.320	1.000000	1.000000	1.000000	1.000000	-0.373544	0.755947	0.467260	0.993760
5.330	1.000000	1.000000	1.000000	1.000000	-0.373544	0.772269	0.450351	0.993760
5.340	1.000000	1.000000	1.000000	1.000000	-0.373544	1.066070	0.771632	0.993760
5.350	1.000000	1.000000	1.000000	1.000000	-0.373544	0.772269	0.450351	0.993760
5.360	1.000000	1.000000	1.000000	1.000000	-0.373544	0.755947	0.450351	0.975431
5.370	1.000000	1.000000	1.000000	1.000000	-0.373544	1.049748	0.771632	0.993760
5.380	1.000000	1.000000	1.000000	1.000000	-0.358010	0.772269	0.788541	0.993760
5.390	1.000000	1.000000	1.000000	1.000000	-0.358010	0.755947	0.771632	0.993760
5.400	1.000000	1.000000	1.000000	1.000000	-0.373544	0.772269	0.467260	0.993760
5.410	1.000000	1.000000	1.000000	1.000000	-0.373544	0.755947	0.467260	0.993760
5.420	1.000000	1.000000	1.000000	1.000000	-0.373544	0.772269	0.467260	0.993760
5.430	1.000000	1.000000	1.000000	1.000000	-0.389077	0.755947	0.771632	0.993760
5.440	1.000000	1.000000	1.000000	1.000000	-0.373544	0.755947	0.467260	0.993760
5.450	1.000000	1.000000	1.000000	1.000000	-0.358010	0.755947	0.450351	0.975431
5.460	1.000000	1.000000	1.000000	1.000000	-0.373544	0.755947	0.450351	0.993760
5.470	1.000000	1.000000	1.000000	1.000000	-0.358010	0.755947	0.771632	0.993760
5.480	1.000000	1.000000	1.000000	1.000000	-0.358010	0.755947	0.788541	0.993760
5.490	1.000000	1.000000	1.000000	1.000000	-0.358010	1.066070	0.450351	0.993760
5.500	1.000000	1.000000	1.000000	1.000000	-0.358010	0.755947	0.754722	0.975431
5.510	1.000000	1.000000	1.000000	1.000000	-0.373544	0.755947	0.450351	0.993760
5.520	1.000000	1.000000	1.000000	1.000000	-0.358010	0.755947	0.433441	0.975431
5.530	1.000000	1.000000	1.000000	1.000000	-0.373544	1.066070	0.771632	0.975431
5.540	1.000000	1.000000	1.000000	1.000000	-0.373544	0.755947	0.788541	0.975431
5.550	1.000000	1.000000	1.000000	1.000000	-0.358010	1.066070	0.754722	0.975431
5.560	1.000000	1.000000	1.000000	1.000000	-0.373544	0.755947	0.467260	0.993760
5.570	1.000000	1.000000	1.000000	1.000000	-0.373544	0.772269	0.754722	0.975431
5.580	1.000000	1.000000	1.000000	1.000000	-0.358010	0.772269	0.467260	0.993760
5.590	1.000000	1.000000	1.000000	1.000000	-0.373544	0.755947	0.754722	0.993760
5.600	1.000000	1.000000	1.000000	1.000000	-0.373544	0.772269	0.754722	0.993760
5.610	1.000000	1.000000	1.000000	1.000000	-0.373544	0.755947	0.450351	0.993760
5.620	1.000000	1.000000	1.000000	1.000000	-0.373544	1.049748	0.467260	0.975431
5.630	1.000000	1.000000	1.000000	1.000000	-0.358010	0.772269	0.754722	0.993760
5.640	1.000000	1.000000	1.000000	1.000000	-0.358010	0.755947	0.467260	0.993760
5.650	1.000000	1.000000	1.000000	1.000000	-0.358010	1.082393	0.771632	0.993760
5.660	1.000000	1.000000	1.000000	1.000000	-0.373544	0.755947	0.771632	0.993760
5.670	1.000000	1.000000	1.000000	1.000000	-0.358010	0.755947	0.754722	0.975431
5.680	1.000000	1.000000	1.000000	1.000000	-0.373544	0.772269	0.450351	0.975431
5.690	1.000000	1.000000	1.000000	1.000000	-0.373544	0.739625	0.450351	0.993760
5.700	1.000000	1.000000	1.000000	1.000000	-0.358010	0.755947	0.771632	0.975431
5.710	1.000000	1.000000	1.000000	1.000000	-0.373544	0.755947	0.771632	0.993760
5.720	1.000000	1.000000	1.000000	1.000000	-0.373544	0.755947	0.771632	0.993760
5.730	1.000000	1.000000	1.000000	1.000000	-0.062877	0.772269	0.771632	0.975431
5.740	1.000000	1.000000	1.000000	1.000000	-0.373544	1.049748	0.467260	0.975431
5.750	1.000000	1.000000	1.000000	1.000000	-0.358010	0.755947	0.467260	0.993760
5.760	1.000000	1.000000	1.000000	1.000000	-0.358010	0.755947	0.771632	1.012089
5.770	1.000000	1.000000	1.000000	1.000000	-0.358010	0.772269	0.467260	1.012089
5.780	1.000000	1.000000	1.000000	1.000000	-0.358010	0.755947	0.788541	0.975431
5.790	1.000000	1.000000	1.000000	1.000000	-0.373544	0.755947	0.771632	0.993760
5.800	1.000000	1.000000	1.000000	1.000000	-0.373544	0.772269	0.467260	0.993760
5.810	1.000000	1.000000	1.000000	1.000000	-0.373544	0.755947	0.450351	0.993760
5.820	1.000000	1.000000	1.000000	1.000000	-0.373544	0.772269	0.467260	0.975431
5.830	1.000000	1.000000	1.000000	1.000000	-0.373544	0.755947	0.771632	0.993760
5.840	1.000000	1.000000	1.000000	1.000000	-0.373544	0.755947	0.467260	0.993760
5.850	1.000000	1.000000	1.000000	1.000000	-0.373544	0.755947	0.467260	0.975431
5.860	1.000000	1.000000	1.000000	1.000000	-0.358010	1.082393	0.771632	0.975431
5.870	1.000000	1.000000	1.000000	1.000000	-0.358010	0.772269	0.771632	0.975431
5.880	1.000000	1.000000	1.000000	1.000000	-0.373544	0.739625	0.754722	0.975431
5.890	1.000000	1.000000	1.000000	1.000000	-0.373544	0.739625	0.771632	0.993760
5.900	1.000000	1.000000	1.000000	1.000000	-0.373544	0.755947	0.771632	0.993760
5.910	1.000000	1.000000	1.000000	1.000000	-0.358010	0.755947	0.467260	0.993760
5.920	1.000000	1.000000	1.000000	1.000000	-0.358010	0.755947	0.467260	0.975431
5.930	1.000000	1.000000	1.000000	1.000000	-0.358010	0.772269	0.467260	0.993760
5.940	1.000000	1.000000	1.000000	1.000000	-0.373544	0.772269	0.788541	0.975431
5.950	1.000000	1.000000	1.000000	1.000000	-0.358010	1.082393	0.771632	0.975431
5.960	1.000000	1.000000	1.000000	1.000000	-0.373544	0.755947	0.450351	0.993760
5.970	1.000000	1.000000	1.000000	1.000000	-0.373544	0.755947	0.788541	0.993760
5.980	1.000000	1.000000	1.000000	1.000000	-0.373544	0.755947	0.771632	0.975431
5.990	1.000000	1.000000	1.000000	1.000000	-0.373544	0.755947	0.771632	0.993760
6.000	1.000000	1.000000	1.000000	1.000000	-0.358010	0.772269	0.788541	0.975431
6.010	1.000000	1.000000	1.000000	1.000000	-0.358010	0.755947	0.467260	0.975431
6.020	1.000000	1.000000	1.000000	1.000000	-0.373544	1.082393	0.771632	0.975431
6.030	1.000000	1.000000	1.000000	1.000000	-0.358010	0.739625	0.467260	1.012089
6.040	1.000000	1.000000	1.000000	1.000000	-0.373544	0.772269	0.450351	0.975431
6.050	1.000000	1.000000	1.000000	1.000000	-0.373544	1.066070	0.771632	0.975431
6.060	1.000000	1.000000	1.000000	1.000000	-0.373544	0.755947	0.450351	1.012089
6.070	1.000000	1.000000	1.000000	1.000000	-0.358010	0.772269	0.467260	0.993760
6.080	1.000000	1.000000	1.000000	1.000000	-0.358010	1.049748	0.467260	0.993760
6.090	1.000000	1.000000	1.000000	1.000000	-0.358010	0.755947	0.467260	1.305352
6.100	1.000000	1.000000	1.000000	1.000000	-0.358010	0.755947	0.450351	0.975431
6.110	1.000000	1.000000	1.000000	1.000000	-0.358010	0.755947	0.467260	0.975431
6.120	1.000000	1.000000	1.000000	1.000000	-0.358010	0.772269	0.467260	0.993760
6.130	1.000000	1.000000	1.000000	1.000000	-0.358010	0.772269	0.467260	0.975431
6.140	1.000000	1.000000	1.000000	1.000000	-0.373544	1.066070	0.771632	0.975431
6.150	1.000000	1.000000	1.000000	1.000000	-0.373544	0.755947	0.771632	0.975431
6.160	1.000000	1.000000	1.000000	1.000000	-0.373544	0.772269	0.771632	0.975431
6.170	1.000000	1.000000	1.000000	1.000000	-0.373544	1.066070	0.771632	0.993760
6.180	1.000000	1.000000	1.000000	1.000000	-0.358010	0.755947	0.771632	0.993760
6.190	1.000000	1.000000	1.000000	1.000000	-0.358010	0.772269	0.467260	0.975431
6.200	1.000000	1.000000	1.000000	1.000000	-0.373544	0.772269	0.771632	0.993760
6.210	1.000000	1.000000	1.000000	1.000000	-0.373544	0.755947	0.771632	0.993760
6.220	1.000000	1.000000	1.000000	1.000000	-0.358010	0.755947	0.467260	0.993760
6.230	1.000000	1.000000	1.000000	1.000000	-0.358010	1.082393	0.771632	0.975431
6.240	1.000000	1.000000	1.000000	1.000000	-0.373544	0.788592	0.771632	0.975431
6.250	1.000000	1.000000	1.000000	1.000000	-0.358010	0.788592	0.467260	0.975431
6.260	1.000000	1.000000	1.000000	1.000000	-0.373544	0.772269	0.771632	0.993760
6.270	1.000000	1.000000	1.000000	1.000000	-0.358010	0.772269	0.467260	0.993760
6.280	1.000000	1.000000	1.000000	1.000000	-0.373544	0.755947	0.788541	0.975431
6.290	1.000000	1.000000	1.000000	1.000000	-0.358010	0.755947	0.484170	0.993760
6.300	1.000000	1.000000	1.000000	1.000000	-0.342477	0.755947	0.788541	0.993760
6.310	1.000000	1.000000	1.000000	1.000000	-0.373544	0.772269	0.771632	0.993760
6.320	1.000000	1.000000	1.000000	1.000000	-0.358010	0.755947	0.450351	0.975431
6.330	1.000000	1.000000	1.000000	1.000000	-0.373544	0.772269	0.450351	0.975431
6.340	1.000000	1.000000	1.000000	1.000000	-0.358010	0.772269	0.788541	0.993760
6.350	1.000000	1.000000	1.000000	1.000000	-0.358010	0.772269	0.771632	0.975431
6.360	1.000000	1.000000	1.000000	1.000000	-0.373544	0.755947	0.467260	1.323681
6.370	1.000000	1.000000	1.000000	1.000000	-0.373544	0.755947	0.467260	0.993760
6.380	1.000000	1.000000	1.000000	1.000000	-0.078410	0.772269	0.771632	1.323681
6.390	1.000000	1.000000	1.000000	1.000000	-0.373544	0.755947	0.467260	0.993760
6.400	1.000000	1.000000	1.000000	1.000000	-0.358010	0.739625	0.467260	0.993760
6.410	1.000000	1.000000	1.000000	1.000000	-0.358010	0.772269	0.467260	0.975431
6.420	1.000000	1.000000	1.000000	1.000000	-0.358010	1.066070	0.788541	0.975431
6.430	1.000000	1.000000	1.000000	1.000000	-0.358010	0.772269	0.450351	1.012089
6.440	1.000000	1.000000	1.000000	1.000000	-0.358010	0.772269	0.771632	0.993760
6.450	1.000000	1.000000	1.000000	1.000000	-0.373544	0.772269	0.754722	0.993760
6.460	1.000000	1.000000	1.000000	1.000000	-0.358010	0.755947	0.450351	0.993760
6.470	1.000000	1.000000	1.000000	1.000000	-0.358010	0.739625	0.467260	1.012089
6.480	1.000000	1.000000	1.000000	1.000000	-0.358010	0.755947	0.771632	0.975431
6.490	1.000000	1.000000	1.000000	1.000000	-0.358010	0.772269	0.788541	1.342010
6.500	1.000000	1.000000	1.000000	1.000000	-0.373544	0.772269	0.467260	0.975431
6.510	1.000000	1.000000	1.000000	1.000000	-0.358010	1.082393	0.771632	0.993760
6.520	1.000000	1.000000	1.000000	1.000000	-0.358010	0.772269	0.771632	0.975431
6.530	1.000000	1.000000	1.000000	1.000000	-0.358010	0.739625	0.771632	1.012089
6.540	1.000000	1.000000	1.000000	1.000000	-0.358010	1.066070	0.771632	0.993760
6.550	1.000000	1.000000	1.000000	1.000000	-0.358010	0.772269	0.450351	0.993760
6.560	1.000000	1.000000	1.000000	1.000000	-0.358010	0.755947	0.771632	0.975431
6.570	1.000000	1.000000	1.000000	1.000000	-0.358010	0.755947	0.771632	0.993760
6.580	1.000000	1.000000	1.000000	1.000000	-0.373544	0.755947	0.771632	0.993760
6.590	1.000000	1.000000	1.000000	1.000000	-0.078410	0.772269	0.771632	0.993760
6.600	1.000000	1.000000	1.000000	1.000000	-0.373544	0.755947	0.467260	0.993760
6.610	1.000000	1.000000	1.000000	1.000000	-0.358010	0.772269	0.771632	0.993760
6.620	1.000000	1.000000	1.000000	1.000000	-0.358010	0.755947	0.771632	0.993760
6.630	1.000000	1.000000	1.000000	1.000000	-0.358010	1.066070	0.450351	0.993760
6.640	1.000000	1.000000	1.000000	1.000000	-0.373544	0.772269	0.467260	0.993760
6.650	1.000000	1.000000	1.000000	1.000000	-0.358010	0.772269	0.771632	0.975431
6.660	1.000000	1.000000	1.000000	1.000000	-0.653144	1.066070	0.771632	0.993760
6.670	1.000000	1.000000	1.000000	1.000000	-0.358010	0.772269	0.467260	0.993760
6.680	1.000000	1.000000	1.000000	1.000000	-0.373544	0.755947	0.771632	0.975431
6.690	1.000000	1.000000	1.000000	1.000000	-0.358010	1.082393	0.467260	0.993760
6.700	1.000000	1.000000	1.000000	1.000000	-0.358010	0.755947	0.771632	0.993760
6.710	1.000000	1.000000	1.000000	1.000000	-0.373544	0.772269	0.771632	0.993760
6.720	1.000000	1.000000	1.000000	1.000000	-0.373544	1.082393	0.771632	0.993760
6.730	1.000000	1.000000	1.000000	1.000000	-0.358010	0.755947	0.771632	0.993760
6.740	1.000000	1.000000	1.000000	1.000000	-0.373544	0.772269	0.467260	0.993760
6.750	1.000000	1.000000	1.000000	1.000000	-0.373544	0.755947	0.771632	0.975431
6.760	1.000000	1.000000	1.000000	1.000000	-0.373544	0.772269	0.450351	0.993760
6.770	1.000000	1.000000	1.000000	1.000000	-0.373544	0.739625	0.771632	0.993760
6.780	1.000000	1.000000	1.000000	1.000000	-0.373544	1.066070	0.771632	1.012089
6.790	1.000000	1.000000	1.000000	1.000000	-0.373544	0.755947	0.771632	0.993760
6.800	1.000000	1.000000	1.000000	1.000000	-0.373544	0.788592	0.467260	0.993760
6.810	1.000000	1.000000	1.000000	1.000000	-0.373544	1.082393	0.771632	0.993760
6.820	1.000000	1.000000	1.000000	1.000000	-0.373544	1.066070	0.788541	0.975431
6.830	1.000000	1.000000	1.000000	1.000000	-0.373544	0.755947	0.467260	0.993760
6.840	1.000000	1.000000	1.000000	1.000000	-0.358010	0.755947	0.771632	0.975431
6.850	1.000000	1.000000	1.000000	1.000000	-0.373544	0.755947	0.467260	0.975431
6.860	1.000000	1.000000	1.000000	1.000000	-0.373544	0.739625	0.467260	0.993760
6.870	1.000000	1.000000	1.000000	1.000000	-0.358010	0.755947	0.788541	1.012089
6.880	1.000000	1.000000	1.000000	1.000000	-0.358010	0.755947	0.467260	0.975431
6.890	1.000000	1.000000	1.000000	1.000000	-0.358010	0.772269	0.771632	0.993760
6.900	1.000000	1.000000	1.000000	1.000000	-0.653144	0.772269	0.467260	0.975431
6.910	1.000000	1.000000	1.000000	1.000000	-0.373544	0.772269	0.788541	0.975431
6.920	1.000000	1.000000	1.000000	1.000000	-0.358010	0.755947	0.467260	0.975431
6.930	1.000000	1.000000	1.000000	1.000000	-0.373544	0.755947	0.467260	0.975431
6.940	1.000000	1.000000	1.000000	1.000000	-0.373544	0.755947	0.771632	0.993760
6.950	1.000000	1.000000	1.000000	1.000000	-0.373544	0.755947	0.771632	0.975431
6.960	1.000000	1.000000	1.000000	1.000000	-0.373544	0.755947	0.467260	0.975431
6.970	1.000000	1.000000	1.000000	1.000000	-0.358010	0.755947	0.771632	0.975431
6.980	1.000000	1.000000	1.000000	1.000000	-0.358010	0.755947	0.788541	1.012089
6.990	1.000000	1.000000	1.000000	1.000000	-0.373544	0.755947	0.467260	0.993760
7.000	1.000000	1.000000	1.000000	1.000000	-0.373544	1.066070	0.467260	0.993760
7.010	1.000000	1.000000	1.000000	1.000000	-0.373544	0.755947	0.771632	0.993760
7.020	1.000000	1.000000	1.000000	1.000000	-0.358010	0.755947	0.771632	0.975431
7.030	1.000000	1.000000	1.000000	1.000000	-0.358010	0.755947	0.467260	0.975431
7.040	1.000000	1.000000	1.000000	1.000000	-0.358010	0.755947	0.467260	0.993760
7.050	1.000000	1.000000	1.000000	1.000000	-0.373544	0.755947	0.788541	0.993760
7.060	1.000000	1.000000	1.000000	1.000000	-0.358010	0.755947	0.771632	0.993760
7.070	1.000000	1.000000	1.000000	1.000000	-0.373544	0.755947	0.771632	0.993760
7.080	1.000000	1.000000	1.000000	1.000000	-0.373544	0.755947	0.771632	0.993760
7.090	1.000000	1.000000	1.000000	1.000000	-0.373544	1.066070	0.467260	0.993760
7.100	1.000000	1.000000	1.000000	1.000000	-0.373544	0.772269	0.450351	0.975431
7.110	1.000000	1.000000	1.000000	1.000000	-0.373544	0.755947	0.450351	0.993760
7.120	1.000000	1.000000	1.000000	1.000000	-0.373544	0.755947	0.771632	0.993760
7.130	1.000000	1.000000	1.000000	1.000000	-0.373544	0.755947	0.771632	0.975431
7.140	1.000000	1.000000	1.000000	1.000000	-0.389077	0.739625	0.771632	0.975431
7.150	1.000000	1.000000	1.000000	1.000000	-0.389077	0.755947	0.467260	0.975431
7.160	1.000000	1.000000	1.000000	1.000000	-0.373544	0.739625	0.467260	0.975431
7.170	1.000000	1.000000	1.000000	1.000000	-0.373544	0.739625	0.754722	0.993760
7.180	1.000000	1.000000	1.000000	1.000000	-0.373544	0.755947	0.467260	0.993760
7.190	1.000000	1.000000	1.000000	1.000000	-0.373544	0.755947	0.450351	0.975431
7.200	1.000000	1.000000	1.000000	1.000000	-0.373544	0.755947	0.450351	0.993760
7.210	1.000000	1.000000	1.000000	1.000000	-0.373544	1.066070	0.450351	0.975431
7.220	1.000000	1.000000	1.000000	1.000000	-0.373544	0.755947	0.771632	0.975431
7.230	1.000000	1.000000	1.000000	1.000000	-0.373544	1.066070	0.467260	0.975431
7.240	1.000000	1.000000	1.000000	1.000000	-0.373544	0.772269	0.771632	1.012089
7.250	1.000000	1.000000	1.000000	1.000000	-0.373544	0.772269	0.771632	0.993760
7.260	1.000000	1.000000	1.000000	1.000000	-0.373544	0.772269	0.771632	0.993760
7.270	1.000000	1.000000	1.000000	1.000000	-0.373544	1.066070	0.771632	0.975431
7.280	1.000000	1.000000	1.000000	1.000000	-0.373544	0.755947	0.467260	0.993760
7.290	1.000000	1.000000	1.000000	1.000000	-0.373544	0.755947	0.771632	1.012089
7.300	1.000000	1.000000	1.000000	1.000000	-0.373544	0.755947	0.467260	0.993760
7.310	1.000000	1.000000	1.000000	1.000000	-0.373544	1.066070	0.771632	0.993760
7.320	1.000000	1.000000	1.000000	1.000000	-0.668677	0.755947	0.467260	0.993760
7.330	1.000000	1.000000	1.000000	1.000000	-0.373544	0.755947	0.788541	1.012089
7.340	1.000000	1.000000	1.000000	1.000000	-0.373544	0.755947	0.467260	0.993760
7.350	1.000000	1.000000	1.000000	1.000000	-0.373544	0.755947	0.467260	0.993760
7.360	1.000000	1.000000	1.000000	1.000000	-0.389077	0.755947	0.788541	0.993760
7.370	1.000000	1.000000	1.000000	1.000000	-0.373544	1.082393	0.484170	0.993760
7.380	1.000000	1.000000	1.000000	1.000000	-0.373544	0.755947	0.771632	0.993760
7.390	1.000000	1.000000	1.000000	1.000000	-0.389077	0.755947	0.467260	0.993760
7.400	1.000000	1.000000	1.000000	1.000000	-0.389077	0.772269	0.771632	0.993760
7.410	1.000000	1.000000	1.000000	1.000000	-0.373544	0.739625	0.771632	1.012089
7.420	1.000000	1.000000	1.000000	1.000000	-0.373544	0.755947	0.467260	0.993760
7.430	1.000000	1.000000	1.000000	1.000000	-0.373544	0.755947	0.771632	0.993760
7.440	1.000000	1.000000	1.000000	1.000000	-0.078410	0.772269	0.450351	0.975431
7.450	1.000000	1.000000	1.000000	1.000000	-0.373544	0.772269	0.771632	0.993760
7.460	1.000000	1.000000	1.000000	1.000000	-0.373544	0.772269	0.450351	0.975431
7.470	1.000000	1.000000	1.000000	1.000000	-0.373544	0.755947	0.771632	0.993760
7.480	1.000000	1.000000	1.000000	1.000000	-0.373544	0.755947	0.450351	0.993760
7.490	1.000000	1.000000	1.000000	1.000000	-0.358010	1.082393	0.771632	0.975431
7.500	1.000000	1.000000	1.000000	1.000000	-0.373544	0.772269	0.771632	0.993760
7.510	1.000000	1.000000	1.000000	1.000000	-0.389077	0.772269	0.771632	0.993760
7.520	1.000000	1.000000	1.000000	1.000000	-0.389077	1.082393	0.450351	0.993760
7.530	1.000000	1.000000	1.000000	1.000000	-0.373544	0.755947	0.771632	0.993760
7.540	1.000000	1.000000	1.000000	1.000000	-0.389077	0.755947	0.450351	1.012089
7.550	1.000000	1.000000	1.000000	1.000000	-0.373544	0.755947	0.771632	1.030418
7.560	1.000000	1.000000	1.000000	1.000000	-0.373544	0.755947	0.754722	1.012089
7.570	1.000000	1.000000	1.000000	1.000000	-0.358010	0.755947	0.754722	1.342010
7.580	1.000000	1.000000	1.000000	1.000000	-0.373544	0.755947	0.467260	0.993760
7.590	1.000000	1.000000	1.000000	1.000000	-0.373544	0.755947	0.450351	0.993760
7.600	1.000000	1.000000	1.000000	1.000000	-0.373544	0.772269	0.771632	1.012089
7.610	1.000000	1.000000	1.000000	1.000000	-0.373544	1.066070	0.467260	1.012089
7.620	1.000000	1.000000	1.000000	1.000000	-0.373544	0.755947	0.754722	1.012089
7.630	1.000000	1.000000	1.000000	1.000000	-0.373544	0.755947	0.788541	1.012089
7.640	1.000000	1.000000	1.000000	1.000000	-0.373544	0.755947	0.771632	1.323681
7.650	1.000000	1.000000	1.000000	1.000000	-0.373544	0.755947	0.467260	0.993760
7.660	1.000000	1.000000	1.000000	1.000000	-0.373544	0.755947	0.467260	0.993760
7.670	1.000000	1.000000	1.000000	1.000000	-0.358010	1.049748	0.771632	0.993760
7.680	1.000000	1.000000	1.000000	1.000000	-0.078410	1.066070	0.467260	1.012089
7.690	1.000000	1.000000	1.000000	1.000000	-0.373544	0.755947	0.788541	0.993760
7.700	1.000000	1.000000	1.000000	1.000000	-0.373544	0.755947	0.754722	0.993760
7.710	1.000000	1.000000	1.000000	1.000000	-0.358010	1.066070	0.771632	0.993760
7.720	1.000000	1.000000	1.000000	1.000000	-0.373544	0.772269	0.484170	0.993760
7.730	1.000000	1.000000	1.000000	1.000000	-0.373544	0.772269	0.467260	0.993760
7.740	1.000000	1.000000	1.000000	1.000000	-0.373544	0.772269	0.450351	1.012089
7.750	1.000000	1.000000	1.000000	1.000000	-0.373544	0.739625	0.467260	0.993760
7.760	1.000000	1.000000	1.000000	1.000000	-0.373544	0.755947	0.467260	0.993760
7.770	1.000000	1.000000	1.000000	1.000000	-0.373544	0.755947	0.771632	0.975431
7.780	1.000000	1.000000	1.000000	1.000000	-0.373544	0.755947	0.771632	0.993760
7.790	1.000000	1.000000	1.000000	1.000000	-0.373544	0.772269	0.450351	1.012089
7.800	1.000000	1.000000	1.000000	1.000000	-0.078410	0.772269	0.754722	0.993760
7.810	1.000000	1.000000	1.000000	1.000000	-0.373544	0.772269	0.450351	0.993760
7.820	1.000000	1.000000	1.000000	1.000000	-0.373544	0.755947	0.450351	0.993760
7.830	1.000000	1.000000	1.000000	1.000000	-0.373544	0.755947	0.467260	0.993760
7.840	1.000000	1.000000	1.000000	1.000000	-0.373544	0.755947	0.450351	0.993760
7.850	1.000000	1.000000	1.000000	1.000000	-0.373544	0.772269	0.467260	0.993760
7.860	1.000000	1.000000	1.000000	1.000000	-0.373544	1.066070	0.771632	1.012089
7.870	1.000000	1.000000	1.000000	1.000000	-0.373544	0.755947	0.771632	0.993760
7.880	1.000000	1.000000	1.000000	1.000000	-0.358010	0.772269	0.754722	0.993760
7.890	1.000000	1.000000	1.000000	1.000000	-0.373544	1.082393	0.467260	0.975431
7.900	1.000000	1.000000	1.000000	1.000000	-0.373544	0.772269	0.771632	0.975431
7.910	1.000000	1.000000	1.000000	1.000000	-0.358010	0.755947	0.788541	0.975431
7.920	1.000000	1.000000	1.000000	1.000000	-0.373544	0.755947	0.771632	0.993760
7.930	1.000000	1.000000	1.000000	1.000000	-0.373544	0.755947	0.467260	0.993760
7.940	1.000000	1.000000	1.000000	1.000000	-0.373544	0.772269	0.771632	0.993760
7.950	1.000000	1.000000	1.000000	1.000000	-0.373544	0.772269	0.450351	0.993760
7.960	1.000000	1.000000	1.000000	1.000000	-0.358010	0.772269	0.771632	0.993760
7.970	1.000000	1.000000	1.000000	1.000000	-0.358010	0.755947	0.771632	0.993760
7.980	1.000000	1.000000	1.000000	1.000000	-0.373544	0.755947	0.771632	0.993760
7.990	1.000000	1.000000	1.000000	1.000000	-0.373544	0.755947	0.771632	0.993760
8.000	1.000000	1.000000	1.000000	1.000000	-0.373544	0.755947	0.450351	1.012089
8.010	1.000000	1.000000	1.000000	1.000000	-0.373544	1.082393	0.450351	0.993760
8.020	1.000000	1.000000	1.000000	1.000000	-0.342477	0.772269	0.467260	0.993760
8.030	1.000000	1.000000	1.000000	1.000000	-0.358010	0.772269	0.788541	0.993760
8.040	1.000000	1.000000	1.000000	1.000000	-0.358010	0.755947	0.467260	1.012089
8.050	1.000000	1.000000	1.000000	1.000000	-0.342477	0.772269	0.467260	0.993760
8.060	1.000000	1.000000	1.000000	1.000000	-0.342477	0.772269	0.771632	0.993760
8.070	1.000000	1.000000	1.000000	1.000000	-0.373544	0.755947	0.771632	0.993760
8.080	1.000000	1.000000	1.000000	1.000000	-0.358010	0.755947	0.771632	0.993760
8.090	1.000000	1.000000	1.000000	1.000000	-0.373544	0.772269	0.484170	0.993760
8.100	1.000000	1.000000	1.000000	1.000000	-0.373544	0.755947	0.754722	1.012089
8.110	1.000000	1.000000	1.000000	1.000000	-0.358010	1.066070	0.771632	0.993760
8.120	1.000000	1.000000	1.000000	1.000000	-0.358010	0.755947	0.771632	0.993760
8.130	1.000000	1.000000	1.000000	1.000000	-0.358010	0.755947	0.788541	0.993760
8.140	1.000000	1.000000	1.000000	1.000000	-0.373544	0.772269	0.788541	0.993760
8.150	1.000000	1.000000	1.000000	1.000000	-0.358010	0.772269	0.467260	0.993760
8.160	1.000000	1.000000	1.000000	1.000000	-0.358010	0.755947	0.467260	0.975431
8.170	1.000000	1.000000	1.000000	1.000000	-0.358010	0.755947	0.467260	0.993760
8.180	1.000000	1.000000	1.000000	1.000000	-0.373544	0.772269	0.467260	0.993760
8.190	1.000000	1.000000	1.000000	1.000000	-0.358010	0.755947	0.771632	0.993760
8.200	1.000000	1.000000	1.000000	1.000000	-0.358010	0.739625	0.771632	0.975431
8.210	1.000000	1.000000	1.000000	1.000000	-0.358010	1.066070	0.467260	0.975431
8.220	1.000000	1.000000	1.000000	1.000000	-0.373544	0.755947	0.467260	0.993760
8.230	1.000000	1.000000	1.000000	1.000000	-0.373544	0.755947	0.754722	0.993760
8.240	1.000000	1.000000	1.000000	1.000000	-0.373544	1.082393	0.771632	0.993760
8.250	1.000000	1.000000	1.000000	1.000000	-0.358010	0.755947	0.771632	0.993760
8.260	1.000000	1.000000	1.000000	1.000000	-0.373544	0.772269	0.771632	0.645510
8.270	1.000000	1.000000	1.000000	1.000000	-0.373544	0.755947	0.771632	0.975431
8.280	1.000000	1.000000	1.000000	1.000000	-0.373544	0.772269	0.771632	0.975431
8.290	1.000000	1.000000	1.000000	1.000000	-0.358010	1.066070	0.771632	0.993760
8.300	1.000000	1.000000	1.000000	1.000000	-0.373544	0.755947	0.771632	0.975431
8.310	1.000000	1.000000	1.000000	1.000000	-0.389077	0.755947	0.771632	0.993760
8.320	1.000000	1.000000	1.000000	1.000000	-0.373544	0.755947	0.771632	1.012089
8.330	1.000000	1.000000	1.000000	1.000000	-0.373544	0.772269	0.450351	0.993760
8.340	1.000000	1.000000	1.000000	1.000000	-0.373544	0.772269	0.450351	0.993760
8.350	1.000000	1.000000	1.000000	1.000000	-0.373544	0.739625	0.450351	0.993760
8.360	1.000000	1.000000	1.000000	1.000000	-0.373544	0.772269	0.754722	0.993760
8.370	1.000000	1.000000	1.000000	1.000000	-0.373544	0.772269	0.467260	0.993760
8.380	1.000000	1.000000	1.000000	1.000000	-0.373544	0.772269	0.771632	0.993760
8.390	1.000000	1.000000	1.000000	1.000000	-0.373544	0.755947	0.771632	1.012089
8.400	1.000000	1.000000	1.000000	1.000000	-0.373544	0.755947	0.467260	0.993760
8.410	1.000000	1.000000	1.000000	1.000000	-0.373544	0.772269	0.771632	0.975431
8.420	1.000000	1.000000	1.000000	1.000000	-0.373544	0.755947	0.771632	0.975431
8.430	1.000000	1.000000	1.000000	1.000000	-0.373544	0.755947	0.450351	0.993760
8.440	1.000000	1.000000	1.000000	1.000000	-0.358010	1.049748	0.450351	0.993760
8.450	1.000000	1.000000	1.000000	1.000000	-0.358010	0.739625	0.467260	0.975431
8.460	1.000000	1.000000	1.000000	1.000000	-0.373544	0.739625	0.771632	0.993760
8.470	1.000000	1.000000	1.000000	1.000000	-0.373544	0.755947	0.788541	0.975431
8.480	1.000000	1.000000	1.000000	1.000000	-0.358010	0.772269	0.771632	0.993760
8.490	1.000000	1.000000	1.000000	1.000000	-0.358010	0.772269	0.467260	0.975431
8.500	1.000000	1.000000	1.000000	1.000000	-0.373544	0.772269	0.450351	0.993760
8.510	1.000000	1.000000	1.000000	1.000000	-0.373544	0.755947	0.771632	0.975431
8.520	1.000000	1.000000	1.000000	1.000000	-0.358010	0.755947	0.771632	0.975431
8.530	1.000000	1.000000	1.000000	1.000000	-0.358010	1.066070	0.771632	0.993760
8.540	1.000000	1.000000	1.000000	1.000000	-0.373544	0.772269	0.484170	0.993760
8.550	1.000000	1.000000	1.000000	1.000000	-0.373544	0.772269	0.788541	0.993760
8.560	1.000000	1.000000	1.000000	1.000000	-0.358010	1.066070	0.467260	0.993760
8.570	1.000000	1.000000	1.000000	1.000000	-0.358010	0.755947	0.771632	0.975431
8.580	1.000000	1.000000	1.000000	1.000000	-0.358010	0.755947	0.771632	0.975431
8.590	1.000000	1.000000	1.000000	1.000000	-0.373544	0.739625	0.771632	0.993760
8.600	1.000000	1.000000	1.000000	1.000000	-0.358010	0.772269	0.788541	0.975431
8.610	1.000000	1.000000	1.000000	1.000000	-0.358010	0.755947	0.467260	0.993760
8.620	1.000000	1.000000	1.000000	1.000000	-0.373544	0.755947	0.771632	0.993760
8.630	1.000000	1.000000	1.000000	1.000000	-0.062877	1.066070	0.484170	0.975431
8.640	1.000000	1.000000	1.000000	1.000000	-0.358010	1.066070	0.771632	0.993760
8.650	1.000000	1.000000	1.000000	1.000000	-0.373544	0.772269	0.771632	0.975431
8.660	1.000000	1.000000	1.000000	1.000000	-0.358010	1.066070	0.450351	0.993760
8.670	1.000000	1.000000	1.000000	1.000000	-0.358010	1.066070	0.467260	0.993760
8.680	1.000000	1.000000	1.000000	1.000000	-0.358010	0.772269	0.467260	0.975431
8.690	1.000000	1.000000	1.000000	1.000000	-0.358010	1.066070	0.771632	0.993760
8.700	1.000000	1.000000	1.000000	1.000000	-0.373544	1.049748	0.450351	0.975431
8.710	1.000000	1.000000	1.000000	1.000000	-0.358010	0.755947	0.771632	0.975431
8.720	1.000000	1.000000	1.000000	1.000000	-0.358010	1.066070	0.754722	0.975431
8.730	1.000000	1.000000	1.000000	1.000000	-0.358010	1.049748	0.754722	0.975431
8.740	1.000000	1.000000	1.000000	1.000000	-0.373544	0.755947	0.771632	0.993760
8.750	1.000000	1.000000	1.000000	1.000000	-0.358010	0.755947	0.771632	0.975431
8.760	1.000000	1.000000	1.000000	1.000000	-0.373544	0.755947	0.771632	0.975431
8.770	1.000000	1.000000	1.000000	1.000000	-0.358010	0.755947	0.788541	0.975431
8.780	1.000000	1.000000	1.000000	1.000000	-0.358010	0.755947	0.754722	0.975431
8.790	1.000000	1.000000	1.000000	1.000000	-0.373544	0.755947	0.771632	0.993760
8.800	1.000000	1.000000	1.000000	1.000000	-0.373544	0.772269	0.788541	0.993760
8.810	1.000000	1.000000	1.000000	1.000000	-0.373544	0.755947	0.771632	0.993760
8.820	1.000000	1.000000	1.000000	1.000000	-0.358010	0.772269	0.467260	0.993760
8.830	1.000000	1.000000	1.000000	1.000000	-0.373544	0.755947	0.467260	0.993760
8.840	1.000000	1.000000	1.000000	1.000000	-0.358010	0.772269	0.467260	0.993760
8.850	1.000000	1.000000	1.000000	1.000000	-0.358010	0.755947	0.771632	0.975431
8.860	1.000000	1.000000	1.000000	1.000000	-0.373544	0.755947	0.771632	0.993760
8.870	1.000000	1.000000	1.000000	1.000000	-0.358010	1.066070	0.484170	0.975431
8.880	1.000000	1.000000	1.000000	1.000000	-0.373544	0.772269	0.771632	0.993760
8.890	1.000000	1.000000	1.000000	1.000000	-0.358010	0.772269	0.754722	0.975431
8.900	1.000000	1.000000	1.000000	1.000000	-0.373544	1.066070	0.771632	0.993760
8.910	1.000000	1.000000	1.000000	1.000000	-0.373544	0.755947	0.771632	1.323681
8.920	1.000000	1.000000	1.000000	1.000000	-0.373544	0.772269	0.771632	0.993760
8.930	1.000000	1.000000	1.000000	1.000000	-0.373544	0.772269	0.771632	0.975431
8.940	1.000000	1.000000	1.000000	1.000000	-0.373544	0.772269	0.467260	0.993760
8.950	1.000000	1.000000	1.000000	1.000000	-0.358010	0.772269	0.467260	0.993760
8.960	1.000000	1.000000	1.000000	1.000000	-0.373544	0.772269	0.467260	0.975431
8.970	1.000000	1.000000	1.000000	1.000000	-0.389077	1.082393	0.788541	0.993760
8.980	1.000000	1.000000	1.000000	1.000000	-0.373544	0.772269	0.467260	0.975431
8.990	1.000000	1.000000	1.000000	1.000000	-0.373544	0.739625	0.484170	0.975431
9.000	1.000000	1.000000	1.000000	1.000000	-0.373544	1.066070	0.771632	0.975431
9.010	1.000000	1.000000	1.000000	1.000000	-0.668677	0.755947	0.771632	0.975431
9.020	1.000000	1.000000	1.000000	1.000000	-0.373544	0.755947	0.771632	0.975431
9.030	1.000000	1.000000	1.000000	1.000000	-0.373544	0.755947	0.771632	0.993760
9.040	1.000000	1.000000	1.000000	1.000000	-0.373544	0.772269	0.450351	0.993760
9.050	1.000000	1.000000	1.000000	1.000000	-0.373544	0.755947	0.467260	0.993760
9.060	1.000000	1.000000	1.000000	1.000000	-0.373544	1.066070	0.771632	1.323681
9.070	1.000000	1.000000	1.000000	1.000000	-0.373544	0.755947	0.788541	0.975431
9.080	1.000000	1.000000	1.000000	1.000000	-0.078410	0.755947	0.467260	0.975431
9.090	1.000000	1.000000	1.000000	1.000000	-0.373544	0.772269	0.771632	0.975431
9.100	1.000000	1.000000	1.000000	1.000000	-0.373544	0.755947	0.467260	0.975431
9.110	1.000000	1.000000	1.000000	1.000000	-0.373544	0.755947	0.450351	0.975431
9.120	1.000000	1.000000	1.000000	1.000000	-0.373544	1.066070	0.771632	0.993760
9.130	1.000000	1.000000	1.000000	1.000000	-0.373544	1.082393	0.771632	0.993760
9.140	1.000000	1.000000	1.000000	1.000000	-0.373544	0.755947	0.771632	0.993760
9.150	1.000000	1.000000	1.000000	1.000000	-0.373544	0.772269	0.771632	0.993760
9.160	1.000000	1.000000	1.000000	1.000000	-0.358010	1.082393	0.771632	0.993760
