Time(s)	Delta1C(deg)	Delta2C(deg)	Delta3C(deg)	Delta4C(deg)	Delta1(deg)	Delta2(deg)	Delta3(deg)	Delta4(deg)
0.000	0.000000	0.000000	0.000000	0.000000	-1.588780	-0.243532	0.158931	-0.201911
0.010	0.000000	0.000000	0.000000	0.000000	-1.588780	-0.243532	0.158931	-0.201911
0.020	0.000000	0.000000	0.000000	0.000000	-0.373544	0.772269	0.754722	0.993760
0.030	0.000000	0.000000	0.000000	0.000000	-0.373544	0.755947	0.737813	0.993760
0.040	0.000000	0.000000	0.000000	0.000000	-0.373544	0.755947	0.754722	1.012089
0.050	0.000000	0.000000	0.000000	0.000000	-0.668677	0.772269	0.484170	0.993760
0.060	0.000000	0.000000	0.000000	0.000000	-0.653144	0.755947	0.145979	0.663839
0.070	0.000000	0.000000	0.000000	0.000000	-0.948277	0.445824	0.129070	0.315589
0.080	0.000000	0.000000	0.000000	0.000000	-0.948277	0.135701	0.145979	-0.014332
0.090	0.000000	0.000000	0.000000	0.000000	-0.948277	0.135701	0.145979	-0.014332
0.100	0.000000	0.000000	0.000000	0.000000	-0.948277	0.152023	-0.158392	-0.032661
0.110	0.000000	0.000000	0.000000	0.000000	-0.948277	0.152023	0.145979	0.315589
0.120	0.000000	0.000000	0.000000	0.000000	-0.963811	0.135701	0.129070	-0.032661
0.130	0.000000	0.000000	0.000000	0.000000	-0.948277	0.152023	0.129070	-0.032661
0.140	0.000000	0.000000	0.000000	0.000000	-0.948277	0.152023	-0.175301	0.297260
0.150	0.000000	0.000000	0.000000	0.000000	-0.963811	0.152023	0.162889	-0.032661
0.160	0.000000	0.000000	0.000000	0.000000	-0.948277	0.135701	0.145979	-0.032661
0.170	0.000000	0.000000	0.000000	0.000000	-0.948277	0.135701	0.145979	-0.032661
0.180	0.000000	0.000000	0.000000	0.000000	-0.963811	0.135701	0.145979	-0.050990
0.190	0.000000	0.000000	0.000000	0.000000	-0.948277	0.119378	-0.175301	0.315589
0.200	0.000000	0.000000	0.000000	0.000000	-0.963811	0.135701	0.145979	-0.014332
0.210	0.000000	0.000000	0.000000	0.000000	-0.948277	0.152023	-0.175301	-0.032661
0.220	0.000000	0.000000	0.000000	0.000000	-0.963811	0.152023	0.145979	0.315589
0.230	0.000000	0.000000	0.000000	0.000000	-0.963811	0.152023	0.145979	-0.032661
0.240	0.000000	0.000000	0.000000	0.000000	-0.963811	0.135701	0.129070	-0.014332
0.250	0.000000	0.000000	0.000000	0.000000	-0.948277	0.119378	0.129070	0.315589
0.260	0.000000	0.000000	0.000000	0.000000	-0.963811	0.135701	0.145979	0.315589
0.270	0.000000	0.000000	0.000000	0.000000	-0.948277	0.135701	0.145979	-0.032661
0.280	0.000000	0.000000	0.000000	0.000000	-0.948277	0.135701	-0.158392	-0.032661
0.290	0.000000	0.000000	0.000000	0.000000	-0.963811	0.135701	0.145979	-0.032661
0.300	0.000000	0.000000	0.000000	0.000000	-0.963811	0.135701	0.145979	-0.032661
0.310	0.000000	0.000000	0.000000	0.000000	-0.963811	0.135701	0.145979	-0.032661
0.320	0.000000	0.000000	0.000000	0.000000	-1.243411	0.135701	-0.158392	-0.014332
0.330	0.000000	0.000000	0.000000	0.000000	-0.948277	0.135701	0.145979	-0.014332
0.340	0.000000	0.000000	0.000000	0.000000	-0.948277	0.135701	0.145979	0.315589
0.350	0.000000	0.000000	0.000000	0.000000	-0.948277	0.135701	0.145979	-0.032661
0.360	0.000000	0.000000	0.000000	0.000000	-0.948277	0.135701	0.162889	-0.032661
0.370	0.000000	0.000000	0.000000	0.000000	-1.243411	0.135701	0.145979	-0.014332
0.380	0.000000	0.000000	0.000000	0.000000	-0.948277	0.152023	0.145979	-0.032661
0.390	0.000000	0.000000	0.000000	0.000000	-0.948277	0.152023	0.145979	0.315589
0.400	0.000000	0.000000	0.000000	0.000000	-0.963811	0.152023	-0.175301	-0.032661
0.410	0.000000	0.000000	0.000000	0.000000	-0.948277	0.135701	-0.158392	-0.032661
0.420	0.000000	0.000000	0.000000	0.000000	-0.963811	0.135701	0.145979	-0.014332
0.430	0.000000	0.000000	0.000000	0.000000	-0.948277	0.135701	0.145979	-0.050990
0.440	0.000000	0.000000	0.000000	0.000000	-0.948277	0.152023	-0.158392	-0.032661
0.450	0.000000	0.000000	0.000000	0.000000	-0.948277	0.135701	0.145979	-0.032661
0.460	0.000000	0.000000	0.000000	0.000000	-0.948277	0.135701	-0.158392	-0.032661
0.470	0.000000	0.000000	0.000000	0.000000	-0.948277	0.152023	0.162889	-0.032661
0.480	0.000000	0.000000	0.000000	0.000000	-0.948277	0.135701	0.145979	-0.032661
0.490	0.000000	0.000000	0.000000	0.000000	-0.948277	0.152023	-0.158392	-0.032661
0.500	0.000000	0.000000	0.000000	0.000000	-0.963811	0.152023	-0.175301	-0.014332
0.510	0.000000	0.000000	0.000000	0.000000	-0.948277	0.152023	0.145979	0.297260
0.520	0.000000	0.000000	0.000000	0.000000	-0.948277	0.135701	0.129070	-0.014332
0.530	0.000000	0.000000	0.000000	0.000000	-1.258944	0.135701	0.145979	-0.032661
0.540	0.000000	0.000000	0.000000	0.000000	-0.963811	0.462146	-0.175301	-0.014332
0.550	0.000000	0.000000	0.000000	0.000000	-0.963811	0.135701	0.145979	-0.032661
0.560	0.000000	0.000000	0.000000	0.000000	-0.963811	0.135701	-0.158392	-0.050990
0.570	0.000000	0.000000	0.000000	0.000000	-0.963811	0.135701	0.129070	-0.032661
0.580	0.000000	0.000000	0.000000	0.000000	-0.963811	0.152023	0.162889	0.333918
0.590	0.000000	0.000000	0.000000	0.000000	-1.258944	0.135701	0.145979	0.297260
0.600	0.000000	0.000000	0.000000	0.000000	-0.963811	0.152023	0.145979	-0.032661
0.610	0.000000	0.000000	0.000000	0.000000	-0.948277	0.135701	-0.175301	-0.032661
0.620	0.000000	0.000000	0.000000	0.000000	-0.948277	0.152023	0.145979	-0.014332
0.630	0.000000	0.000000	0.000000	0.000000	-0.932744	0.152023	-0.175301	-0.032661
0.640	0.000000	0.000000	0.000000	0.000000	-0.948277	0.135701	0.145979	-0.032661
0.650	0.000000	0.000000	0.000000	0.000000	-0.948277	0.152023	0.145979	0.315589
0.660	0.000000	0.000000	0.000000	0.000000	-0.948277	0.135701	0.129070	-0.014332
0.670	0.000000	0.000000	0.000000	0.000000	-0.948277	0.152023	0.129070	-0.014332
0.680	0.000000	0.000000	0.000000	0.000000	-0.948277	-0.141778	0.129070	-0.032661
0.690	0.000000	0.000000	0.000000	0.000000	-0.948277	0.135701	-0.175301	-0.050990
0.700	0.000000	0.000000	0.000000	0.000000	-0.948277	0.152023	0.129070	-0.032661
0.710	0.000000	0.000000	0.000000	0.000000	-0.948277	0.135701	0.145979	-0.032661
0.720	0.000000	0.000000	0.000000	0.000000	-1.243411	0.152023	0.129070	0.315589
0.730	0.000000	0.000000	0.000000	0.000000	-0.948277	0.135701	0.129070	-0.050990
0.740	0.000000	0.000000	0.000000	0.000000	-0.963811	0.152023	0.145979	0.297260
0.750	0.000000	0.000000	0.000000	0.000000	-1.243411	0.168345	0.129070	-0.032661
0.760	0.000000	0.000000	0.000000	0.000000	-0.948277	0.135701	0.145979	-0.032661
0.770	0.000000	0.000000	0.000000	0.000000	-0.948277	0.135701	0.129070	-0.032661
0.780	0.000000	0.000000	0.000000	0.000000	-1.243411	0.152023	0.145979	0.297260
0.790	0.000000	0.000000	0.000000	0.000000	-0.948277	0.152023	0.145979	-0.032661
0.800	0.000000	0.000000	0.000000	0.000000	-0.948277	0.152023	0.129070	-0.032661
0.810	0.000000	0.000000	0.000000	0.000000	-0.932744	-0.158100	0.129070	-0.014332
0.820	0.000000	0.000000	0.000000	0.000000	-0.963811	0.135701	-0.175301	-0.014332
0.830	0.000000	0.000000	0.000000	0.000000	-0.948277	0.152023	0.129070	-0.014332
0.840	0.000000	0.000000	0.000000	0.000000	-0.948277	0.135701	0.129070	-0.032661
0.850	0.000000	0.000000	0.000000	0.000000	-0.948277	0.152023	0.145979	-0.032661
0.860	0.000000	0.000000	0.000000	0.000000	-1.243411	0.152023	-0.175301	0.297260
0.870	0.000000	0.000000	0.000000	0.000000	-0.948277	0.152023	0.129070	0.297260
0.880	0.000000	0.000000	0.000000	0.000000	-0.932744	0.152023	-0.175301	-0.032661
0.890	0.000000	0.000000	0.000000	0.000000	-0.948277	0.152023	0.129070	-0.032661
0.900	0.000000	0.000000	0.000000	0.000000	-0.932744	0.152023	0.145979	-0.032661
0.910	0.000000	0.000000	0.000000	0.000000	-0.948277	0.135701	-0.192211	-0.014332
0.920	0.000000	0.000000	0.000000	0.000000	-0.948277	-0.158100	0.129070	0.315589
0.930	0.000000	0.000000	0.000000	0.000000	-0.932744	0.152023	0.145979	-0.032661
0.940	0.000000	0.000000	0.000000	0.000000	-0.948277	0.135701	0.145979	-0.050990
0.950	0.000000	0.000000	0.000000	0.000000	-0.963811	0.135701	0.145979	-0.014332
0.960	0.000000	0.000000	0.000000	0.000000	-0.948277	0.152023	0.145979	-0.032661
0.970	0.000000	0.000000	0.000000	0.000000	-0.948277	0.135701	0.145979	-0.032661
0.980	0.000000	0.000000	0.000000	0.000000	-0.948277	0.152023	0.129070	-0.032661
0.990	0.000000	0.000000	0.000000	0.000000	-0.963811	0.152023	0.145979	-0.032661
1.000	0.000000	0.000000	0.000000	0.000000	-0.948277	0.119378	-0.175301	-0.032661
1.010	2.000000	2.000000	2.000000	2.000000	-0.963811	0.152023	0.145979	-0.032661
1.020	2.000000	2.000000	2.000000	2.000000	-0.948277	0.152023	-0.175301	-0.032661
1.030	2.000000	2.000000	2.000000	2.000000	-0.948277	0.135701	-0.175301	-0.050990
1.040	2.000000	2.000000	2.000000	2.000000	-0.668677	0.445824	0.129070	0.297260
1.050	2.000000	2.000000	2.000000	2.000000	-0.078410	0.755947	0.754722	1.323681
1.060	2.000000	2.000000	2.000000	2.000000	0.201190	1.376194	1.076003	1.653602
1.070	2.000000	2.000000	2.000000	2.000000	0.791457	1.702639	1.380374	1.671931
1.080	2.000000	2.000000	2.000000	2.000000	0.791457	1.686317	1.684745	2.001852
1.090	2.000000	2.000000	2.000000	2.000000	0.806990	1.996440	1.684745	2.020181
1.100	2.000000	2.000000	2.000000	2.000000	0.806990	1.686317	1.684745	2.001852
1.110	2.000000	2.000000	2.000000	2.000000	0.806990	2.012763	1.684745	2.020181
1.120	2.000000	2.000000	2.000000	2.000000	0.806990	1.996440	1.380374	2.020181
1.130	2.000000	2.000000	2.000000	2.000000	0.806990	1.996440	1.701655	2.001852
1.140	2.000000	2.000000	2.000000	2.000000	0.791457	1.996440	1.684745	2.020181
1.150	2.000000	2.000000	2.000000	2.000000	0.806990	1.686317	1.380374	2.020181
1.160	2.000000	2.000000	2.000000	2.000000	0.806990	1.686317	1.684745	2.020181
1.170	2.000000	2.000000	2.000000	2.000000	0.806990	1.686317	1.701655	2.020181
1.180	2.000000	2.000000	2.000000	2.000000	0.806990	1.996440	1.667836	2.001852
1.190	2.000000	2.000000	2.000000	2.000000	0.806990	1.996440	1.684745	1.671931
1.200	2.000000	2.000000	2.000000	2.000000	0.806990	1.996440	1.684745	1.653602
1.210	2.000000	2.000000	2.000000	2.000000	0.806990	2.012763	1.684745	2.020181
1.220	2.000000	2.000000	2.000000	2.000000	0.806990	1.996440	1.701655	2.020181
1.230	2.000000	2.000000	2.000000	2.000000	0.806990	1.686317	1.380374	1.671931
1.240	2.000000	2.000000	2.000000	2.000000	0.806990	1.702639	1.380374	1.671931
1.250	2.000000	2.000000	2.000000	2.000000	0.791457	1.996440	1.684745	2.020181
1.260	2.000000	2.000000	2.000000	2.000000	0.791457	1.686317	1.684745	2.001852
1.270	2.000000	2.000000	2.000000	2.000000	0.791457	1.702639	1.684745	1.671931
1.280	2.000000	2.000000	2.000000	2.000000	0.791457	1.980118	1.684745	2.020181
1.290	2.000000	2.000000	2.000000	2.000000	0.791457	1.996440	1.701655	1.690260
1.300	2.000000	2.000000	2.000000	2.000000	0.806990	1.996440	1.380374	2.001852
1.310	2.000000	2.000000	2.000000	2.000000	0.806990	1.996440	1.701655	2.020181
1.320	2.000000	2.000000	2.000000	2.000000	0.806990	1.686317	1.363465	2.020181
1.330	2.000000	2.000000	2.000000	2.000000	0.806990	1.686317	1.684745	2.020181
1.340	2.000000	2.000000	2.000000	2.000000	0.511857	1.996440	1.701655	2.020181
1.350	2.000000	2.000000	2.000000	2.000000	0.806990	1.980118	1.684745	2.020181
1.360	2.000000	2.000000	2.000000	2.000000	0.791457	1.686317	1.684745	2.001852
1.370	2.000000	2.000000	2.000000	2.000000	0.806990	1.980118	1.701655	1.671931
1.380	2.000000	2.000000	2.000000	2.000000	0.791457	1.996440	1.701655	2.001852
1.390	2.000000	2.000000	2.000000	2.000000	0.511857	1.686317	1.701655	2.020181
1.400	2.000000	2.000000	2.000000	2.000000	0.511857	1.996440	1.397284	2.001852
1.410	2.000000	2.000000	2.000000	2.000000	0.806990	1.996440	1.684745	2.020181
1.420	2.000000	2.000000	2.000000	2.000000	0.806990	2.012763	1.701655	2.020181
1.430	2.000000	2.000000	2.000000	2.000000	0.806990	2.012763	1.684745	2.001852
1.440	2.000000	2.000000	2.000000	2.000000	0.806990	1.996440	1.701655	2.020181
1.450	2.000000	2.000000	2.000000	2.000000	0.806990	1.996440	1.380374	2.020181
1.460	2.000000	2.000000	2.000000	2.000000	0.791457	2.012763	1.684745	1.671931
1.470	2.000000	2.000000	2.000000	2.000000	0.791457	1.686317	1.701655	2.001852
1.480	2.000000	2.000000	2.000000	2.000000	0.791457	1.702639	1.684745	1.690260
1.490	2.000000	2.000000	2.000000	2.000000	0.806990	1.980118	1.380374	1.671931
1.500	2.000000	2.000000	2.000000	2.000000	0.822523	1.702639	1.380374	2.020181
1.510	2.000000	2.000000	2.000000	2.000000	0.791457	1.996440	1.684745	2.020181
1.520	2.000000	2.000000	2.000000	2.000000	0.806990	1.669995	1.363465	2.020181
1.530	2.000000	2.000000	2.000000	2.000000	0.806990	1.996440	1.684745	2.020181
1.540	2.000000	2.000000	2.000000	2.000000	0.806990	1.980118	1.684745	1.671931
1.550	2.000000	2.000000	2.000000	2.000000	0.791457	1.980118	1.701655	2.020181
1.560	2.000000	2.000000	2.000000	2.000000	0.806990	1.980118	1.701655	2.001852
1.570	2.000000	2.000000	2.000000	2.000000	0.791457	1.669995	1.701655	2.020181
1.580	2.000000	2.000000	2.000000	2.000000	0.791457	1.980118	1.684745	2.001852
1.590	2.000000	2.000000	2.000000	2.000000	0.791457	1.686317	1.701655	2.001852
1.600	2.000000	2.000000	2.000000	2.000000	0.791457	1.702639	1.684745	2.001852
1.610	2.000000	2.000000	2.000000	2.000000	0.806990	2.012763	1.397284	2.020181
1.620	2.000000	2.000000	2.000000	2.000000	0.791457	1.980118	1.701655	2.020181
1.630	2.000000	2.000000	2.000000	2.000000	0.806990	1.980118	1.701655	2.020181
1.640	2.000000	2.000000	2.000000	2.000000	0.806990	1.996440	1.684745	1.653602
1.650	2.000000	2.000000	2.000000	2.000000	0.791457	1.996440	1.701655	2.020181
1.660	2.000000	2.000000	2.000000	2.000000	0.806990	1.996440	1.701655	2.001852
1.670	2.000000	2.000000	2.000000	2.000000	0.806990	1.686317	1.684745	1.671931
1.680	2.000000	2.000000	2.000000	2.000000	0.791457	1.980118	1.684745	2.020181
1.690	2.000000	2.000000	2.000000	2.000000	0.806990	1.686317	1.684745	1.671931
1.700	2.000000	2.000000	2.000000	2.000000	0.806990	1.669995	1.684745	2.020181
1.710	2.000000	2.000000	2.000000	2.000000	0.791457	1.980118	1.684745	2.001852
1.720	2.000000	2.000000	2.000000	2.000000	0.806990	1.996440	1.684745	2.001852
1.730	2.000000	2.000000	2.000000	2.000000	0.806990	1.669995	1.380374	2.001852
1.740	2.000000	2.000000	2.000000	2.000000	0.791457	1.996440	1.363465	2.038510
1.750	2.000000	2.000000	2.000000	2.000000	0.806990	1.686317	1.684745	2.001852
1.760	2.000000	2.000000	2.000000	2.000000	0.791457	1.980118	1.380374	2.001852
1.770	2.000000	2.000000	2.000000	2.000000	0.791457	1.980118	1.684745	2.020181
1.780	2.000000	2.000000	2.000000	2.000000	0.806990	1.686317	1.667836	2.020181
1.790	2.000000	2.000000	2.000000	2.000000	0.806990	1.996440	1.684745	2.001852
1.800	2.000000	2.000000	2.000000	2.000000	0.806990	1.996440	1.380374	2.001852
1.810	2.000000	2.000000	2.000000	2.000000	0.806990	1.686317	1.684745	2.020181
1.820	2.000000	2.000000	2.000000	2.000000	0.806990	1.980118	1.363465	1.671931
1.830	2.000000	2.000000	2.000000	2.000000	0.806990	1.980118	1.701655	1.671931
1.840	2.000000	2.000000	2.000000	2.000000	0.806990	1.980118	1.684745	2.001852
1.850	2.000000	2.000000	2.000000	2.000000	0.791457	1.980118	1.684745	2.001852
1.860	2.000000	2.000000	2.000000	2.000000	0.791457	1.996440	1.684745	1.671931
1.870	2.000000	2.000000	2.000000	2.000000	0.791457	1.686317	1.684745	1.653602
1.880	2.000000	2.000000	2.000000	2.000000	0.806990	1.996440	1.684745	2.001852
1.890	2.000000	2.000000	2.000000	2.000000	0.806990	1.996440	1.684745	2.001852
1.900	2.000000	2.000000	2.000000	2.000000	0.806990	1.996440	1.684745	2.001852
1.910	2.000000	2.000000	2.000000	2.000000	0.806990	1.980118	1.363465	2.001852
1.920	2.000000	2.000000	2.000000	2.000000	0.806990	1.996440	1.684745	1.653602
1.930	2.000000	2.000000	2.000000	2.000000	0.791457	1.686317	1.380374	2.020181
1.940	2.000000	2.000000	2.000000	2.000000	0.791457	1.980118	1.684745	1.653602
1.950	2.000000	2.000000	2.000000	2.000000	0.806990	1.996440	1.684745	2.001852
1.960	2.000000	2.000000	2.000000	2.000000	0.806990	1.996440	1.380374	1.671931
1.970	2.000000	2.000000	2.000000	2.000000	0.806990	1.686317	1.684745	2.001852
1.980	2.000000	2.000000	2.000000	2.000000	0.806990	1.996440	1.701655	2.001852
1.990	2.000000	2.000000	2.000000	2.000000	0.791457	1.996440	1.684745	1.671931
2.000	2.000000	2.000000	2.000000	2.000000	0.806990	1.669995	1.684745	1.671931
2.010	2.000000	2.000000	2.000000	2.000000	0.791457	1.996440	1.701655	2.001852
2.020	2.000000	2.000000	2.000000	2.000000	0.806990	1.996440	1.684745	1.671931
2.030	2.000000	2.000000	2.000000	2.000000	0.822523	1.669995	1.667836	2.020181
2.040	2.000000	2.000000	2.000000	2.000000	0.806990	1.996440	1.701655	2.001852
2.050	2.000000	2.000000	2.000000	2.000000	0.527390	1.996440	1.701655	1.653602
2.060	2.000000	2.000000	2.000000	2.000000	0.806990	1.996440	1.701655	1.690260
2.070	2.000000	2.000000	2.000000	2.000000	0.806990	1.996440	1.684745	2.020181
2.080	2.000000	2.000000	2.000000	2.000000	0.511857	1.996440	1.701655	2.001852
2.090	2.000000	2.000000	2.000000	2.000000	0.806990	1.996440	1.684745	2.020181
2.100	2.000000	2.000000	2.000000	2.000000	0.791457	1.686317	1.684745	1.671931
2.110	2.000000	2.000000	2.000000	2.000000	0.822523	1.996440	1.380374	2.020181
2.120	2.000000	2.000000	2.000000	2.000000	0.806990	1.980118	1.701655	2.020181
2.130	2.000000	2.000000	2.000000	2.000000	0.806990	1.702639	1.684745	2.020181
2.140	2.000000	2.000000	2.000000	2.000000	0.791457	1.996440	1.701655	2.020181
2.150	2.000000	2.000000	2.000000	2.000000	0.806990	1.669995	1.684745	2.020181
2.160	2.000000	2.000000	2.000000	2.000000	0.806990	1.980118	1.684745	2.020181
2.170	2.000000	2.000000	2.000000	2.000000	0.527390	1.996440	1.701655	2.001852
2.180	2.000000	2.000000	2.000000	2.000000	0.822523	1.996440	1.684745	2.038510
2.190	2.000000	2.000000	2.000000	2.000000	0.822523	1.980118	1.701655	2.020181
2.200	2.000000	2.000000	2.000000	2.000000	0.806990	1.996440	1.684745	1.690260
2.210	2.000000	2.000000	2.000000	2.000000	0.822523	1.980118	1.701655	2.001852
2.220	2.000000	2.000000	2.000000	2.000000	0.806990	1.980118	1.701655	2.020181
2.230	2.000000	2.000000	2.000000	2.000000	0.806990	1.996440	1.684745	2.020181
2.240	2.000000	2.000000	2.000000	2.000000	0.806990	1.996440	1.684745	2.020181
2.250	2.000000	2.000000	2.000000	2.000000	0.806990	1.996440	1.701655	2.020181
2.260	2.000000	2.000000	2.000000	2.000000	0.806990	1.996440	1.684745	1.671931
2.270	2.000000	2.000000	2.000000	2.000000	0.822523	1.669995	1.701655	2.001852
2.280	2.000000	2.000000	2.000000	2.000000	0.527390	1.996440	1.684745	2.001852
2.290	2.000000	2.000000	2.000000	2.000000	0.806990	1.996440	1.667836	2.001852
2.300	2.000000	2.000000	2.000000	2.000000	0.806990	1.996440	1.684745	2.001852
2.310	2.000000	2.000000	2.000000	2.000000	0.806990	1.996440	1.684745	2.001852
2.320	2.000000	2.000000	2.000000	2.000000	0.806990	1.980118	1.363465	2.001852
2.330	2.000000	2.000000	2.000000	2.000000	1.102123	1.686317	1.667836	2.001852
2.340	2.000000	2.000000	2.000000	2.000000	0.806990	1.980118	1.684745	2.001852
2.350	2.000000	2.000000	2.000000	2.000000	0.806990	1.996440	1.684745	2.001852
2.360	2.000000	2.000000	2.000000	2.000000	0.806990	1.980118	1.380374	2.001852
2.370	2.000000	2.000000	2.000000	2.000000	0.806990	1.996440	1.363465	2.001852
2.380	2.000000	2.000000	2.000000	2.000000	0.511857	1.996440	1.684745	1.653602
2.390	2.000000	2.000000	2.000000	2.000000	0.806990	1.996440	1.684745	2.001852
2.400	2.000000	2.000000	2.000000	2.000000	0.822523	1.686317	1.684745	2.001852
2.410	2.000000	2.000000	2.000000	2.000000	0.806990	1.996440	1.684745	2.001852
2.420	2.000000	2.000000	2.000000	2.000000	0.806990	1.702639	1.684745	2.001852
2.430	2.000000	2.000000	2.000000	2.000000	0.806990	1.980118	1.684745	2.001852
2.440	2.000000	2.000000	2.000000	2.000000	0.806990	1.996440	1.701655	2.001852
2.450	2.000000	2.000000	2.000000	2.000000	0.806990	1.686317	1.684745	2.001852
2.460	2.000000	2.000000	2.000000	2.000000	0.806990	1.686317	1.701655	2.001852
2.470	2.000000	2.000000	2.000000	2.000000	0.806990	1.996440	1.684745	1.653602
2.480	2.000000	2.000000	2.000000	2.000000	0.806990	1.996440	1.684745	2.001852
2.490	2.000000	2.000000	2.000000	2.000000	0.806990	1.686317	1.701655	2.001852
2.500	2.000000	2.000000	2.000000	2.000000	0.806990	1.996440	1.380374	1.653602
2.510	2.000000	2.000000	2.000000	2.000000	0.806990	1.980118	1.718564	2.001852
2.520	2.000000	2.000000	2.000000	2.000000	0.806990	1.669995	1.380374	2.038510
2.530	2.000000	2.000000	2.000000	2.000000	0.806990	1.669995	1.380374	2.020181
2.540	2.000000	2.000000	2.000000	2.000000	0.822523	1.996440	1.701655	2.020181
2.550	2.000000	2.000000	2.000000	2.000000	0.806990	1.980118	1.701655	2.020181
2.560	2.000000	2.000000	2.000000	2.000000	0.806990	1.980118	1.701655	2.020181
2.570	2.000000	2.000000	2.000000	2.000000	0.806990	1.980118	1.701655	2.038510
2.580	2.000000	2.000000	2.000000	2.000000	0.806990	1.980118	1.701655	1.671931
2.590	2.000000	2.000000	2.000000	2.000000	0.806990	1.980118	1.701655	1.671931
2.600	2.000000	2.000000	2.000000	2.000000	0.511857	1.996440	1.380374	2.020181
2.610	2.000000	2.000000	2.000000	2.000000	0.806990	1.980118	1.684745	2.020181
2.620	2.000000	2.000000	2.000000	2.000000	0.822523	1.980118	1.701655	2.020181
2.630	2.000000	2.000000	2.000000	2.000000	0.806990	1.996440	1.684745	2.020181
2.640	2.000000	2.000000	2.000000	2.000000	0.806990	1.996440	1.684745	1.671931
2.650	2.000000	2.000000	2.000000	2.000000	0.806990	1.686317	1.684745	1.671931
2.660	2.000000	2.000000	2.000000	2.000000	0.822523	1.996440	1.701655	2.001852
2.670	2.000000	2.000000	2.000000	2.000000	0.806990	1.996440	1.684745	2.020181
2.680	2.000000	2.000000	2.000000	2.000000	0.822523	1.980118	1.684745	2.020181
2.690	2.000000	2.000000	2.000000	2.000000	0.791457	1.980118	1.380374	1.653602
2.700	2.000000	2.000000	2.000000	2.000000	0.806990	1.702639	1.701655	2.020181
2.710	2.000000	2.000000	2.000000	2.000000	0.791457	1.996440	1.684745	2.001852
2.720	2.000000	2.000000	2.000000	2.000000	0.806990	1.980118	1.684745	2.020181
2.730	2.000000	2.000000	2.000000	2.000000	0.511857	1.686317	1.684745	2.020181
2.740	2.000000	2.000000	2.000000	2.000000	0.806990	1.980118	1.684745	2.001852
2.750	2.000000	2.000000	2.000000	2.000000	0.791457	1.996440	1.701655	1.653602
2.760	2.000000	2.000000	2.000000	2.000000	0.791457	1.996440	1.684745	2.020181
2.770	2.000000	2.000000	2.000000	2.000000	0.806990	1.980118	1.684745	2.001852
2.780	2.000000	2.000000	2.000000	2.000000	0.806990	1.996440	1.380374	2.020181
2.790	2.000000	2.000000	2.000000	2.000000	0.791457	1.669995	1.684745	2.001852
2.800	2.000000	2.000000	2.000000	2.000000	0.806990	1.686317	1.701655	2.020181
2.810	2.000000	2.000000	2.000000	2.000000	0.806990	1.996440	1.701655	1.671931
2.820	2.000000	2.000000	2.000000	2.000000	0.806990	1.980118	1.701655	1.671931
2.830	2.000000	2.000000	2.000000	2.000000	0.791457	1.996440	1.684745	2.020181
2.840	2.000000	2.000000	2.000000	2.000000	0.806990	1.980118	1.989117	2.001852
2.850	2.000000	2.000000	2.000000	2.000000	0.511857	1.686317	1.701655	2.001852
2.860	2.000000	2.000000	2.000000	2.000000	0.806990	1.702639	1.684745	2.001852
2.870	2.000000	2.000000	2.000000	2.000000	0.806990	1.996440	1.701655	2.038510
2.880	2.000000	2.000000	2.000000	2.000000	0.806990	1.980118	1.380374	1.653602
2.890	2.000000	2.000000	2.000000	2.000000	0.806990	1.686317	1.684745	2.020181
2.900	2.000000	2.000000	2.000000	2.000000	0.806990	1.996440	1.701655	1.671931
2.910	2.000000	2.000000	2.000000	2.000000	0.806990	1.996440	1.701655	2.020181
2.920	2.000000	2.000000	2.000000	2.000000	0.806990	1.996440	1.667836	1.671931
2.930	2.000000	2.000000	2.000000	2.000000	0.822523	1.980118	1.380374	2.020181
2.940	2.000000	2.000000	2.000000	2.000000	0.527390	1.996440	1.701655	1.653602
2.950	2.000000	2.000000	2.000000	2.000000	0.806990	1.980118	1.380374	2.001852
2.960	2.000000	2.000000	2.000000	2.000000	0.822523	1.686317	1.701655	2.020181
2.970	2.000000	2.000000	2.000000	2.000000	0.806990	1.996440	1.397284	2.001852
2.980	2.000000	2.000000	2.000000	2.000000	0.806990	1.669995	1.701655	2.001852
2.990	2.000000	2.000000	2.000000	2.000000	0.806990	1.996440	1.684745	2.001852
3.000	2.000000	2.000000	2.000000	2.000000	0.806990	1.996440	1.701655	2.001852
3.010	2.000000	2.000000	2.000000	2.000000	0.806990	1.996440	1.701655	2.020181
3.020	2.000000	2.000000	2.000000	2.000000	0.806990	1.669995	1.701655	1.671931
3.030	2.000000	2.000000	2.000000	2.000000	0.511857	2.012763	1.684745	1.671931
3.040	2.000000	2.000000	2.000000	2.000000	0.806990	1.702639	1.684745	1.653602
3.050	2.000000	2.000000	2.000000	2.000000	0.806990	1.980118	1.684745	2.001852
3.060	2.000000	2.000000	2.000000	2.000000	0.806990	2.290241	1.684745	2.020181
3.070	2.000000	2.000000	2.000000	2.000000	0.806990	1.996440	1.701655	2.001852
3.080	2.000000	2.000000	2.000000	2.000000	0.791457	1.669995	1.718564	1.653602
3.090	2.000000	2.000000	2.000000	2.000000	0.806990	1.996440	1.718564	2.020181
3.100	2.000000	2.000000	2.000000	2.000000	0.791457	1.996440	1.701655	2.001852
3.110	2.000000	2.000000	2.000000	2.000000	0.791457	1.996440	1.701655	2.020181
3.120	2.000000	2.000000	2.000000	2.000000	0.806990	2.012763	1.701655	2.001852
3.130	2.000000	2.000000	2.000000	2.000000	0.791457	2.012763	1.397284	2.020181
3.140	2.000000	2.000000	2.000000	2.000000	0.806990	1.686317	1.701655	1.671931
3.150	2.000000	2.000000	2.000000	2.000000	0.806990	1.980118	1.684745	2.001852
3.160	2.000000	2.000000	2.000000	2.000000	0.791457	1.686317	1.380374	2.001852
3.170	2.000000	2.000000	2.000000	2.000000	0.791457	1.686317	1.701655	2.001852
3.180	2.000000	2.000000	2.000000	2.000000	0.806990	1.980118	1.701655	2.020181
3.190	2.000000	2.000000	2.000000	2.000000	0.791457	1.702639	1.380374	1.983523
3.200	2.000000	2.000000	2.000000	2.000000	0.806990	1.980118	1.684745	2.001852
3.210	2.000000	2.000000	2.000000	2.000000	0.791457	1.996440	1.701655	2.001852
3.220	2.000000	2.000000	2.000000	2.000000	0.791457	1.980118	1.701655	2.001852
3.230	2.000000	2.000000	2.000000	2.000000	0.511857	1.686317	1.380374	1.671931
3.240	2.000000	2.000000	2.000000	2.000000	0.791457	1.980118	1.701655	2.020181
3.250	2.000000	2.000000	2.000000	2.000000	0.791457	1.686317	1.701655	2.001852
3.260	2.000000	2.000000	2.000000	2.000000	0.806990	1.980118	1.380374	1.671931
3.270	2.000000	2.000000	2.000000	2.000000	0.806990	1.980118	1.701655	2.001852
3.280	2.000000	2.000000	2.000000	2.000000	0.806990	1.980118	1.380374	2.020181
3.290	2.000000	2.000000	2.000000	2.000000	0.791457	1.980118	1.701655	2.001852
3.300	2.000000	2.000000	2.000000	2.000000	0.806990	1.980118	1.718564	2.001852
3.310	2.000000	2.000000	2.000000	2.000000	0.791457	1.686317	1.701655	2.001852
3.320	2.000000	2.000000	2.000000	2.000000	0.791457	1.996440	1.380374	2.020181
3.330	2.000000	2.000000	2.000000	2.000000	0.806990	1.996440	1.701655	2.001852
3.340	2.000000	2.000000	2.000000	2.000000	0.806990	1.980118	1.701655	2.001852
3.350	2.000000	2.000000	2.000000	2.000000	0.511857	1.996440	1.701655	2.001852
3.360	2.000000	2.000000	2.000000	2.000000	0.806990	2.290241	1.701655	2.020181
3.370	2.000000	2.000000	2.000000	2.000000	0.791457	1.996440	1.701655	2.001852
3.380	2.000000	2.000000	2.000000	2.000000	0.806990	1.996440	1.718564	2.020181
3.390	2.000000	2.000000	2.000000	2.000000	0.806990	1.686317	1.701655	1.671931
3.400	2.000000	2.000000	2.000000	2.000000	0.791457	1.996440	1.701655	2.020181
3.410	2.000000	2.000000	2.000000	2.000000	0.791457	1.686317	1.684745	2.038510
3.420	2.000000	2.000000	2.000000	2.000000	0.806990	1.980118	1.684745	2.020181
3.430	2.000000	2.000000	2.000000	2.000000	0.806990	1.980118	1.701655	2.020181
3.440	2.000000	2.000000	2.000000	2.000000	0.511857	1.996440	1.701655	2.020181
3.450	2.000000	2.000000	2.000000	2.000000	0.806990	1.980118	1.701655	2.001852
3.460	2.000000	2.000000	2.000000	2.000000	0.806990	1.996440	1.684745	1.690260
3.470	2.000000	2.000000	2.000000	2.000000	0.791457	2.012763	1.701655	2.020181
3.480	2.000000	2.000000	2.000000	2.000000	0.806990	2.012763	1.701655	2.001852
3.490	2.000000	2.000000	2.000000	2.000000	0.806990	1.980118	1.684745	2.020181
3.500	2.000000	2.000000	2.000000	2.000000	0.822523	2.012763	1.684745	2.020181
3.510	2.000000	2.000000	2.000000	2.000000	0.806990	1.980118	1.701655	2.001852
3.520	2.000000	2.000000	2.000000	2.000000	0.822523	1.980118	1.397284	2.001852
3.530	2.000000	2.000000	2.000000	2.000000	0.511857	1.686317	1.701655	1.671931
3.540	2.000000	2.000000	2.000000	2.000000	0.806990	1.980118	1.397284	1.671931
3.550	2.000000	2.000000	2.000000	2.000000	0.806990	1.980118	1.701655	2.001852
3.560	2.000000	2.000000	2.000000	2.000000	0.806990	1.980118	1.684745	2.020181
3.570	2.000000	2.000000	2.000000	2.000000	0.822523	2.012763	1.701655	1.671931
3.580	2.000000	2.000000	2.000000	2.000000	0.806990	1.996440	1.397284	2.001852
3.590	2.000000	2.000000	2.000000	2.000000	0.806990	1.996440	1.701655	1.690260
3.600	2.000000	2.000000	2.000000	2.000000	0.806990	1.996440	1.684745	2.001852
3.610	2.000000	2.000000	2.000000	2.000000	0.806990	1.996440	1.380374	2.001852
3.620	2.000000	2.000000	2.000000	2.000000	0.822523	1.996440	1.684745	2.001852
3.630	2.000000	2.000000	2.000000	2.000000	0.806990	1.980118	1.397284	2.001852
3.640	2.000000	2.000000	2.000000	2.000000	0.806990	1.996440	1.701655	1.983523
3.650	2.000000	2.000000	2.000000	2.000000	0.527390	1.669995	1.701655	2.020181
3.660	2.000000	2.000000	2.000000	2.000000	0.806990	1.702639	1.701655	1.653602
3.670	2.000000	2.000000	2.000000	2.000000	0.806990	1.980118	1.684745	1.983523
3.680	2.000000	2.000000	2.000000	2.000000	0.822523	1.996440	1.701655	1.653602
3.690	2.000000	2.000000	2.000000	2.000000	0.806990	1.996440	1.684745	2.001852
3.700	2.000000	2.000000	2.000000	2.000000	0.806990	1.980118	1.397284	2.001852
3.710	2.000000	2.000000	2.000000	2.000000	0.822523	1.996440	1.684745	2.001852
3.720	2.000000	2.000000	2.000000	2.000000	0.806990	1.996440	1.701655	2.001852
3.730	2.000000	2.000000	2.000000	2.000000	0.806990	1.996440	1.684745	2.001852
3.740	2.000000	2.000000	2.000000	2.000000	0.511857	1.996440	1.701655	1.671931
3.750	2.000000	2.000000	2.000000	2.000000	0.822523	1.669995	1.701655	2.020181
3.760	2.000000	2.000000	2.000000	2.000000	0.511857	2.290241	1.701655	1.653602
3.770	2.000000	2.000000	2.000000	2.000000	0.822523	1.669995	1.701655	2.001852
3.780	2.000000	2.000000	2.000000	2.000000	0.806990	1.686317	1.684745	1.653602
3.790	2.000000	2.000000	2.000000	2.000000	0.806990	1.996440	1.701655	2.001852
3.800	2.000000	2.000000	2.000000	2.000000	0.527390	1.996440	1.701655	2.020181
3.810	2.000000	2.000000	2.000000	2.000000	0.806990	1.996440	1.701655	1.671931
3.820	2.000000	2.000000	2.000000	2.000000	0.806990	1.980118	1.701655	2.001852
3.830	2.000000	2.000000	2.000000	2.000000	0.806990	1.996440	1.701655	2.020181
3.840	2.000000	2.000000	2.000000	2.000000	0.806990	1.996440	1.701655	2.020181
3.850	2.000000	2.000000	2.000000	2.000000	0.822523	1.996440	1.684745	2.020181
3.860	2.000000	2.000000	2.000000	2.000000	0.822523	1.996440	1.701655	1.690260
3.870	2.000000	2.000000	2.000000	2.000000	0.822523	1.996440	1.684745	2.020181
3.880	2.000000	2.000000	2.000000	2.000000	0.806990	1.996440	1.701655	2.001852
3.890	2.000000	2.000000	2.000000	2.000000	0.806990	1.996440	1.684745	2.020181
3.900	2.000000	2.000000	2.000000	2.000000	0.791457	1.996440	1.684745	1.671931
3.910	2.000000	2.000000	2.000000	2.000000	0.806990	1.996440	1.380374	2.001852
3.920	2.000000	2.000000	2.000000	2.000000	0.806990	1.996440	1.701655	2.020181
3.930	2.000000	2.000000	2.000000	2.000000	0.822523	1.980118	1.684745	2.020181
3.940	2.000000	2.000000	2.000000	2.000000	0.822523	1.686317	1.380374	2.020181
3.950	2.000000	2.000000	2.000000	2.000000	0.822523	1.980118	1.684745	2.001852
3.960	2.000000	2.000000	2.000000	2.000000	0.806990	1.980118	1.718564	1.671931
3.970	2.000000	2.000000	2.000000	2.000000	0.822523	2.012763	1.701655	2.020181
3.980	2.000000	2.000000	2.000000	2.000000	0.806990	1.996440	1.684745	2.001852
3.990	2.000000	2.000000	2.000000	2.000000	0.806990	1.996440	1.684745	2.001852
4.000	2.000000	2.000000	2.000000	2.000000	0.822523	1.686317	1.363465	1.983523
4.010	2.000000	2.000000	2.000000	2.000000	0.822523	1.996440	1.684745	2.001852
4.020	2.000000	2.000000	2.000000	2.000000	0.806990	1.980118	1.684745	1.653602
4.030	2.000000	2.000000	2.000000	2.000000	0.527390	1.980118	1.380374	1.671931
4.040	2.000000	2.000000	2.000000	2.000000	0.806990	1.996440	1.684745	1.671931
4.050	2.000000	2.000000	2.000000	2.000000	0.806990	1.996440	1.380374	2.001852
4.060	2.000000	2.000000	2.000000	2.000000	0.822523	1.702639	1.684745	2.020181
4.070	2.000000	2.000000	2.000000	2.000000	0.806990	1.996440	1.684745	1.671931
4.080	2.000000	2.000000	2.000000	2.000000	0.822523	1.996440	1.701655	2.020181
4.090	2.000000	2.000000	2.000000	2.000000	0.822523	1.980118	1.701655	2.001852
4.100	2.000000	2.000000	2.000000	2.000000	0.806990	1.996440	1.684745	1.671931
4.110	2.000000	2.000000	2.000000	2.000000	0.806990	1.980118	1.684745	2.020181
4.120	2.000000	2.000000	2.000000	2.000000	0.806990	1.980118	1.684745	1.671931
4.130	2.000000	2.000000	2.000000	2.000000	0.806990	1.996440	1.684745	2.001852
4.140	2.000000	2.000000	2.000000	2.000000	0.806990	1.996440	1.684745	2.020181
4.150	2.000000	2.000000	2.000000	2.000000	0.806990	1.996440	1.380374	2.020181
4.160	2.000000	2.000000	2.000000	2.000000	0.806990	2.012763	1.684745	2.038510
4.170	2.000000	2.000000	2.000000	2.000000	0.806990	1.996440	1.380374	2.020181
4.180	2.000000	2.000000	2.000000	2.000000	0.822523	1.980118	1.684745	1.671931
4.190	2.000000	2.000000	2.000000	2.000000	0.806990	1.980118	1.684745	2.001852
4.200	2.000000	2.000000	2.000000	2.000000	0.806990	1.996440	1.684745	1.671931
4.210	2.000000	2.000000	2.000000	2.000000	0.806990	1.996440	1.684745	2.001852
4.220	2.000000	2.000000	2.000000	2.000000	0.806990	1.996440	1.684745	2.001852
4.230	2.000000	2.000000	2.000000	2.000000	0.806990	1.996440	1.701655	2.020181
4.240	2.000000	2.000000	2.000000	2.000000	0.806990	1.686317	1.380374	2.020181
4.250	2.000000	2.000000	2.000000	2.000000	0.806990	1.686317	1.701655	1.671931
4.260	2.000000	2.000000	2.000000	2.000000	0.806990	1.980118	1.684745	2.001852
4.270	2.000000	2.000000	2.000000	2.000000	0.511857	1.980118	1.684745	2.001852
4.280	2.000000	2.000000	2.000000	2.000000	0.806990	1.980118	1.701655	2.020181
4.290	2.000000	2.000000	2.000000	2.000000	0.806990	1.980118	1.684745	2.020181
4.300	2.000000	2.000000	2.000000	2.000000	0.806990	1.996440	1.684745	2.020181
4.310	2.000000	2.000000	2.000000	2.000000	0.822523	1.686317	1.684745	2.001852
4.320	2.000000	2.000000	2.000000	2.000000	0.791457	1.996440	1.684745	2.001852
4.330	2.000000	2.000000	2.000000	2.000000	0.806990	1.996440	1.684745	2.001852
4.340	2.000000	2.000000	2.000000	2.000000	0.806990	1.996440	1.684745	2.001852
4.350	2.000000	2.000000	2.000000	2.000000	0.806990	1.996440	1.667836	1.653602
4.360	2.000000	2.000000	2.000000	2.000000	0.806990	1.996440	1.667836	2.001852
4.370	2.000000	2.000000	2.000000	2.000000	0.822523	2.012763	1.684745	2.001852
4.380	2.000000	2.000000	2.000000	2.000000	0.822523	1.996440	1.684745	2.038510
4.390	2.000000	2.000000	2.000000	2.000000	0.806990	1.980118	1.397284	1.671931
4.400	2.000000	2.000000	2.000000	2.000000	0.806990	1.980118	1.684745	2.020181
4.410	2.000000	2.000000	2.000000	2.000000	0.806990	1.996440	1.380374	1.690260
4.420	2.000000	2.000000	2.000000	2.000000	0.806990	1.996440	1.684745	1.690260
4.430	2.000000	2.000000	2.000000	2.000000	0.806990	1.980118	1.701655	2.001852
4.440	2.000000	2.000000	2.000000	2.000000	0.791457	1.996440	1.989117	2.020181
4.450	2.000000	2.000000	2.000000	2.000000	0.806990	1.996440	1.684745	2.001852
4.460	2.000000	2.000000	2.000000	2.000000	0.806990	1.980118	1.684745	2.001852
4.470	2.000000	2.000000	2.000000	2.000000	0.822523	1.996440	1.684745	2.020181
4.480	2.000000	2.000000	2.000000	2.000000	0.806990	1.996440	1.684745	2.001852
4.490	2.000000	2.000000	2.000000	2.000000	0.806990	1.669995	1.684745	2.001852
4.500	2.000000	2.000000	2.000000	2.000000	0.806990	1.996440	1.684745	2.020181
4.510	2.000000	2.000000	2.000000	2.000000	0.806990	1.996440	1.380374	1.653602
4.520	2.000000	2.000000	2.000000	2.000000	0.806990	1.686317	1.397284	2.001852
4.530	2.000000	2.000000	2.000000	2.000000	0.822523	1.996440	1.701655	2.020181
4.540	2.000000	2.000000	2.000000	2.000000	0.806990	1.980118	1.701655	1.671931
4.550	2.000000	2.000000	2.000000	2.000000	0.806990	1.996440	1.684745	2.001852
4.560	2.000000	2.000000	2.000000	2.000000	0.806990	1.980118	1.684745	1.671931
4.570	2.000000	2.000000	2.000000	2.000000	0.806990	1.996440	1.701655	2.001852
4.580	2.000000	2.000000	2.000000	2.000000	0.806990	1.686317	1.718564	2.001852
4.590	2.000000	2.000000	2.000000	2.000000	0.527390	1.996440	1.684745	2.001852
4.600	2.000000	2.000000	2.000000	2.000000	0.822523	1.996440	1.684745	2.001852
4.610	2.000000	2.000000	2.000000	2.000000	0.806990	1.980118	1.684745	2.001852
4.620	2.000000	2.000000	2.000000	2.000000	0.806990	1.996440	1.701655	2.001852
4.630	2.000000	2.000000	2.000000	2.000000	0.822523	1.996440	1.684745	2.020181
4.640	2.000000	2.000000	2.000000	2.000000	0.806990	1.996440	1.701655	2.001852
4.650	2.000000	2.000000	2.000000	2.000000	0.527390	1.996440	1.397284	1.653602
4.660	2.000000	2.000000	2.000000	2.000000	0.822523	1.996440	1.684745	2.001852
4.670	2.000000	2.000000	2.000000	2.000000	0.806990	1.669995	1.684745	2.020181
4.680	2.000000	2.000000	2.000000	2.000000	0.806990	1.686317	1.684745	2.020181
4.690	2.000000	2.000000	2.000000	2.000000	0.542923	1.996440	1.684745	1.653602
4.700	2.000000	2.000000	2.000000	2.000000	0.806990	1.996440	1.397284	2.020181
4.710	2.000000	2.000000	2.000000	2.000000	0.806990	1.996440	1.684745	2.001852
4.720	2.000000	2.000000	2.000000	2.000000	0.822523	1.669995	1.684745	1.653602
4.730	2.000000	2.000000	2.000000	2.000000	0.822523	1.996440	1.684745	2.001852
4.740	2.000000	2.000000	2.000000	2.000000	0.806990	1.980118	1.667836	2.020181
4.750	2.000000	2.000000	2.000000	2.000000	0.806990	1.996440	1.363465	2.001852
4.760	2.000000	2.000000	2.000000	2.000000	0.806990	1.996440	1.701655	2.001852
4.770	2.000000	2.000000	2.000000	2.000000	0.806990	1.996440	1.684745	2.001852
4.780	2.000000	2.000000	2.000000	2.000000	0.822523	1.996440	1.701655	1.671931
4.790	2.000000	2.000000	2.000000	2.000000	0.791457	1.980118	1.701655	2.001852
4.800	2.000000	2.000000	2.000000	2.000000	0.511857	1.996440	1.701655	1.671931
4.810	2.000000	2.000000	2.000000	2.000000	0.806990	1.996440	1.701655	2.001852
4.820	2.000000	2.000000	2.000000	2.000000	0.806990	1.996440	1.684745	2.001852
4.830	2.000000	2.000000	2.000000	2.000000	0.822523	1.980118	1.684745	2.001852
4.840	2.000000	2.000000	2.000000	2.000000	0.806990	1.980118	1.667836	2.020181
4.850	2.000000	2.000000	2.000000	2.000000	0.806990	1.996440	1.684745	1.671931
4.860	2.000000	2.000000	2.000000	2.000000	0.511857	1.702639	1.684745	2.020181
4.870	2.000000	2.000000	2.000000	2.000000	0.822523	1.980118	1.684745	2.001852
4.880	2.000000	2.000000	2.000000	2.000000	0.822523	1.996440	1.701655	2.001852
4.890	2.000000	2.000000	2.000000	2.000000	0.822523	1.686317	1.684745	1.653602
4.900	2.000000	2.000000	2.000000	2.000000	0.822523	1.996440	1.684745	1.690260
4.910	2.000000	2.000000	2.000000	2.000000	0.822523	1.996440	1.701655	2.020181
4.920	2.000000	2.000000	2.000000	2.000000	0.822523	1.996440	1.684745	2.020181
4.930	2.000000	2.000000	2.000000	2.000000	0.822523	1.996440	1.684745	2.020181
4.940	2.000000	2.000000	2.000000	2.000000	0.822523	1.980118	1.684745	2.020181
4.950	2.000000	2.000000	2.000000	2.000000	0.806990	1.996440	1.684745	2.001852
4.960	2.000000	2.000000	2.000000	2.000000	0.822523	1.996440	1.684745	2.020181
4.970	2.000000	2.000000	2.000000	2.000000	0.806990	1.980118	1.684745	2.001852
4.980	2.000000	2.000000	2.000000	2.000000	0.806990	1.980118	1.684745	2.020181
4.990	2.000000	2.000000	2.000000	2.000000	0.822523	1.996440	1.684745	2.020181
5.000	2.000000	2.000000	2.000000	2.000000	0.822523	1.996440	1.701655	2.020181
5.010	2.000000	2.000000	2.000000	2.000000	0.822523	1.669995	1.701655	2.001852
5.020	2.000000	2.000000	2.000000	2.000000	0.822523	1.996440	1.701655	2.001852
5.030	2.000000	2.000000	2.000000	2.000000	0.822523	1.996440	2.006026	2.020181
5.040	2.000000	2.000000	2.000000	2.000000	0.822523	1.686317	1.684745	2.001852
5.050	2.000000	2.000000	2.000000	2.000000	0.806990	1.980118	1.380374	1.653602
5.060	2.000000	2.000000	2.000000	2.000000	0.791457	1.686317	1.380374	2.001852
5.070	2.000000	2.000000	2.000000	2.000000	0.806990	1.980118	1.380374	2.001852
5.080	2.000000	2.000000	2.000000	2.000000	0.511857	1.996440	1.684745	2.001852
5.090	2.000000	2.000000	2.000000	2.000000	0.806990	2.306564	1.684745	1.983523
5.100	2.000000	2.000000	2.000000	2.000000	0.806990	1.996440	1.684745	2.001852
5.110	2.000000	2.000000	2.000000	2.000000	0.806990	1.980118	1.380374	1.671931
5.120	2.000000	2.000000	2.000000	2.000000	0.806990	1.996440	1.684745	2.001852
5.130	2.000000	2.000000	2.000000	2.000000	0.806990	1.686317	1.701655	2.020181
5.140	2.000000	2.000000	2.000000	2.000000	0.806990	1.980118	1.684745	1.690260
5.150	2.000000	2.000000	2.000000	2.000000	0.822523	1.996440	1.363465	2.020181
5.160	2.000000	2.000000	2.000000	2.000000	0.822523	1.980118	1.667836	2.001852
5.170	2.000000	2.000000	2.000000	2.000000	0.806990	1.996440	1.684745	1.983523
5.180	2.000000	2.000000	2.000000	2.000000	0.806990	1.996440	1.380374	2.001852
5.190	2.000000	2.000000	2.000000	2.000000	0.822523	1.980118	1.684745	2.020181
5.200	2.000000	2.000000	2.000000	2.000000	0.822523	1.996440	1.701655	2.001852
5.210	2.000000	2.000000	2.000000	2.000000	0.822523	1.996440	1.684745	1.653602
5.220	2.000000	2.000000	2.000000	2.000000	0.806990	1.996440	1.701655	2.001852
5.230	2.000000	2.000000	2.000000	2.000000	0.806990	1.996440	1.684745	2.001852
5.240	2.000000	2.000000	2.000000	2.000000	0.511857	1.996440	1.684745	2.020181
5.250	2.000000	2.000000	2.000000	2.000000	0.527390	1.980118	1.684745	1.653602
5.260	2.000000	2.000000	2.000000	2.000000	0.806990	1.996440	1.701655	1.653602
5.270	2.000000	2.000000	2.000000	2.000000	0.822523	1.980118	1.684745	2.001852
5.280	2.000000	2.000000	2.000000	2.000000	0.511857	1.996440	1.380374	1.671931
5.290	2.000000	2.000000	2.000000	2.000000	0.822523	2.012763	1.684745	2.001852
5.300	2.000000	2.000000	2.000000	2.000000	0.806990	1.996440	1.684745	2.020181
5.310	2.000000	2.000000	2.000000	2.000000	0.806990	1.686317	1.684745	2.001852
5.320	2.000000	2.000000	2.000000	2.000000	0.806990	1.702639	1.684745	2.020181
5.330	2.000000	2.000000	2.000000	2.000000	0.806990	1.996440	1.701655	2.020181
5.340	2.000000	2.000000	2.000000	2.000000	0.806990	1.996440	1.684745	1.671931
5.350	2.000000	2.000000	2.000000	2.000000	0.806990	1.686317	1.684745	2.001852
5.360	2.000000	2.000000	2.000000	2.000000	0.806990	1.996440	1.684745	2.001852
5.370	2.000000	2.000000	2.000000	2.000000	0.527390	1.996440	1.684745	1.671931
5.380	2.000000	2.000000	2.000000	2.000000	0.806990	1.669995	1.684745	2.020181
5.390	2.000000	2.000000	2.000000	2.000000	0.806990	1.996440	1.380374	2.001852
5.400	2.000000	2.000000	2.000000	2.000000	0.822523	1.980118	1.684745	1.671931
5.410	2.000000	2.000000	2.000000	2.000000	0.806990	1.996440	1.380374	2.038510
5.420	2.000000	2.000000	2.000000	2.000000	0.527390	1.996440	1.701655	1.653602
5.430	2.000000	2.000000	2.000000	2.000000	0.806990	1.996440	1.684745	1.671931
5.440	2.000000	2.000000	2.000000	2.000000	0.806990	1.996440	1.397284	1.671931
5.450	2.000000	2.000000	2.000000	2.000000	0.806990	1.980118	1.684745	2.001852
5.460	2.000000	2.000000	2.000000	2.000000	0.822523	1.996440	1.397284	2.038510
5.470	2.000000	2.000000	2.000000	2.000000	0.806990	1.996440	1.684745	1.671931
5.480	2.000000	2.000000	2.000000	2.000000	0.806990	1.996440	1.684745	2.020181
5.490	2.000000	2.000000	2.000000	2.000000	0.822523	2.029085	1.701655	2.001852
5.500	2.000000	2.000000	2.000000	2.000000	0.822523	1.669995	1.701655	2.001852
5.510	2.000000	2.000000	2.000000	2.000000	0.822523	1.996440	1.684745	1.671931
5.520	2.000000	2.000000	2.000000	2.000000	0.822523	1.980118	1.701655	2.020181
5.530	2.000000	2.000000	2.000000	2.000000	0.822523	1.996440	1.684745	2.038510
5.540	2.000000	2.000000	2.000000	2.000000	0.806990	2.012763	1.701655	1.671931
5.550	2.000000	2.000000	2.000000	2.000000	0.806990	1.996440	1.684745	1.653602
5.560	2.000000	2.000000	2.000000	2.000000	0.806990	1.686317	1.380374	2.001852
5.570	2.000000	2.000000	2.000000	2.000000	0.806990	1.996440	1.701655	2.020181
5.580	2.000000	2.000000	2.000000	2.000000	0.791457	1.996440	1.684745	2.001852
5.590	2.000000	2.000000	2.000000	2.000000	0.806990	1.996440	1.684745	2.020181
5.600	2.000000	2.000000	2.000000	2.000000	0.806990	1.702639	1.684745	2.020181
5.610	2.000000	2.000000	2.000000	2.000000	0.511857	1.996440	1.684745	2.020181
5.620	2.000000	2.000000	2.000000	2.000000	0.806990	2.012763	1.684745	2.038510
5.630	2.000000	2.000000	2.000000	2.000000	0.511857	2.012763	1.380374	2.020181
5.640	2.000000	2.000000	2.000000	2.000000	0.806990	1.996440	1.380374	2.020181
5.650	2.000000	2.000000	2.000000	2.000000	0.806990	1.996440	1.684745	2.001852
5.660	2.000000	2.000000	2.000000	2.000000	0.511857	1.996440	1.684745	1.671931
5.670	2.000000	2.000000	2.000000	2.000000	0.822523	2.012763	1.380374	2.020181
5.680	2.000000	2.000000	2.000000	2.000000	0.806990	1.996440	1.701655	2.001852
5.690	2.000000	2.000000	2.000000	2.000000	0.822523	1.996440	1.684745	2.020181
5.700	2.000000	2.000000	2.000000	2.000000	0.806990	1.996440	1.684745	1.671931
5.710	2.000000	2.000000	2.000000	2.000000	0.822523	1.996440	1.701655	2.001852
5.720	2.000000	2.000000	2.000000	2.000000	0.822523	1.702639	1.684745	2.020181
5.730	2.000000	2.000000	2.000000	2.000000	0.806990	1.996440	1.684745	2.020181
5.740	2.000000	2.000000	2.000000	2.000000	0.806990	1.996440	1.684745	2.001852
5.750	2.000000	2.000000	2.000000	2.000000	0.806990	1.996440	1.684745	2.020181
5.760	2.000000	2.000000	2.000000	2.000000	0.806990	1.996440	1.684745	2.020181
5.770	2.000000	2.000000	2.000000	2.000000	0.806990	1.980118	1.363465	1.671931
5.780	2.000000	2.000000	2.000000	2.000000	0.806990	1.669995	1.684745	2.001852
5.790	2.000000	2.000000	2.000000	2.000000	0.806990	1.996440	1.701655	2.020181
5.800	2.000000	2.000000	2.000000	2.000000	0.806990	1.686317	1.684745	1.671931
5.810	2.000000	2.000000	2.000000	2.000000	0.511857	1.996440	1.380374	2.001852
5.820	2.000000	2.000000	2.000000	2.000000	0.822523	1.996440	1.380374	1.653602
5.830	2.000000	2.000000	2.000000	2.000000	0.791457	1.980118	1.701655	2.001852
5.840	2.000000	2.000000	2.000000	2.000000	0.822523	1.686317	1.684745	2.001852
5.850	2.000000	2.000000	2.000000	2.000000	0.806990	1.996440	1.684745	2.001852
5.860	2.000000	2.000000	2.000000	2.000000	0.806990	1.980118	1.684745	2.020181
5.870	2.000000	2.000000	2.000000	2.000000	0.511857	1.996440	1.380374	2.001852
5.880	2.000000	2.000000	2.000000	2.000000	0.806990	1.996440	1.684745	1.671931
5.890	2.000000	2.000000	2.000000	2.000000	0.822523	1.702639	1.397284	2.020181
5.900	2.000000	2.000000	2.000000	2.000000	0.806990	2.012763	1.684745	1.983523
5.910	2.000000	2.000000	2.000000	2.000000	0.822523	1.996440	1.684745	2.001852
5.920	2.000000	2.000000	2.000000	2.000000	0.791457	1.996440	1.684745	1.671931
5.930	2.000000	2.000000	2.000000	2.000000	0.511857	1.980118	1.397284	2.001852
5.940	2.000000	2.000000	2.000000	2.000000	0.806990	1.980118	1.701655	2.020181
5.950	2.000000	2.000000	2.000000	2.000000	0.806990	1.996440	1.701655	1.653602
5.960	2.000000	2.000000	2.000000	2.000000	0.806990	1.996440	1.701655	1.653602
5.970	2.000000	2.000000	2.000000	2.000000	0.806990	1.669995	1.701655	2.001852
5.980	2.000000	2.000000	2.000000	2.000000	0.806990	1.996440	1.397284	1.653602
5.990	2.000000	2.000000	2.000000	2.000000	0.806990	1.686317	1.684745	2.020181
6.000	2.000000	2.000000	2.000000	2.000000	0.806990	1.996440	1.701655	2.001852
6.010	2.000000	2.000000	2.000000	2.000000	0.511857	1.980118	1.701655	2.001852
6.020	2.000000	2.000000	2.000000	2.000000	0.822523	1.996440	1.701655	2.001852
6.030	2.000000	2.000000	2.000000	2.000000	0.791457	1.996440	1.380374	2.001852
6.040	2.000000	2.000000	2.000000	2.000000	0.806990	1.996440	1.684745	2.001852
6.050	2.000000	2.000000	2.000000	2.000000	0.806990	1.996440	1.684745	2.001852
6.060	2.000000	2.000000	2.000000	2.000000	0.791457	1.996440	1.684745	2.001852
6.070	2.000000	2.000000	2.000000	2.000000	0.806990	2.012763	1.684745	2.001852
6.080	2.000000	2.000000	2.000000	2.000000	0.806990	1.996440	1.684745	2.020181
6.090	2.000000	2.000000	2.000000	2.000000	0.791457	1.996440	1.684745	1.653602
6.100	2.000000	2.000000	2.000000	2.000000	0.511857	1.996440	1.684745	2.001852
6.110	2.000000	2.000000	2.000000	2.000000	0.806990	1.980118	1.684745	2.020181
6.120	2.000000	2.000000	2.000000	2.000000	0.806990	1.686317	1.380374	2.001852
6.130	2.000000	2.000000	2.000000	2.000000	0.527390	1.996440	1.684745	2.020181
6.140	2.000000	2.000000	2.000000	2.000000	0.791457	1.980118	1.701655	2.001852
6.150	2.000000	2.000000	2.000000	2.000000	0.806990	1.980118	1.701655	2.001852
6.160	2.000000	2.000000	2.000000	2.000000	0.511857	1.686317	1.684745	2.001852
6.170	2.000000	2.000000	2.000000	2.000000	0.806990	1.996440	1.380374	2.020181
6.180	2.000000	2.000000	2.000000	2.000000	0.806990	1.980118	1.684745	2.001852
6.190	2.000000	2.000000	2.000000	2.000000	0.806990	1.996440	1.684745	1.671931
6.200	2.000000	2.000000	2.000000	2.000000	0.511857	1.996440	1.684745	2.020181
6.210	2.000000	2.000000	2.000000	2.000000	0.806990	1.980118	1.701655	2.020181
6.220	2.000000	2.000000	2.000000	2.000000	0.806990	1.996440	1.701655	2.001852
6.230	2.000000	2.000000	2.000000	2.000000	0.822523	1.996440	1.684745	2.020181
6.240	2.000000	2.000000	2.000000	2.000000	0.791457	1.686317	1.684745	2.001852
6.250	2.000000	2.000000	2.000000	2.000000	0.806990	1.996440	1.684745	2.001852
6.260	2.000000	2.000000	2.000000	2.000000	0.806990	1.980118	1.701655	1.671931
6.270	2.000000	2.000000	2.000000	2.000000	0.822523	1.686317	1.701655	1.671931
6.280	2.000000	2.000000	2.000000	2.000000	0.806990	2.012763	1.684745	1.671931
6.290	2.000000	2.000000	2.000000	2.000000	0.806990	1.996440	1.684745	2.020181
6.300	2.000000	2.000000	2.000000	2.000000	0.806990	1.669995	1.701655	2.020181
6.310	2.000000	2.000000	2.000000	2.000000	0.806990	1.996440	1.363465	2.020181
6.320	2.000000	2.000000	2.000000	2.000000	0.806990	1.996440	1.684745	1.690260
6.330	2.000000	2.000000	2.000000	2.000000	0.822523	1.686317	1.701655	2.020181
6.340	2.000000	2.000000	2.000000	2.000000	0.806990	1.996440	1.684745	2.001852
6.350	2.000000	2.000000	2.000000	2.000000	0.806990	1.996440	1.363465	2.001852
6.360	2.000000	2.000000	2.000000	2.000000	0.806990	1.996440	1.380374	1.983523
6.370	2.000000	2.000000	2.000000	2.000000	0.791457	2.012763	1.684745	2.001852
6.380	2.000000	2.000000	2.000000	2.000000	0.806990	1.996440	1.684745	2.020181
6.390	2.000000	2.000000	2.000000	2.000000	0.806990	1.996440	1.684745	1.653602
6.400	2.000000	2.000000	2.000000	2.000000	0.791457	1.686317	1.684745	1.671931
6.410	2.000000	2.000000	2.000000	2.000000	0.806990	1.996440	2.006026	1.690260
6.420	2.000000	2.000000	2.000000	2.000000	0.806990	1.686317	1.684745	2.001852
6.430	2.000000	2.000000	2.000000	2.000000	0.511857	2.012763	1.380374	2.020181
6.440	2.000000	2.000000	2.000000	2.000000	0.806990	1.702639	1.684745	2.001852
6.450	2.000000	2.000000	2.000000	2.000000	0.806990	1.996440	1.701655	2.020181
6.460	2.000000	2.000000	2.000000	2.000000	0.791457	1.980118	1.701655	2.020181
6.470	2.000000	2.000000	2.000000	2.000000	0.806990	1.996440	1.684745	2.020181
6.480	2.000000	2.000000	2.000000	2.000000	0.806990	1.996440	1.684745	2.020181
6.490	2.000000	2.000000	2.000000	2.000000	0.511857	1.996440	1.701655	2.001852
6.500	2.000000	2.000000	2.000000	2.000000	0.806990	1.996440	1.701655	2.020181
6.510	2.000000	2.000000	2.000000	2.000000	0.791457	1.980118	1.684745	2.001852
6.520	2.000000	2.000000	2.000000	2.000000	0.511857	1.686317	1.684745	2.020181
6.530	2.000000	2.000000	2.000000	2.000000	0.806990	1.980118	1.684745	1.671931
6.540	2.000000	2.000000	2.000000	2.000000	0.806990	1.996440	1.684745	2.001852
6.550	2.000000	2.000000	2.000000	2.000000	0.527390	1.996440	1.684745	2.020181
6.560	2.000000	2.000000	2.000000	2.000000	0.806990	1.996440	1.684745	1.690260
6.570	2.000000	2.000000	2.000000	2.000000	0.806990	1.980118	1.684745	2.020181
6.580	2.000000	2.000000	2.000000	2.000000	0.806990	1.686317	1.684745	2.001852
6.590	2.000000	2.000000	2.000000	2.000000	0.806990	1.996440	1.684745	2.020181
6.600	2.000000	2.000000	2.000000	2.000000	0.806990	1.980118	1.363465	2.001852
6.610	2.000000	2.000000	2.000000	2.000000	0.806990	1.980118	1.701655	1.671931
6.620	2.000000	2.000000	2.000000	2.000000	0.806990	1.996440	1.684745	1.671931
6.630	2.000000	2.000000	2.000000	2.000000	0.806990	1.996440	1.380374	2.001852
6.640	2.000000	2.000000	2.000000	2.000000	0.822523	1.686317	1.701655	2.001852
6.650	2.000000	2.000000	2.000000	2.000000	0.791457	1.996440	1.684745	2.020181
6.660	2.000000	2.000000	2.000000	2.000000	0.806990	1.996440	1.684745	2.001852
6.670	2.000000	2.000000	2.000000	2.000000	0.511857	1.980118	1.684745	2.020181
6.680	2.000000	2.000000	2.000000	2.000000	0.806990	1.996440	1.684745	2.001852
6.690	2.000000	2.000000	2.000000	2.000000	0.806990	1.996440	2.006026	2.001852
6.700	2.000000	2.000000	2.000000	2.000000	0.527390	1.996440	1.380374	2.020181
6.710	2.000000	2.000000	2.000000	2.000000	0.806990	1.980118	1.684745	2.001852
6.720	2.000000	2.000000	2.000000	2.000000	0.806990	1.996440	1.684745	1.671931
6.730	2.000000	2.000000	2.000000	2.000000	0.806990	1.686317	1.684745	1.690260
6.740	2.000000	2.000000	2.000000	2.000000	0.806990	1.996440	1.684745	2.020181
6.750	2.000000	2.000000	2.000000	2.000000	0.806990	1.996440	1.701655	1.671931
6.760	2.000000	2.000000	2.000000	2.000000	0.511857	1.996440	1.701655	2.020181
6.770	2.000000	2.000000	2.000000	2.000000	0.806990	1.996440	1.684745	2.020181
6.780	2.000000	2.000000	2.000000	2.000000	0.806990	1.996440	1.701655	2.001852
6.790	2.000000	2.000000	2.000000	2.000000	0.806990	1.996440	1.701655	1.671931
6.800	2.000000	2.000000	2.000000	2.000000	0.806990	1.996440	1.380374	2.020181
6.810	2.000000	2.000000	2.000000	2.000000	0.806990	1.996440	1.718564	2.001852
6.820	2.000000	2.000000	2.000000	2.000000	0.806990	1.686317	1.380374	1.708589
6.830	2.000000	2.000000	2.000000	2.000000	0.806990	1.996440	1.701655	2.020181
6.840	2.000000	2.000000	2.000000	2.000000	0.806990	1.996440	1.684745	1.653602
6.850	2.000000	2.000000	2.000000	2.000000	0.791457	1.996440	1.397284	2.020181
6.860	2.000000	2.000000	2.000000	2.000000	0.806990	1.980118	1.701655	2.020181
6.870	2.000000	2.000000	2.000000	2.000000	0.511857	2.012763	1.701655	2.001852
6.880	2.000000	2.000000	2.000000	2.000000	0.822523	1.980118	1.380374	2.020181
6.890	2.000000	2.000000	2.000000	2.000000	0.806990	1.996440	1.684745	2.020181
6.900	2.000000	2.000000	2.000000	2.000000	0.791457	1.996440	1.684745	1.671931
6.910	2.000000	2.000000	2.000000	2.000000	0.791457	1.996440	1.701655	2.020181
6.920	2.000000	2.000000	2.000000	2.000000	0.806990	1.686317	1.701655	2.020181
6.930	2.000000	2.000000	2.000000	2.000000	0.806990	1.686317	1.684745	2.020181
6.940	2.000000	2.000000	2.000000	2.000000	0.806990	1.996440	1.684745	1.671931
6.950	2.000000	2.000000	2.000000	2.000000	0.806990	1.996440	1.701655	1.671931
6.960	2.000000	2.000000	2.000000	2.000000	0.527390	2.012763	1.380374	2.020181
6.970	2.000000	2.000000	2.000000	2.000000	0.822523	1.996440	1.701655	2.001852
6.980	2.000000	2.000000	2.000000	2.000000	0.822523	1.996440	1.701655	2.020181
6.990	2.000000	2.000000	2.000000	2.000000	0.527390	1.980118	1.380374	2.020181
7.000	2.000000	2.000000	2.000000	2.000000	0.806990	1.980118	1.684745	2.020181
7.010	2.000000	2.000000	2.000000	2.000000	0.806990	1.996440	1.684745	1.671931
7.020	2.000000	2.000000	2.000000	2.000000	0.806990	1.996440	1.701655	2.020181
7.030	2.000000	2.000000	2.000000	2.000000	0.527390	1.980118	1.701655	1.671931
7.040	2.000000	2.000000	2.000000	2.000000	0.822523	1.980118	1.701655	1.671931
7.050	2.000000	2.000000	2.000000	2.000000	0.822523	1.996440	1.701655	2.020181
7.060	2.000000	2.000000	2.000000	2.000000	0.822523	1.996440	1.684745	1.671931
7.070	2.000000	2.000000	2.000000	2.000000	0.806990	1.996440	1.684745	2.001852
7.080	2.000000	2.000000	2.000000	2.000000	0.806990	1.980118	1.701655	2.020181
7.090	2.000000	2.000000	2.000000	2.000000	0.822523	1.980118	1.701655	2.001852
7.100	2.000000	2.000000	2.000000	2.000000	0.806990	1.996440	1.684745	2.001852
7.110	2.000000	2.000000	2.000000	2.000000	0.791457	1.980118	1.684745	1.671931
7.120	2.000000	2.000000	2.000000	2.000000	0.791457	1.980118	1.684745	2.020181
7.130	2.000000	2.000000	2.000000	2.000000	0.791457	1.996440	1.684745	2.001852
7.140	2.000000	2.000000	2.000000	2.000000	0.511857	1.980118	1.667836	2.020181
7.150	2.000000	2.000000	2.000000	2.000000	0.791457	1.996440	1.684745	2.020181
7.160	2.000000	2.000000	2.000000	2.000000	0.806990	1.996440	1.667836	2.020181
7.170	2.000000	2.000000	2.000000	2.000000	0.806990	1.996440	1.667836	2.001852
7.180	2.000000	2.000000	2.000000	2.000000	0.806990	1.980118	1.684745	2.001852
7.190	2.000000	2.000000	2.000000	2.000000	0.791457	1.996440	1.684745	2.001852
7.200	2.000000	2.000000	2.000000	2.000000	0.806990	1.996440	1.380374	2.020181
7.210	2.000000	2.000000	2.000000	2.000000	0.791457	2.012763	1.667836	2.020181
7.220	2.000000	2.000000	2.000000	2.000000	0.791457	1.996440	1.684745	2.020181
7.230	2.000000	2.000000	2.000000	2.000000	0.806990	1.980118	1.684745	1.653602
7.240	2.000000	2.000000	2.000000	2.000000	0.806990	2.012763	1.701655	2.020181
7.250	2.000000	2.000000	2.000000	2.000000	0.806990	1.980118	1.363465	2.020181
7.260	2.000000	2.000000	2.000000	2.000000	0.791457	1.686317	1.667836	2.020181
7.270	2.000000	2.000000	2.000000	2.000000	0.806990	1.980118	1.684745	1.671931
7.280	2.000000	2.000000	2.000000	2.000000	0.791457	1.686317	1.684745	2.020181
7.290	2.000000	2.000000	2.000000	2.000000	0.806990	1.996440	1.684745	2.001852
7.300	2.000000	2.000000	2.000000	2.000000	0.806990	1.996440	1.684745	1.671931
7.310	2.000000	2.000000	2.000000	2.000000	0.806990	1.996440	1.684745	2.020181
7.320	2.000000	2.000000	2.000000	2.000000	0.806990	1.996440	1.380374	2.001852
7.330	2.000000	2.000000	2.000000	2.000000	0.791457	1.996440	1.684745	1.671931
7.340	2.000000	2.000000	2.000000	2.000000	0.806990	1.996440	1.684745	1.653602
7.350	2.000000	2.000000	2.000000	2.000000	0.806990	1.980118	1.684745	2.001852
7.360	2.000000	2.000000	2.000000	2.000000	0.806990	1.669995	1.684745	2.001852
7.370	2.000000	2.000000	2.000000	2.000000	0.791457	1.980118	1.684745	2.001852
7.380	2.000000	2.000000	2.000000	2.000000	0.806990	1.996440	1.701655	2.020181
7.390	2.000000	2.000000	2.000000	2.000000	0.806990	1.669995	1.684745	2.020181
7.400	2.000000	2.000000	2.000000	2.000000	0.791457	1.996440	1.701655	1.690260
7.410	2.000000	2.000000	2.000000	2.000000	0.511857	1.980118	1.684745	2.020181
7.420	2.000000	2.000000	2.000000	2.000000	0.822523	1.980118	1.684745	2.020181
7.430	2.000000	2.000000	2.000000	2.000000	0.806990	1.980118	1.701655	2.001852
7.440	2.000000	2.000000	2.000000	2.000000	0.511857	1.996440	1.684745	1.671931
7.450	2.000000	2.000000	2.000000	2.000000	0.806990	1.980118	1.684745	2.001852
7.460	2.000000	2.000000	2.000000	2.000000	0.806990	1.996440	1.667836	2.020181
7.470	2.000000	2.000000	2.000000	2.000000	0.511857	1.996440	1.684745	2.001852
7.480	2.000000	2.000000	2.000000	2.000000	0.791457	1.996440	1.397284	2.001852
7.490	2.000000	2.000000	2.000000	2.000000	0.806990	1.980118	1.701655	2.020181
7.500	2.000000	2.000000	2.000000	2.000000	0.791457	1.669995	1.397284	1.653602
7.510	2.000000	2.000000	2.000000	2.000000	0.806990	1.996440	1.684745	1.653602
7.520	2.000000	2.000000	2.000000	2.000000	0.806990	1.996440	1.718564	2.001852
7.530	2.000000	2.000000	2.000000	2.000000	0.806990	1.996440	1.397284	1.653602
7.540	2.000000	2.000000	2.000000	2.000000	0.806990	1.980118	1.701655	1.653602
7.550	2.000000	2.000000	2.000000	2.000000	0.511857	1.996440	1.684745	1.653602
7.560	2.000000	2.000000	2.000000	2.000000	0.806990	1.669995	1.684745	2.001852
7.570	2.000000	2.000000	2.000000	2.000000	0.806990	1.669995	1.684745	2.020181
7.580	2.000000	2.000000	2.000000	2.000000	0.527390	1.996440	1.684745	1.671931
7.590	2.000000	2.000000	2.000000	2.000000	0.511857	1.980118	1.380374	1.671931
7.600	2.000000	2.000000	2.000000	2.000000	0.791457	1.996440	1.701655	2.001852
7.610	2.000000	2.000000	2.000000	2.000000	0.806990	1.996440	1.684745	2.020181
7.620	2.000000	2.000000	2.000000	2.000000	0.806990	1.686317	1.684745	1.671931
7.630	2.000000	2.000000	2.000000	2.000000	0.806990	1.980118	1.380374	1.671931
7.640	2.000000	2.000000	2.000000	2.000000	0.806990	1.980118	1.701655	1.653602
7.650	2.000000	2.000000	2.000000	2.000000	0.791457	2.012763	1.684745	2.001852
7.660	2.000000	2.000000	2.000000	2.000000	0.806990	1.996440	1.684745	2.001852
7.670	2.000000	2.000000	2.000000	2.000000	0.806990	1.996440	1.701655	2.020181
7.680	2.000000	2.000000	2.000000	2.000000	0.822523	1.669995	1.684745	1.671931
7.690	2.000000	2.000000	2.000000	2.000000	0.806990	1.686317	1.701655	1.653602
7.700	2.000000	2.000000	2.000000	2.000000	0.791457	1.996440	1.380374	2.001852
7.710	2.000000	2.000000	2.000000	2.000000	0.791457	1.996440	1.684745	2.001852
7.720	2.000000	2.000000	2.000000	2.000000	0.791457	1.686317	1.363465	1.690260
7.730	2.000000	2.000000	2.000000	2.000000	0.511857	1.980118	1.684745	2.001852
7.740	2.000000	2.000000	2.000000	2.000000	0.511857	1.996440	1.684745	1.671931
7.750	2.000000	2.000000	2.000000	2.000000	0.806990	1.980118	1.684745	1.653602
7.760	2.000000	2.000000	2.000000	2.000000	0.511857	1.996440	1.684745	2.001852
7.770	2.000000	2.000000	2.000000	2.000000	0.806990	1.996440	1.684745	2.020181
7.780	2.000000	2.000000	2.000000	2.000000	0.806990	1.686317	1.701655	2.001852
7.790	2.000000	2.000000	2.000000	2.000000	0.806990	1.980118	1.380374	2.001852
7.800	2.000000	2.000000	2.000000	2.000000	0.791457	1.996440	1.701655	2.001852
7.810	2.000000	2.000000	2.000000	2.000000	0.791457	1.980118	1.380374	2.001852
7.820	2.000000	2.000000	2.000000	2.000000	0.806990	1.669995	1.684745	2.020181
7.830	2.000000	2.000000	2.000000	2.000000	0.806990	1.996440	1.701655	2.020181
7.840	2.000000	2.000000	2.000000	2.000000	0.822523	1.996440	1.380374	1.671931
7.850	2.000000	2.000000	2.000000	2.000000	0.806990	1.980118	1.701655	2.001852
7.860	2.000000	2.000000	2.000000	2.000000	0.822523	1.996440	1.380374	2.001852
7.870	2.000000	2.000000	2.000000	2.000000	0.806990	1.980118	1.380374	2.020181
7.880	2.000000	2.000000	2.000000	2.000000	0.822523	1.980118	1.701655	1.653602
7.890	2.000000	2.000000	2.000000	2.000000	0.806990	1.980118	1.701655	2.020181
7.900	2.000000	2.000000	2.000000	2.000000	0.806990	1.996440	1.701655	2.001852
7.910	2.000000	2.000000	2.000000	2.000000	0.806990	1.686317	1.701655	2.001852
7.920	2.000000	2.000000	2.000000	2.000000	0.527390	1.980118	1.701655	2.020181
7.930	2.000000	2.000000	2.000000	2.000000	0.806990	1.980118	1.701655	2.020181
7.940	2.000000	2.000000	2.000000	2.000000	0.511857	1.996440	1.684745	2.020181
7.950	2.000000	2.000000	2.000000	2.000000	0.822523	1.980118	1.701655	2.020181
7.960	2.000000	2.000000	2.000000	2.000000	0.791457	1.669995	1.701655	2.020181
7.970	2.000000	2.000000	2.000000	2.000000	0.806990	1.996440	1.701655	2.020181
7.980	2.000000	2.000000	2.000000	2.000000	0.791457	1.996440	1.701655	2.020181
7.990	2.000000	2.000000	2.000000	2.000000	0.822523	1.996440	1.701655	1.653602
8.000	2.000000	2.000000	2.000000	2.000000	0.806990	1.996440	1.701655	1.671931
8.010	2.000000	2.000000	2.000000	2.000000	0.791457	1.980118	1.701655	1.671931
8.020	2.000000	2.000000	2.000000	2.000000	0.511857	1.996440	1.684745	2.020181
8.030	2.000000	2.000000	2.000000	2.000000	0.806990	2.012763	1.684745	2.001852
8.040	2.000000	2.000000	2.000000	2.000000	0.806990	1.980118	1.684745	2.001852
8.050	2.000000	2.000000	2.000000	2.000000	0.822523	1.686317	1.380374	2.001852
8.060	2.000000	2.000000	2.000000	2.000000	0.527390	1.996440	1.684745	1.690260
8.070	2.000000	2.000000	2.000000	2.000000	0.791457	1.996440	1.380374	2.001852
8.080	2.000000	2.000000	2.000000	2.000000	0.806990	1.996440	1.667836	2.001852
8.090	2.000000	2.000000	2.000000	2.000000	0.806990	1.980118	1.684745	2.020181
8.100	2.000000	2.000000	2.000000	2.000000	0.806990	1.996440	1.684745	2.038510
8.110	2.000000	2.000000	2.000000	2.000000	0.791457	1.996440	1.684745	1.690260
8.120	2.000000	2.000000	2.000000	2.000000	0.806990	1.980118	1.684745	2.020181
8.130	2.000000	2.000000	2.000000	2.000000	0.806990	1.996440	1.684745	2.020181
8.140	2.000000	2.000000	2.000000	2.000000	0.806990	1.702639	1.684745	1.690260
8.150	2.000000	2.000000	2.000000	2.000000	0.806990	1.996440	1.684745	1.671931
8.160	2.000000	2.000000	2.000000	2.000000	0.806990	1.996440	1.684745	1.671931
8.170	2.000000	2.000000	2.000000	2.000000	0.806990	1.996440	1.701655	2.020181
8.180	2.000000	2.000000	2.000000	2.000000	0.511857	1.980118	1.701655	2.001852
8.190	2.000000	2.000000	2.000000	2.000000	0.806990	1.996440	1.684745	1.671931
8.200	2.000000	2.000000	2.000000	2.000000	0.806990	1.980118	1.684745	1.690260
8.210	2.000000	2.000000	2.000000	2.000000	0.527390	1.996440	1.380374	2.001852
8.220	2.000000	2.000000	2.000000	2.000000	0.806990	1.980118	1.684745	2.020181
8.230	2.000000	2.000000	2.000000	2.000000	0.822523	1.996440	1.684745	2.020181
8.240	2.000000	2.000000	2.000000	2.000000	0.806990	1.686317	1.380374	1.671931
8.250	2.000000	2.000000	2.000000	2.000000	0.527390	1.996440	1.684745	1.671931
8.260	2.000000	2.000000	2.000000	2.000000	0.791457	1.996440	1.684745	2.001852
8.270	2.000000	2.000000	2.000000	2.000000	0.527390	1.996440	1.684745	1.690260
8.280	2.000000	2.000000	2.000000	2.000000	0.806990	1.996440	1.684745	2.001852
8.290	2.000000	2.000000	2.000000	2.000000	0.806990	1.980118	1.684745	2.020181
8.300	2.000000	2.000000	2.000000	2.000000	0.791457	1.980118	1.667836	2.001852
8.310	2.000000	2.000000	2.000000	2.000000	0.806990	1.996440	1.684745	2.001852
8.320	2.000000	2.000000	2.000000	2.000000	0.806990	2.012763	1.701655	2.020181
8.330	2.000000	2.000000	2.000000	2.000000	0.511857	1.996440	1.684745	1.671931
8.340	2.000000	2.000000	2.000000	2.000000	0.806990	1.996440	1.684745	2.020181
8.350	2.000000	2.000000	2.000000	2.000000	0.806990	1.980118	1.684745	1.671931
8.360	2.000000	2.000000	2.000000	2.000000	0.806990	1.996440	1.684745	2.001852
8.370	2.000000	2.000000	2.000000	2.000000	0.806990	1.686317	1.380374	2.001852
8.380	2.000000	2.000000	2.000000	2.000000	0.806990	1.996440	1.701655	2.001852
8.390	2.000000	2.000000	2.000000	2.000000	0.822523	1.980118	1.684745	2.020181
8.400	2.000000	2.000000	2.000000	2.000000	0.822523	1.996440	1.701655	2.020181
8.410	2.000000	2.000000	2.000000	2.000000	0.822523	1.980118	1.684745	2.001852
8.420	2.000000	2.000000	2.000000	2.000000	0.527390	1.996440	1.701655	2.020181
8.430	2.000000	2.000000	2.000000	2.000000	0.822523	1.996440	1.684745	1.653602
8.440	2.000000	2.000000	2.000000	2.000000	0.822523	1.996440	1.684745	1.671931
8.450	2.000000	2.000000	2.000000	2.000000	0.822523	1.996440	1.701655	2.001852
8.460	2.000000	2.000000	2.000000	2.000000	0.822523	1.996440	1.684745	2.020181
8.470	2.000000	2.000000	2.000000	2.000000	0.806990	1.980118	1.684745	1.671931
8.480	2.000000	2.000000	2.000000	2.000000	0.527390	1.996440	1.701655	1.671931
8.490	2.000000	2.000000	2.000000	2.000000	0.822523	1.996440	1.701655	2.020181
8.500	2.000000	2.000000	2.000000	2.000000	0.511857	1.996440	1.684745	2.001852
8.510	2.000000	2.000000	2.000000	2.000000	0.806990	1.996440	1.684745	2.020181
8.520	2.000000	2.000000	2.000000	2.000000	0.806990	1.980118	1.397284	2.020181
8.530	2.000000	2.000000	2.000000	2.000000	0.822523	1.996440	1.701655	1.671931
8.540	2.000000	2.000000	2.000000	2.000000	0.806990	1.686317	1.701655	2.001852
8.550	2.000000	2.000000	2.000000	2.000000	0.806990	1.980118	1.684745	2.001852
8.560	2.000000	2.000000	2.000000	2.000000	0.806990	1.996440	1.684745	1.671931
8.570	2.000000	2.000000	2.000000	2.000000	0.806990	1.996440	1.684745	2.020181
8.580	2.000000	2.000000	2.000000	2.000000	0.806990	1.996440	1.684745	1.671931
8.590	2.000000	2.000000	2.000000	2.000000	0.806990	1.980118	1.701655	1.671931
8.600	2.000000	2.000000	2.000000	2.000000	0.806990	1.996440	1.684745	2.020181
8.610	2.000000	2.000000	2.000000	2.000000	0.806990	1.980118	1.380374	2.020181
8.620	2.000000	2.000000	2.000000	2.000000	0.511857	1.996440	1.684745	2.038510
8.630	2.000000	2.000000	2.000000	2.000000	0.822523	1.996440	1.380374	2.020181
8.640	2.000000	2.000000	2.000000	2.000000	0.806990	1.996440	1.684745	2.001852
8.650	2.000000	2.000000	2.000000	2.000000	0.806990	1.669995	1.684745	2.020181
8.660	2.000000	2.000000	2.000000	2.000000	0.822523	1.980118	1.684745	2.020181
8.670	2.000000	2.000000	2.000000	2.000000	0.806990	1.686317	1.684745	2.020181
8.680	2.000000	2.000000	2.000000	2.000000	0.822523	1.980118	1.684745	2.020181
8.690	2.000000	2.000000	2.000000	2.000000	0.806990	1.980118	1.684745	2.020181
8.700	2.000000	2.000000	2.000000	2.000000	0.806990	1.996440	1.684745	2.001852
8.710	2.000000	2.000000	2.000000	2.000000	0.806990	1.980118	1.701655	1.671931
8.720	2.000000	2.000000	2.000000	2.000000	0.806990	1.996440	1.684745	2.020181
8.730	2.000000	2.000000	2.000000	2.000000	0.806990	1.980118	1.684745	2.020181
8.740	2.000000	2.000000	2.000000	2.000000	0.806990	1.996440	1.684745	2.001852
8.750	2.000000	2.000000	2.000000	2.000000	0.822523	1.996440	1.380374	2.020181
8.760	2.000000	2.000000	2.000000	2.000000	0.806990	1.996440	1.701655	1.671931
8.770	2.000000	2.000000	2.000000	2.000000	0.806990	1.996440	1.701655	2.001852
8.780	2.000000	2.000000	2.000000	2.000000	0.806990	1.996440	1.684745	2.020181
8.790	2.000000	2.000000	2.000000	2.000000	0.806990	1.996440	1.701655	2.020181
8.800	2.000000	2.000000	2.000000	2.000000	0.806990	1.996440	1.701655	2.020181
8.810	2.000000	2.000000	2.000000	2.000000	0.511857	1.996440	1.684745	2.020181
8.820	2.000000	2.000000	2.000000	2.000000	0.806990	1.996440	1.701655	2.020181
8.830	2.000000	2.000000	2.000000	2.000000	0.806990	1.996440	1.684745	1.653602
8.840	2.000000	2.000000	2.000000	2.000000	0.822523	1.996440	1.701655	1.671931
8.850	2.000000	2.000000	2.000000	2.000000	0.806990	1.996440	1.380374	1.671931
8.860	2.000000	2.000000	2.000000	2.000000	0.806990	2.012763	1.701655	2.001852
8.870	2.000000	2.000000	2.000000	2.000000	0.511857	1.996440	1.684745	2.020181
8.880	2.000000	2.000000	2.000000	2.000000	0.822523	1.996440	1.380374	2.020181
8.890	2.000000	2.000000	2.000000	2.000000	0.822523	1.996440	1.684745	2.020181
8.900	2.000000	2.000000	2.000000	2.000000	0.806990	1.996440	1.684745	1.690260
8.910	2.000000	2.000000	2.000000	2.000000	0.806990	1.980118	1.684745	2.020181
8.920	2.000000	2.000000	2.000000	2.000000	0.511857	1.996440	1.684745	2.020181
8.930	2.000000	2.000000	2.000000	2.000000	0.806990	1.996440	1.684745	2.020181
8.940	2.000000	2.000000	2.000000	2.000000	0.822523	1.996440	1.667836	2.020181
8.950	2.000000	2.000000	2.000000	2.000000	0.806990	2.012763	1.701655	2.020181
8.960	2.000000	2.000000	2.000000	2.000000	0.791457	1.996440	1.380374	1.671931
8.970	2.000000	2.000000	2.000000	2.000000	0.791457	1.686317	1.667836	2.001852
8.980	2.000000	2.000000	2.000000	2.000000	0.791457	1.996440	1.701655	2.020181
8.990	2.000000	2.000000	2.000000	2.000000	0.806990	1.996440	1.684745	1.671931
9.000	2.000000	2.000000	2.000000	2.000000	0.806990	1.996440	1.684745	2.001852
9.010	2.000000	2.000000	2.000000	2.000000	0.806990	2.012763	1.701655	2.020181
9.020	2.000000	2.000000	2.000000	2.000000	0.822523	1.996440	1.701655	2.020181
9.030	2.000000	2.000000	2.000000	2.000000	0.806990	1.996440	1.684745	2.001852
9.040	2.000000	2.000000	2.000000	2.000000	0.806990	1.980118	1.684745	1.671931
9.050	2.000000	2.000000	2.000000	2.000000	0.806990	1.996440	1.380374	1.671931
9.060	2.000000	2.000000	2.000000	2.000000	0.806990	1.996440	1.701655	2.020181
9.070	2.000000	2.000000	2.000000	2.000000	0.806990	1.996440	1.684745	2.020181
9.080	2.000000	2.000000	2.000000	2.000000	0.822523	1.996440	1.684745	2.001852
9.090	2.000000	2.000000	2.000000	2.000000	0.806990	2.012763	1.684745	1.671931
9.100	2.000000	2.000000	2.000000	2.000000	0.822523	1.996440	1.684745	2.038510
9.110	2.000000	2.000000	2.000000	2.000000	0.822523	1.686317	1.684745	1.671931
9.120	2.000000	2.000000	2.000000	2.000000	0.822523	1.980118	1.684745	2.020181
9.130	2.000000	2.000000	2.000000	2.000000	0.511857	1.996440	1.684745	2.020181
9.140	2.000000	2.000000	2.000000	2.000000	0.822523	1.980118	1.667836	1.671931
9.150	2.000000	2.000000	2.000000	2.000000	0.806990	1.980118	1.363465	2.020181
9.160	2.000000	2.000000	2.000000	2.000000	0.527390	1.686317	1.684745	2.038510
9.170	2.000000	2.000000	2.000000	2.000000	0.806990	1.980118	1.701655	2.001852
9.180	2.000000	2.000000	2.000000	2.000000	0.822523	1.996440	1.701655	2.020181
9.190	2.000000	2.000000	2.000000	2.000000	0.806990	1.980118	1.684745	2.020181
9.200	2.000000	2.000000	2.000000	2.000000	0.806990	1.996440	1.363465	2.020181
9.210	2.000000	2.000000	2.000000	2.000000	0.806990	1.980118	1.684745	2.020181
9.220	2.000000	2.000000	2.000000	2.000000	0.806990	1.686317	1.684745	2.001852
9.230	2.000000	2.000000	2.000000	2.000000	0.806990	1.980118	1.684745	1.671931
9.240	2.000000	2.000000	2.000000	2.000000	0.806990	1.980118	1.363465	2.020181
9.250	2.000000	2.000000	2.000000	2.000000	0.822523	1.996440	1.684745	2.001852
9.260	2.000000	2.000000	2.000000	2.000000	0.822523	1.996440	1.667836	2.020181
9.270	2.000000	2.000000	2.000000	2.000000	0.806990	1.996440	1.684745	2.020181
9.280	2.000000	2.000000	2.000000	2.000000	0.806990	1.996440	1.684745	2.001852
9.290	2.000000	2.000000	2.000000	2.000000	0.822523	1.996440	1.684745	1.690260
9.300	2.000000	2.000000	2.000000	2.000000	0.822523	1.980118	1.684745	1.671931
9.310	2.000000	2.000000	2.000000	2.000000	0.806990	1.996440	1.684745	2.001852
9.320	2.000000	2.000000	2.000000	2.000000	0.822523	1.980118	1.701655	2.001852
9.330	2.000000	2.000000	2.000000	2.000000	0.806990	1.996440	1.684745	2.001852
9.340	2.000000	2.000000	2.000000	2.000000	0.806990	1.980118	1.363465	1.671931
9.350	2.000000	2.000000	2.000000	2.000000	0.806990	2.290241	1.363465	1.671931
9.360	2.000000	2.000000	2.000000	2.000000	0.806990	1.996440	1.701655	2.020181
9.370	2.000000	2.000000	2.000000	2.000000	0.806990	1.980118	1.684745	2.020181
9.380	2.000000	2.000000	2.000000	2.000000	0.806990	1.980118	1.684745	2.020181
9.390	2.000000	2.000000	2.000000	2.000000	0.822523	1.980118	1.684745	2.001852
9.400	2.000000	2.000000	2.000000	2.000000	0.806990	1.686317	1.684745	2.020181
9.410	2.000000	2.000000	2.000000	2.000000	0.806990	1.980118	1.684745	2.001852
9.420	2.000000	2.000000	2.000000	2.000000	0.806990	2.012763	1.684745	2.020181
9.430	2.000000	2.000000	2.000000	2.000000	0.822523	1.996440	1.684745	2.001852
9.440	2.000000	2.000000	2.000000	2.000000	0.806990	1.686317	1.684745	2.020181
9.450	2.000000	2.000000	2.000000	2.000000	0.822523	1.996440	1.684745	2.020181
9.460	2.000000	2.000000	2.000000	2.000000	0.806990	2.012763	1.684745	1.671931
9.470	2.000000	2.000000	2.000000	2.000000	0.806990	2.012763	1.684745	2.020181
9.480	2.000000	2.000000	2.000000	2.000000	0.822523	1.996440	1.363465	2.020181
9.490	2.000000	2.000000	2.000000	2.000000	0.822523	1.980118	1.684745	2.001852
9.500	2.000000	2.000000	2.000000	2.000000	0.822523	1.980118	1.684745	2.020181
9.510	2.000000	2.000000	2.000000	2.000000	0.822523	1.686317	1.684745	1.671931
