Time(s)	Delta1C(deg)	Delta2C(deg)	Delta3C(deg)	Delta4C(deg)	Delta1(deg)	Delta2(deg)	Delta3(deg)	Delta4(deg)
0.000	0.000000	0.000000	0.000000	0.000000	-1.588780	-0.243532	0.158931	-0.201911
0.010	0.000000	0.000000	0.000000	0.000000	-1.588780	-0.243532	0.158931	-0.201911
0.020	0.000000	0.000000	0.000000	0.000000	0.496323	1.980118	1.380374	1.653602
0.030	0.000000	0.000000	0.000000	0.000000	-0.373544	1.376194	1.092912	0.993760
0.040	0.000000	0.000000	0.000000	0.000000	-0.948277	0.755947	0.771632	0.645510
0.050	0.000000	0.000000	0.000000	0.000000	-0.948277	0.152023	0.129070	0.297260
0.060	0.000000	0.000000	0.000000	0.000000	-1.243411	-0.174423	0.162889	0.315589
0.070	0.000000	0.000000	0.000000	0.000000	-1.243411	-0.174423	-0.158392	0.297260
0.080	0.000000	0.000000	0.000000	0.000000	-1.243411	-0.174423	0.162889	-0.050990
0.090	0.000000	0.000000	0.000000	0.000000	-1.243411	-0.174423	-0.158392	-0.032661
0.100	0.000000	0.000000	0.000000	0.000000	-1.258944	-0.158100	0.145979	-0.032661
0.110	0.000000	0.000000	0.000000	0.000000	-1.258944	-0.158100	-0.158392	-0.032661
0.120	0.000000	0.000000	0.000000	0.000000	-1.243411	-0.174423	-0.141482	0.297260
0.130	0.000000	0.000000	0.000000	0.000000	-1.243411	-0.174423	0.145979	-0.050990
0.140	0.000000	0.000000	0.000000	0.000000	-1.243411	0.135701	-0.175301	-0.032661
0.150	0.000000	0.000000	0.000000	0.000000	-1.243411	-0.158100	0.145979	-0.050990
0.160	0.000000	0.000000	0.000000	0.000000	-1.243411	-0.190745	0.129070	0.315589
0.170	0.000000	0.000000	0.000000	0.000000	-1.258944	-0.174423	0.129070	-0.014332
0.180	0.000000	0.000000	0.000000	0.000000	-1.243411	-0.158100	-0.158392	0.315589
0.190	0.000000	0.000000	0.000000	0.000000	-1.243411	-0.174423	0.145979	-0.032661
0.200	0.000000	0.000000	0.000000	0.000000	-1.243411	-0.158100	0.145979	0.297260
0.210	0.000000	0.000000	0.000000	0.000000	-1.243411	-0.158100	0.129070	-0.032661
0.220	0.000000	0.000000	0.000000	0.000000	-1.243411	-0.158100	0.145979	-0.014332
0.230	0.000000	0.000000	0.000000	0.000000	-1.243411	-0.158100	-0.158392	0.315589
0.240	0.000000	0.000000	0.000000	0.000000	-1.243411	-0.174423	0.145979	-0.032661
0.250	0.000000	0.000000	0.000000	0.000000	-1.243411	-0.158100	0.162889	-0.032661
0.260	0.000000	0.000000	0.000000	0.000000	-1.258944	-0.174423	0.145979	0.297260
0.270	0.000000	0.000000	0.000000	0.000000	-1.227877	0.119378	0.145979	0.297260
0.280	0.000000	0.000000	0.000000	0.000000	-1.243411	-0.174423	0.129070	0.315589
0.290	0.000000	0.000000	0.000000	0.000000	-1.243411	-0.158100	0.145979	-0.032661
0.300	0.000000	0.000000	0.000000	0.000000	-1.243411	0.152023	0.145979	-0.032661
0.310	0.000000	0.000000	0.000000	0.000000	-1.258944	-0.158100	0.145979	0.297260
0.320	0.000000	0.000000	0.000000	0.000000	-1.243411	-0.174423	0.129070	-0.032661
0.330	0.000000	0.000000	0.000000	0.000000	-1.258944	0.135701	-0.158392	0.315589
0.340	0.000000	0.000000	0.000000	0.000000	-1.243411	-0.174423	-0.175301	-0.032661
0.350	0.000000	0.000000	0.000000	0.000000	-1.243411	-0.158100	-0.158392	-0.032661
0.360	0.000000	0.000000	0.000000	0.000000	-1.258944	0.152023	-0.158392	-0.050990
0.370	0.000000	0.000000	0.000000	0.000000	-1.243411	-0.158100	0.145979	-0.032661
0.380	0.000000	0.000000	0.000000	0.000000	-1.243411	-0.174423	-0.158392	-0.032661
0.390	0.000000	0.000000	0.000000	0.000000	-1.258944	0.152023	0.145979	-0.014332
0.400	0.000000	0.000000	0.000000	0.000000	-1.243411	-0.174423	-0.158392	-0.050990
0.410	0.000000	0.000000	0.000000	0.000000	-1.243411	-0.158100	0.162889	-0.032661
0.420	0.000000	0.000000	0.000000	0.000000	-1.243411	0.135701	0.145979	-0.014332
0.430	0.000000	0.000000	0.000000	0.000000	-1.258944	-0.174423	0.162889	-0.032661
0.440	0.000000	0.000000	0.000000	0.000000	-1.243411	-0.174423	0.129070	-0.050990
0.450	0.000000	0.000000	0.000000	0.000000	-1.243411	-0.174423	0.129070	0.297260
0.460	0.000000	0.000000	0.000000	0.000000	-1.243411	-0.174423	-0.175301	-0.032661
0.470	0.000000	0.000000	0.000000	0.000000	-1.243411	-0.158100	-0.158392	0.297260
0.480	0.000000	0.000000	0.000000	0.000000	-1.243411	0.152023	-0.158392	0.297260
0.490	0.000000	0.000000	0.000000	0.000000	-1.227877	-0.174423	0.145979	0.333918
0.500	0.000000	0.000000	0.000000	0.000000	-1.243411	0.135701	-0.158392	0.315589
0.510	0.000000	0.000000	0.000000	0.000000	-1.243411	-0.158100	0.145979	-0.050990
0.520	0.000000	0.000000	0.000000	0.000000	-1.227877	-0.158100	0.145979	-0.050990
0.530	0.000000	0.000000	0.000000	0.000000	-1.243411	0.135701	0.145979	-0.032661
0.540	0.000000	0.000000	0.000000	0.000000	-1.258944	-0.158100	0.145979	0.297260
0.550	0.000000	0.000000	0.000000	0.000000	-1.243411	-0.158100	0.145979	-0.032661
0.560	0.000000	0.000000	0.000000	0.000000	-1.243411	0.152023	0.145979	0.297260
0.570	0.000000	0.000000	0.000000	0.000000	-1.243411	-0.174423	0.145979	-0.014332
0.580	0.000000	0.000000	0.000000	0.000000	-1.227877	-0.158100	-0.158392	-0.032661
0.590	0.000000	0.000000	0.000000	0.000000	-1.258944	-0.158100	0.145979	-0.032661
0.600	0.000000	0.000000	0.000000	0.000000	-1.243411	-0.158100	-0.158392	-0.050990
0.610	0.000000	0.000000	0.000000	0.000000	-1.243411	-0.174423	0.162889	-0.050990
0.620	0.000000	0.000000	0.000000	0.000000	-1.258944	-0.174423	0.162889	-0.032661
0.630	0.000000	0.000000	0.000000	0.000000	-1.258944	0.135701	0.162889	-0.032661
0.640	0.000000	0.000000	0.000000	0.000000	-1.243411	-0.158100	0.162889	-0.032661
0.650	0.000000	0.000000	0.000000	0.000000	-1.258944	-0.174423	0.162889	-0.032661
0.660	0.000000	0.000000	0.000000	0.000000	-1.243411	0.152023	0.162889	-0.032661
0.670	0.000000	0.000000	0.000000	0.000000	-1.258944	-0.174423	0.162889	-0.050990
0.680	0.000000	0.000000	0.000000	0.000000	-1.243411	-0.158100	0.145979	-0.032661
0.690	0.000000	0.000000	0.000000	0.000000	-1.243411	-0.174423	0.162889	-0.050990
0.700	0.000000	0.000000	0.000000	0.000000	-1.258944	0.152023	0.145979	0.315589
0.710	0.000000	0.000000	0.000000	0.000000	-1.258944	-0.158100	0.145979	0.315589
0.720	0.000000	0.000000	0.000000	0.000000	-1.258944	-0.174423	0.145979	-0.032661
0.730	0.000000	0.000000	0.000000	0.000000	-1.243411	-0.158100	-0.141482	0.297260
0.740	0.000000	0.000000	0.000000	0.000000	-1.258944	-0.158100	0.145979	-0.050990
0.750	0.000000	0.000000	0.000000	0.000000	-1.243411	-0.158100	0.162889	-0.032661
0.760	0.000000	0.000000	0.000000	0.000000	-1.243411	-0.174423	0.145979	-0.032661
0.770	0.000000	0.000000	0.000000	0.000000	-1.227877	-0.158100	-0.141482	-0.050990
0.780	0.000000	0.000000	0.000000	0.000000	-1.243411	-0.174423	0.145979	0.278931
0.790	0.000000	0.000000	0.000000	0.000000	-1.243411	0.135701	-0.158392	0.297260
0.800	0.000000	0.000000	0.000000	0.000000	-1.243411	-0.158100	-0.158392	0.297260
0.810	0.000000	0.000000	0.000000	0.000000	-1.243411	-0.174423	0.162889	-0.032661
0.820	0.000000	0.000000	0.000000	0.000000	-1.258944	0.135701	-0.158392	-0.032661
0.830	0.000000	0.000000	0.000000	0.000000	-1.243411	-0.158100	0.145979	-0.032661
0.840	0.000000	0.000000	0.000000	0.000000	-1.258944	-0.158100	0.145979	-0.032661
0.850	0.000000	0.000000	0.000000	0.000000	-1.243411	-0.174423	0.162889	0.315589
0.860	0.000000	0.000000	0.000000	0.000000	-1.243411	-0.158100	0.145979	-0.032661
0.870	0.000000	0.000000	0.000000	0.000000	-1.258944	-0.174423	0.145979	0.333918
0.880	0.000000	0.000000	0.000000	0.000000	-1.258944	-0.158100	-0.158392	-0.032661
0.890	0.000000	0.000000	0.000000	0.000000	-1.243411	-0.174423	0.129070	0.297260
0.900	0.000000	0.000000	0.000000	0.000000	-1.258944	-0.174423	-0.141482	0.297260
0.910	0.000000	0.000000	0.000000	0.000000	-1.243411	-0.158100	-0.175301	0.297260
0.920	0.000000	0.000000	0.000000	0.000000	-1.243411	-0.158100	-0.175301	-0.050990
0.930	0.000000	0.000000	0.000000	0.000000	-1.243411	-0.174423	0.145979	-0.032661
0.940	0.000000	0.000000	0.000000	0.000000	-1.243411	-0.174423	0.145979	0.297260
0.950	0.000000	0.000000	0.000000	0.000000	-1.243411	-0.174423	0.145979	0.297260
0.960	0.000000	0.000000	0.000000	0.000000	-1.243411	-0.174423	-0.158392	-0.032661
0.970	0.000000	0.000000	0.000000	0.000000	-1.243411	-0.174423	0.145979	-0.014332
0.980	0.000000	0.000000	0.000000	0.000000	-1.258944	-0.174423	0.145979	-0.032661
0.990	0.000000	0.000000	0.000000	0.000000	-1.243411	-0.158100	-0.158392	-0.032661
1.000	0.000000	0.000000	0.000000	0.000000	-1.243411	0.135701	0.145979	-0.032661
1.010	5.000000	5.000000	5.000000	5.000000	-1.243411	-0.158100	-0.175301	-0.032661
1.020	5.000000	5.000000	5.000000	5.000000	-1.258944	-0.141778	0.162889	-0.032661
1.030	5.000000	5.000000	5.000000	5.000000	-1.258944	0.135701	-0.158392	-0.014332
1.040	5.000000	5.000000	5.000000	5.000000	-0.948277	-0.158100	0.162889	0.315589
1.050	5.000000	5.000000	5.000000	5.000000	0.201190	1.066070	0.771632	1.342010
1.060	5.000000	5.000000	5.000000	5.000000	1.397257	1.980118	2.327307	3.394852
1.070	5.000000	5.000000	5.000000	5.000000	2.841857	3.514412	3.882983	4.402944
1.080	5.000000	5.000000	5.000000	5.000000	3.136991	4.134659	4.813006	5.081115
1.090	5.000000	5.000000	5.000000	5.000000	3.136991	5.065029	4.813006	5.411036
1.100	5.000000	5.000000	5.000000	5.000000	3.432124	5.081351	4.813006	5.411036
1.110	5.000000	5.000000	5.000000	5.000000	3.136991	5.065029	4.491725	5.411036
1.120	5.000000	5.000000	5.000000	5.000000	3.432124	5.081351	4.779187	5.429365
1.130	5.000000	5.000000	5.000000	5.000000	3.432124	4.771228	4.796096	5.081115
1.140	5.000000	5.000000	5.000000	5.000000	3.447658	4.444782	4.796096	5.411036
1.150	5.000000	5.000000	5.000000	5.000000	3.432124	4.461104	4.796096	5.081115
1.160	5.000000	5.000000	5.000000	5.000000	3.447658	4.754905	4.796096	5.081115
1.170	5.000000	5.000000	5.000000	5.000000	3.432124	4.754905	4.796096	5.429365
1.180	5.000000	5.000000	5.000000	5.000000	3.432124	4.444782	4.796096	5.081115
1.190	5.000000	5.000000	5.000000	5.000000	3.447658	4.754905	4.491725	5.081115
1.200	5.000000	5.000000	5.000000	5.000000	3.447658	4.461104	4.796096	5.081115
1.210	5.000000	5.000000	5.000000	5.000000	3.447658	4.461104	4.796096	5.411036
1.220	5.000000	5.000000	5.000000	5.000000	3.432124	4.461104	4.796096	5.411036
1.230	5.000000	5.000000	5.000000	5.000000	3.447658	4.444782	4.813006	5.081115
1.240	5.000000	5.000000	5.000000	5.000000	3.432124	4.461104	4.796096	5.081115
1.250	5.000000	5.000000	5.000000	5.000000	3.432124	4.444782	4.796096	5.081115
1.260	5.000000	5.000000	5.000000	5.000000	3.447658	4.461104	4.813006	5.429365
1.270	5.000000	5.000000	5.000000	5.000000	3.447658	4.461104	4.813006	5.081115
1.280	5.000000	5.000000	5.000000	5.000000	3.432124	4.461104	4.508635	5.411036
1.290	5.000000	5.000000	5.000000	5.000000	3.432124	4.444782	4.796096	5.429365
1.300	5.000000	5.000000	5.000000	5.000000	3.432124	4.461104	4.796096	5.411036
1.310	5.000000	5.000000	5.000000	5.000000	3.432124	4.787550	4.796096	5.099444
1.320	5.000000	5.000000	5.000000	5.000000	3.447658	4.444782	4.796096	5.081115
1.330	5.000000	5.000000	5.000000	5.000000	3.432124	4.461104	4.796096	5.411036
1.340	5.000000	5.000000	5.000000	5.000000	3.432124	4.461104	4.491725	5.081115
1.350	5.000000	5.000000	5.000000	5.000000	3.432124	4.461104	4.474816	5.429365
1.360	5.000000	5.000000	5.000000	5.000000	3.432124	4.444782	4.491725	5.081115
1.370	5.000000	5.000000	5.000000	5.000000	3.432124	4.754905	4.796096	5.081115
1.380	5.000000	5.000000	5.000000	5.000000	3.447658	4.461104	4.474816	5.429365
1.390	5.000000	5.000000	5.000000	5.000000	3.447658	4.461104	4.457906	5.429365
1.400	5.000000	5.000000	5.000000	5.000000	3.432124	4.771228	4.779187	5.062786
1.410	5.000000	5.000000	5.000000	5.000000	3.447658	4.771228	4.796096	5.429365
1.420	5.000000	5.000000	5.000000	5.000000	3.447658	4.461104	4.474816	5.062786
1.430	5.000000	5.000000	5.000000	5.000000	3.432124	4.444782	4.796096	5.429365
1.440	5.000000	5.000000	5.000000	5.000000	3.447658	4.461104	4.779187	5.429365
1.450	5.000000	5.000000	5.000000	5.000000	3.447658	4.461104	4.796096	5.081115
1.460	5.000000	5.000000	5.000000	5.000000	3.447658	4.461104	4.796096	5.081115
1.470	5.000000	5.000000	5.000000	5.000000	3.447658	4.787550	4.491725	5.429365
1.480	5.000000	5.000000	5.000000	5.000000	3.432124	4.461104	4.796096	5.429365
1.490	5.000000	5.000000	5.000000	5.000000	3.432124	4.787550	4.796096	5.081115
1.500	5.000000	5.000000	5.000000	5.000000	3.432124	4.461104	4.796096	5.429365
1.510	5.000000	5.000000	5.000000	5.000000	3.432124	4.461104	4.474816	5.411036
1.520	5.000000	5.000000	5.000000	5.000000	3.432124	4.461104	4.491725	5.429365
1.530	5.000000	5.000000	5.000000	5.000000	3.447658	4.771228	4.491725	5.062786
1.540	5.000000	5.000000	5.000000	5.000000	3.432124	4.771228	4.796096	5.081115
1.550	5.000000	5.000000	5.000000	5.000000	3.447658	4.428460	4.796096	5.081115
1.560	5.000000	5.000000	5.000000	5.000000	3.447658	4.771228	4.796096	5.062786
1.570	5.000000	5.000000	5.000000	5.000000	3.432124	4.461104	4.813006	5.081115
1.580	5.000000	5.000000	5.000000	5.000000	3.432124	4.461104	4.813006	5.081115
1.590	5.000000	5.000000	5.000000	5.000000	3.432124	4.444782	4.796096	5.081115
1.600	5.000000	5.000000	5.000000	5.000000	3.432124	4.444782	4.796096	5.081115
1.610	5.000000	5.000000	5.000000	5.000000	3.432124	4.461104	4.474816	5.081115
1.620	5.000000	5.000000	5.000000	5.000000	3.432124	4.461104	4.796096	5.081115
1.630	5.000000	5.000000	5.000000	5.000000	3.432124	4.444782	4.796096	5.429365
1.640	5.000000	5.000000	5.000000	5.000000	3.432124	4.461104	4.796096	5.411036
1.650	5.000000	5.000000	5.000000	5.000000	3.432124	4.771228	4.474816	5.411036
1.660	5.000000	5.000000	5.000000	5.000000	3.432124	4.444782	4.796096	5.081115
1.670	5.000000	5.000000	5.000000	5.000000	3.432124	4.461104	4.491725	5.429365
1.680	5.000000	5.000000	5.000000	5.000000	3.432124	4.754905	4.796096	5.081115
1.690	5.000000	5.000000	5.000000	5.000000	3.447658	4.461104	4.796096	5.081115
1.700	5.000000	5.000000	5.000000	5.000000	3.432124	4.444782	4.796096	5.429365
1.710	5.000000	5.000000	5.000000	5.000000	3.152524	4.461104	4.491725	5.081115
1.720	5.000000	5.000000	5.000000	5.000000	3.447658	4.428460	4.491725	5.429365
1.730	5.000000	5.000000	5.000000	5.000000	3.432124	4.444782	4.813006	5.062786
1.740	5.000000	5.000000	5.000000	5.000000	3.416591	4.461104	4.491725	5.081115
1.750	5.000000	5.000000	5.000000	5.000000	3.432124	4.754905	4.779187	5.429365
1.760	5.000000	5.000000	5.000000	5.000000	3.432124	4.477427	4.796096	5.099444
1.770	5.000000	5.000000	5.000000	5.000000	3.136991	4.461104	4.796096	5.429365
1.780	5.000000	5.000000	5.000000	5.000000	3.432124	4.461104	4.813006	5.411036
1.790	5.000000	5.000000	5.000000	5.000000	3.432124	4.444782	4.813006	5.081115
1.800	5.000000	5.000000	5.000000	5.000000	3.432124	4.754905	4.796096	5.081115
1.810	5.000000	5.000000	5.000000	5.000000	3.432124	4.461104	4.796096	5.081115
1.820	5.000000	5.000000	5.000000	5.000000	3.432124	4.461104	4.796096	5.081115
1.830	5.000000	5.000000	5.000000	5.000000	3.432124	4.444782	4.796096	5.411036
1.840	5.000000	5.000000	5.000000	5.000000	3.432124	4.444782	4.796096	5.411036
1.850	5.000000	5.000000	5.000000	5.000000	3.432124	4.444782	4.491725	5.081115
1.860	5.000000	5.000000	5.000000	5.000000	3.432124	4.771228	4.796096	5.429365
1.870	5.000000	5.000000	5.000000	5.000000	3.416591	4.461104	4.796096	5.429365
1.880	5.000000	5.000000	5.000000	5.000000	3.432124	4.461104	4.491725	5.429365
1.890	5.000000	5.000000	5.000000	5.000000	3.432124	4.444782	4.796096	5.429365
1.900	5.000000	5.000000	5.000000	5.000000	3.432124	4.461104	4.796096	5.081115
1.910	5.000000	5.000000	5.000000	5.000000	3.432124	4.754905	4.796096	5.429365
1.920	5.000000	5.000000	5.000000	5.000000	3.432124	4.444782	4.813006	5.081115
1.930	5.000000	5.000000	5.000000	5.000000	3.432124	4.461104	4.813006	5.429365
1.940	5.000000	5.000000	5.000000	5.000000	3.432124	4.754905	4.796096	5.081115
1.950	5.000000	5.000000	5.000000	5.000000	3.432124	4.444782	4.491725	5.081115
1.960	5.000000	5.000000	5.000000	5.000000	3.432124	4.754905	4.796096	5.429365
1.970	5.000000	5.000000	5.000000	5.000000	3.432124	4.444782	4.796096	5.081115
1.980	5.000000	5.000000	5.000000	5.000000	3.432124	4.428460	4.796096	5.411036
1.990	5.000000	5.000000	5.000000	5.000000	3.432124	4.461104	4.796096	5.429365
2.000	5.000000	5.000000	5.000000	5.000000	3.432124	4.754905	4.796096	5.062786
2.010	5.000000	5.000000	5.000000	5.000000	3.136991	4.771228	4.796096	5.429365
2.020	5.000000	5.000000	5.000000	5.000000	3.447658	4.754905	4.796096	5.429365
2.030	5.000000	5.000000	5.000000	5.000000	3.432124	4.444782	4.779187	5.429365
2.040	5.000000	5.000000	5.000000	5.000000	3.432124	4.444782	4.474816	5.429365
2.050	5.000000	5.000000	5.000000	5.000000	3.432124	4.461104	4.779187	5.062786
2.060	5.000000	5.000000	5.000000	5.000000	3.432124	4.444782	4.796096	5.081115
2.070	5.000000	5.000000	5.000000	5.000000	3.447658	4.444782	4.491725	5.411036
2.080	5.000000	5.000000	5.000000	5.000000	3.447658	4.754905	4.796096	5.411036
2.090	5.000000	5.000000	5.000000	5.000000	3.447658	4.461104	4.474816	5.411036
2.100	5.000000	5.000000	5.000000	5.000000	3.432124	4.461104	4.796096	5.429365
2.110	5.000000	5.000000	5.000000	5.000000	3.432124	4.754905	4.491725	5.411036
2.120	5.000000	5.000000	5.000000	5.000000	3.432124	4.771228	4.779187	5.411036
2.130	5.000000	5.000000	5.000000	5.000000	3.432124	4.771228	4.796096	5.081115
2.140	5.000000	5.000000	5.000000	5.000000	3.432124	4.477427	4.491725	5.099444
2.150	5.000000	5.000000	5.000000	5.000000	3.432124	4.461104	4.796096	5.081115
2.160	5.000000	5.000000	5.000000	5.000000	3.447658	4.771228	4.796096	5.062786
2.170	5.000000	5.000000	5.000000	5.000000	3.432124	4.754905	4.813006	5.411036
2.180	5.000000	5.000000	5.000000	5.000000	3.447658	4.754905	4.796096	5.411036
2.190	5.000000	5.000000	5.000000	5.000000	3.447658	4.461104	4.508635	5.411036
2.200	5.000000	5.000000	5.000000	5.000000	3.152524	4.754905	4.796096	5.429365
2.210	5.000000	5.000000	5.000000	5.000000	3.432124	4.461104	4.508635	5.062786
2.220	5.000000	5.000000	5.000000	5.000000	3.432124	4.771228	4.796096	5.411036
2.230	5.000000	5.000000	5.000000	5.000000	3.447658	4.461104	4.813006	5.411036
2.240	5.000000	5.000000	5.000000	5.000000	3.432124	4.461104	4.779187	5.081115
2.250	5.000000	5.000000	5.000000	5.000000	3.447658	4.444782	4.813006	5.081115
2.260	5.000000	5.000000	5.000000	5.000000	3.432124	4.477427	4.796096	5.411036
2.270	5.000000	5.000000	5.000000	5.000000	3.432124	4.477427	4.474816	5.429365
2.280	5.000000	5.000000	5.000000	5.000000	3.447658	4.461104	4.813006	5.411036
2.290	5.000000	5.000000	5.000000	5.000000	3.432124	4.771228	4.491725	5.429365
2.300	5.000000	5.000000	5.000000	5.000000	3.432124	4.461104	4.491725	5.429365
2.310	5.000000	5.000000	5.000000	5.000000	3.432124	4.461104	4.813006	5.062786
2.320	5.000000	5.000000	5.000000	5.000000	3.432124	4.461104	4.796096	5.081115
2.330	5.000000	5.000000	5.000000	5.000000	3.432124	4.461104	4.813006	5.429365
2.340	5.000000	5.000000	5.000000	5.000000	3.447658	4.461104	4.796096	5.411036
2.350	5.000000	5.000000	5.000000	5.000000	3.432124	4.461104	4.796096	5.062786
2.360	5.000000	5.000000	5.000000	5.000000	3.432124	4.461104	4.813006	5.411036
2.370	5.000000	5.000000	5.000000	5.000000	3.447658	4.461104	4.796096	5.429365
2.380	5.000000	5.000000	5.000000	5.000000	3.447658	4.771228	4.796096	5.081115
2.390	5.000000	5.000000	5.000000	5.000000	3.432124	4.461104	4.796096	5.429365
2.400	5.000000	5.000000	5.000000	5.000000	3.432124	4.477427	4.813006	5.411036
2.410	5.000000	5.000000	5.000000	5.000000	3.447658	4.444782	4.813006	5.429365
2.420	5.000000	5.000000	5.000000	5.000000	3.432124	4.771228	4.813006	5.411036
2.430	5.000000	5.000000	5.000000	5.000000	3.432124	4.461104	4.813006	5.411036
2.440	5.000000	5.000000	5.000000	5.000000	3.447658	4.461104	4.813006	5.429365
2.450	5.000000	5.000000	5.000000	5.000000	3.447658	4.771228	4.813006	5.099444
2.460	5.000000	5.000000	5.000000	5.000000	3.432124	4.754905	4.491725	5.062786
2.470	5.000000	5.000000	5.000000	5.000000	3.432124	4.771228	4.796096	5.429365
2.480	5.000000	5.000000	5.000000	5.000000	3.432124	4.771228	4.796096	5.081115
2.490	5.000000	5.000000	5.000000	5.000000	3.432124	4.754905	4.813006	5.081115
2.500	5.000000	5.000000	5.000000	5.000000	3.447658	4.444782	4.813006	5.081115
2.510	5.000000	5.000000	5.000000	5.000000	3.432124	4.771228	4.491725	5.429365
2.520	5.000000	5.000000	5.000000	5.000000	3.432124	4.461104	4.813006	5.411036
2.530	5.000000	5.000000	5.000000	5.000000	3.432124	4.444782	4.813006	5.081115
2.540	5.000000	5.000000	5.000000	5.000000	3.432124	4.461104	4.813006	5.411036
2.550	5.000000	5.000000	5.000000	5.000000	3.432124	4.461104	4.796096	5.081115
2.560	5.000000	5.000000	5.000000	5.000000	3.416591	4.444782	4.796096	5.099444
2.570	5.000000	5.000000	5.000000	5.000000	3.447658	4.771228	4.796096	5.429365
2.580	5.000000	5.000000	5.000000	5.000000	3.432124	4.754905	4.508635	5.411036
2.590	5.000000	5.000000	5.000000	5.000000	3.447658	4.754905	4.796096	5.429365
2.600	5.000000	5.000000	5.000000	5.000000	3.447658	4.771228	4.813006	5.411036
2.610	5.000000	5.000000	5.000000	5.000000	3.432124	4.461104	4.796096	5.099444
2.620	5.000000	5.000000	5.000000	5.000000	3.432124	4.461104	4.813006	5.411036
2.630	5.000000	5.000000	5.000000	5.000000	3.432124	4.771228	4.813006	5.411036
2.640	5.000000	5.000000	5.000000	5.000000	3.432124	4.477427	4.508635	5.411036
2.650	5.000000	5.000000	5.000000	5.000000	3.432124	4.461104	4.491725	5.429365
2.660	5.000000	5.000000	5.000000	5.000000	3.447658	4.477427	4.508635	5.429365
2.670	5.000000	5.000000	5.000000	5.000000	3.432124	4.461104	4.796096	5.081115
2.680	5.000000	5.000000	5.000000	5.000000	3.432124	4.477427	4.813006	5.081115
2.690	5.000000	5.000000	5.000000	5.000000	3.432124	4.461104	4.508635	5.081115
2.700	5.000000	5.000000	5.000000	5.000000	3.416591	4.461104	4.796096	5.081115
2.710	5.000000	5.000000	5.000000	5.000000	3.432124	4.444782	4.796096	5.411036
2.720	5.000000	5.000000	5.000000	5.000000	3.432124	4.771228	4.813006	5.081115
2.730	5.000000	5.000000	5.000000	5.000000	3.447658	4.444782	4.796096	5.081115
2.740	5.000000	5.000000	5.000000	5.000000	3.432124	4.444782	4.813006	5.429365
2.750	5.000000	5.000000	5.000000	5.000000	3.432124	4.771228	4.796096	5.447694
2.760	5.000000	5.000000	5.000000	5.000000	3.432124	4.444782	4.474816	5.081115
2.770	5.000000	5.000000	5.000000	5.000000	3.432124	4.461104	4.796096	5.429365
2.780	5.000000	5.000000	5.000000	5.000000	3.432124	4.771228	4.813006	5.411036
2.790	5.000000	5.000000	5.000000	5.000000	3.432124	4.771228	4.813006	5.429365
2.800	5.000000	5.000000	5.000000	5.000000	3.447658	4.461104	4.796096	5.429365
2.810	5.000000	5.000000	5.000000	5.000000	3.416591	4.754905	4.491725	5.062786
2.820	5.000000	5.000000	5.000000	5.000000	3.432124	4.444782	4.491725	5.411036
2.830	5.000000	5.000000	5.000000	5.000000	3.416591	4.461104	4.491725	5.099444
2.840	5.000000	5.000000	5.000000	5.000000	3.432124	4.461104	4.813006	5.429365
2.850	5.000000	5.000000	5.000000	5.000000	3.432124	4.771228	4.796096	5.411036
2.860	5.000000	5.000000	5.000000	5.000000	3.432124	4.754905	4.796096	5.429365
2.870	5.000000	5.000000	5.000000	5.000000	3.416591	4.754905	4.813006	5.429365
2.880	5.000000	5.000000	5.000000	5.000000	3.432124	4.754905	4.813006	5.411036
2.890	5.000000	5.000000	5.000000	5.000000	3.432124	4.771228	4.491725	5.411036
2.900	5.000000	5.000000	5.000000	5.000000	3.447658	4.461104	4.491725	5.411036
2.910	5.000000	5.000000	5.000000	5.000000	3.447658	4.754905	4.474816	5.081115
2.920	5.000000	5.000000	5.000000	5.000000	3.447658	4.461104	4.796096	5.429365
2.930	5.000000	5.000000	5.000000	5.000000	3.416591	4.461104	4.796096	5.429365
2.940	5.000000	5.000000	5.000000	5.000000	3.416591	4.754905	4.796096	5.411036
2.950	5.000000	5.000000	5.000000	5.000000	3.432124	4.461104	4.491725	5.099444
2.960	5.000000	5.000000	5.000000	5.000000	3.432124	4.461104	4.796096	5.411036
2.970	5.000000	5.000000	5.000000	5.000000	3.447658	4.444782	4.491725	5.411036
2.980	5.000000	5.000000	5.000000	5.000000	3.432124	4.754905	4.779187	5.081115
2.990	5.000000	5.000000	5.000000	5.000000	3.432124	4.444782	4.491725	5.081115
3.000	5.000000	5.000000	5.000000	5.000000	3.432124	4.444782	4.796096	5.429365
3.010	5.000000	5.000000	5.000000	5.000000	3.432124	4.771228	4.796096	5.081115
3.020	5.000000	5.000000	5.000000	5.000000	3.432124	4.771228	4.796096	5.081115
3.030	5.000000	5.000000	5.000000	5.000000	3.432124	4.461104	4.796096	5.081115
3.040	5.000000	5.000000	5.000000	5.000000	3.432124	4.444782	4.796096	5.411036
3.050	5.000000	5.000000	5.000000	5.000000	3.447658	4.461104	4.796096	5.081115
3.060	5.000000	5.000000	5.000000	5.000000	3.416591	4.771228	4.796096	5.099444
3.070	5.000000	5.000000	5.000000	5.000000	3.432124	4.771228	4.779187	5.081115
3.080	5.000000	5.000000	5.000000	5.000000	3.432124	4.461104	4.491725	5.429365
3.090	5.000000	5.000000	5.000000	5.000000	3.432124	4.771228	4.779187	5.429365
3.100	5.000000	5.000000	5.000000	5.000000	3.432124	4.461104	4.779187	5.062786
3.110	5.000000	5.000000	5.000000	5.000000	3.432124	4.461104	4.491725	5.081115
3.120	5.000000	5.000000	5.000000	5.000000	3.432124	4.444782	4.796096	5.429365
3.130	5.000000	5.000000	5.000000	5.000000	3.136991	4.771228	4.474816	5.447694
3.140	5.000000	5.000000	5.000000	5.000000	3.432124	4.444782	4.796096	5.429365
3.150	5.000000	5.000000	5.000000	5.000000	3.447658	4.771228	4.491725	5.429365
3.160	5.000000	5.000000	5.000000	5.000000	3.447658	4.444782	4.796096	5.081115
3.170	5.000000	5.000000	5.000000	5.000000	3.432124	4.444782	4.796096	5.429365
3.180	5.000000	5.000000	5.000000	5.000000	3.432124	4.444782	4.796096	5.099444
3.190	5.000000	5.000000	5.000000	5.000000	3.432124	4.771228	4.779187	5.429365
3.200	5.000000	5.000000	5.000000	5.000000	3.432124	4.461104	4.474816	5.081115
3.210	5.000000	5.000000	5.000000	5.000000	3.432124	4.754905	4.474816	5.099444
3.220	5.000000	5.000000	5.000000	5.000000	3.432124	4.444782	4.796096	5.099444
3.230	5.000000	5.000000	5.000000	5.000000	3.432124	4.461104	4.474816	5.429365
3.240	5.000000	5.000000	5.000000	5.000000	3.432124	4.754905	4.779187	5.429365
3.250	5.000000	5.000000	5.000000	5.000000	3.432124	4.461104	4.796096	5.429365
3.260	5.000000	5.000000	5.000000	5.000000	3.432124	4.771228	4.779187	5.081115
3.270	5.000000	5.000000	5.000000	5.000000	3.152524	4.461104	4.779187	5.411036
3.280	5.000000	5.000000	5.000000	5.000000	3.432124	4.754905	4.474816	5.081115
3.290	5.000000	5.000000	5.000000	5.000000	3.432124	4.461104	4.813006	5.081115
3.300	5.000000	5.000000	5.000000	5.000000	3.432124	4.444782	4.796096	5.429365
3.310	5.000000	5.000000	5.000000	5.000000	3.432124	4.754905	4.796096	5.429365
3.320	5.000000	5.000000	5.000000	5.000000	3.432124	4.771228	4.796096	5.429365
3.330	5.000000	5.000000	5.000000	5.000000	3.432124	4.461104	4.474816	5.447694
3.340	5.000000	5.000000	5.000000	5.000000	3.432124	4.754905	4.796096	5.411036
3.350	5.000000	5.000000	5.000000	5.000000	3.432124	4.787550	4.796096	5.429365
3.360	5.000000	5.000000	5.000000	5.000000	3.447658	4.461104	4.813006	5.429365
3.370	5.000000	5.000000	5.000000	5.000000	3.432124	4.754905	4.474816	5.411036
3.380	5.000000	5.000000	5.000000	5.000000	3.432124	4.461104	4.796096	5.429365
3.390	5.000000	5.000000	5.000000	5.000000	3.432124	4.771228	4.813006	5.081115
3.400	5.000000	5.000000	5.000000	5.000000	3.432124	4.754905	4.813006	5.429365
3.410	5.000000	5.000000	5.000000	5.000000	3.432124	4.754905	4.779187	5.429365
3.420	5.000000	5.000000	5.000000	5.000000	3.432124	4.461104	4.796096	5.081115
3.430	5.000000	5.000000	5.000000	5.000000	3.432124	4.771228	4.796096	5.429365
3.440	5.000000	5.000000	5.000000	5.000000	3.447658	4.444782	4.796096	5.429365
3.450	5.000000	5.000000	5.000000	5.000000	3.432124	4.461104	4.813006	5.429365
3.460	5.000000	5.000000	5.000000	5.000000	3.447658	4.428460	5.100468	5.447694
3.470	5.000000	5.000000	5.000000	5.000000	3.432124	4.754905	4.796096	5.081115
3.480	5.000000	5.000000	5.000000	5.000000	3.432124	4.771228	4.796096	5.411036
3.490	5.000000	5.000000	5.000000	5.000000	3.432124	4.461104	4.779187	5.081115
3.500	5.000000	5.000000	5.000000	5.000000	3.447658	4.444782	4.491725	5.429365
3.510	5.000000	5.000000	5.000000	5.000000	3.432124	4.444782	4.796096	5.429365
3.520	5.000000	5.000000	5.000000	5.000000	3.432124	4.444782	4.779187	5.429365
3.530	5.000000	5.000000	5.000000	5.000000	3.432124	4.461104	4.796096	5.081115
3.540	5.000000	5.000000	5.000000	5.000000	3.432124	4.461104	4.796096	5.429365
3.550	5.000000	5.000000	5.000000	5.000000	3.447658	4.444782	4.474816	5.429365
3.560	5.000000	5.000000	5.000000	5.000000	3.432124	4.754905	4.474816	5.081115
3.570	5.000000	5.000000	5.000000	5.000000	3.432124	4.444782	4.796096	5.429365
3.580	5.000000	5.000000	5.000000	5.000000	3.432124	4.444782	4.779187	5.081115
3.590	5.000000	5.000000	5.000000	5.000000	3.432124	4.461104	4.474816	5.429365
3.600	5.000000	5.000000	5.000000	5.000000	3.432124	4.461104	4.796096	5.099444
3.610	5.000000	5.000000	5.000000	5.000000	3.432124	4.461104	4.813006	5.411036
3.620	5.000000	5.000000	5.000000	5.000000	3.432124	4.444782	4.796096	5.081115
3.630	5.000000	5.000000	5.000000	5.000000	3.432124	4.461104	4.491725	5.081115
3.640	5.000000	5.000000	5.000000	5.000000	3.432124	4.444782	4.779187	5.411036
3.650	5.000000	5.000000	5.000000	5.000000	3.432124	4.461104	4.813006	5.099444
3.660	5.000000	5.000000	5.000000	5.000000	3.432124	4.461104	4.796096	5.411036
3.670	5.000000	5.000000	5.000000	5.000000	3.432124	4.461104	4.813006	5.411036
3.680	5.000000	5.000000	5.000000	5.000000	3.416591	4.771228	4.796096	5.099444
3.690	5.000000	5.000000	5.000000	5.000000	3.447658	4.444782	4.796096	5.099444
3.700	5.000000	5.000000	5.000000	5.000000	3.432124	4.461104	4.796096	5.429365
3.710	5.000000	5.000000	5.000000	5.000000	3.432124	4.771228	4.796096	5.411036
3.720	5.000000	5.000000	5.000000	5.000000	3.432124	4.477427	4.813006	5.429365
3.730	5.000000	5.000000	5.000000	5.000000	3.432124	4.461104	4.813006	5.081115
3.740	5.000000	5.000000	5.000000	5.000000	3.432124	4.461104	4.813006	5.081115
3.750	5.000000	5.000000	5.000000	5.000000	3.432124	4.754905	4.796096	5.081115
3.760	5.000000	5.000000	5.000000	5.000000	3.432124	4.461104	4.491725	5.429365
3.770	5.000000	5.000000	5.000000	5.000000	3.432124	4.754905	4.474816	5.429365
3.780	5.000000	5.000000	5.000000	5.000000	3.432124	4.787550	4.491725	5.099444
3.790	5.000000	5.000000	5.000000	5.000000	3.447658	4.444782	4.491725	5.429365
3.800	5.000000	5.000000	5.000000	5.000000	3.432124	4.771228	4.796096	5.411036
3.810	5.000000	5.000000	5.000000	5.000000	3.432124	4.771228	4.796096	5.447694
3.820	5.000000	5.000000	5.000000	5.000000	3.432124	4.771228	4.796096	5.099444
3.830	5.000000	5.000000	5.000000	5.000000	3.432124	4.771228	4.796096	5.429365
3.840	5.000000	5.000000	5.000000	5.000000	3.432124	4.461104	4.796096	5.099444
3.850	5.000000	5.000000	5.000000	5.000000	3.432124	4.771228	4.796096	5.081115
3.860	5.000000	5.000000	5.000000	5.000000	3.136991	4.461104	4.796096	5.429365
3.870	5.000000	5.000000	5.000000	5.000000	3.432124	4.771228	4.796096	5.447694
3.880	5.000000	5.000000	5.000000	5.000000	3.447658	4.444782	4.796096	5.429365
3.890	5.000000	5.000000	5.000000	5.000000	3.432124	4.771228	4.796096	5.429365
3.900	5.000000	5.000000	5.000000	5.000000	3.432124	4.738583	4.813006	5.429365
3.910	5.000000	5.000000	5.000000	5.000000	3.432124	4.461104	4.796096	5.447694
3.920	5.000000	5.000000	5.000000	5.000000	3.432124	4.754905	4.796096	5.429365
3.930	5.000000	5.000000	5.000000	5.000000	3.447658	4.444782	4.813006	5.081115
3.940	5.000000	5.000000	5.000000	5.000000	3.447658	4.461104	4.813006	5.429365
3.950	5.000000	5.000000	5.000000	5.000000	3.432124	4.771228	4.796096	5.081115
3.960	5.000000	5.000000	5.000000	5.000000	3.432124	4.771228	4.796096	5.429365
3.970	5.000000	5.000000	5.000000	5.000000	3.432124	4.754905	4.796096	5.099444
3.980	5.000000	5.000000	5.000000	5.000000	3.432124	4.428460	4.796096	5.429365
3.990	5.000000	5.000000	5.000000	5.000000	3.432124	4.444782	4.508635	5.429365
4.000	5.000000	5.000000	5.000000	5.000000	3.447658	4.444782	4.813006	5.447694
4.010	5.000000	5.000000	5.000000	5.000000	3.432124	4.444782	4.813006	5.099444
4.020	5.000000	5.000000	5.000000	5.000000	3.432124	4.754905	4.508635	5.099444
4.030	5.000000	5.000000	5.000000	5.000000	3.447658	4.771228	4.813006	5.081115
4.040	5.000000	5.000000	5.000000	5.000000	3.432124	4.754905	4.525544	5.429365
4.050	5.000000	5.000000	5.000000	5.000000	3.432124	4.461104	4.813006	5.429365
4.060	5.000000	5.000000	5.000000	5.000000	3.432124	4.444782	4.813006	5.447694
4.070	5.000000	5.000000	5.000000	5.000000	3.416591	4.444782	4.813006	5.099444
4.080	5.000000	5.000000	5.000000	5.000000	3.447658	4.461104	4.491725	5.099444
4.090	5.000000	5.000000	5.000000	5.000000	3.432124	4.444782	4.813006	5.429365
4.100	5.000000	5.000000	5.000000	5.000000	3.432124	4.754905	4.813006	5.099444
4.110	5.000000	5.000000	5.000000	5.000000	3.432124	4.754905	4.796096	5.081115
4.120	5.000000	5.000000	5.000000	5.000000	3.432124	4.444782	4.813006	5.429365
4.130	5.000000	5.000000	5.000000	5.000000	3.432124	4.461104	4.796096	5.447694
4.140	5.000000	5.000000	5.000000	5.000000	3.432124	4.461104	4.796096	5.081115
4.150	5.000000	5.000000	5.000000	5.000000	3.199124	4.754905	4.813006	5.429365
4.160	5.000000	5.000000	5.000000	5.000000	3.152524	4.771228	4.796096	5.099444
4.170	5.000000	5.000000	5.000000	5.000000	3.432124	4.754905	4.813006	5.081115
4.180	5.000000	5.000000	5.000000	5.000000	3.432124	4.754905	4.813006	5.429365
4.190	5.000000	5.000000	5.000000	5.000000	3.447658	4.444782	4.813006	5.099444
4.200	5.000000	5.000000	5.000000	5.000000	3.447658	4.461104	4.491725	5.099444
4.210	5.000000	5.000000	5.000000	5.000000	3.447658	4.754905	4.491725	5.081115
4.220	5.000000	5.000000	5.000000	5.000000	3.447658	4.461104	4.813006	5.081115
4.230	5.000000	5.000000	5.000000	5.000000	3.432124	4.771228	4.813006	5.099444
4.240	5.000000	5.000000	5.000000	5.000000	3.432124	4.461104	4.813006	5.081115
4.250	5.000000	5.000000	5.000000	5.000000	3.432124	4.461104	4.508635	5.447694
4.260	5.000000	5.000000	5.000000	5.000000	3.447658	4.461104	4.796096	5.099444
4.270	5.000000	5.000000	5.000000	5.000000	3.432124	4.771228	4.813006	5.117773
4.280	5.000000	5.000000	5.000000	5.000000	3.447658	4.461104	4.796096	5.099444
4.290	5.000000	5.000000	5.000000	5.000000	3.432124	4.444782	4.491725	5.447694
4.300	5.000000	5.000000	5.000000	5.000000	3.416591	4.754905	4.796096	5.447694
4.310	5.000000	5.000000	5.000000	5.000000	3.432124	4.444782	4.813006	5.081115
4.320	5.000000	5.000000	5.000000	5.000000	3.432124	4.444782	4.508635	5.081115
4.330	5.000000	5.000000	5.000000	5.000000	3.432124	4.771228	4.813006	5.429365
4.340	5.000000	5.000000	5.000000	5.000000	3.432124	4.461104	4.796096	5.081115
4.350	5.000000	5.000000	5.000000	5.000000	3.447658	4.754905	4.829915	5.429365
4.360	5.000000	5.000000	5.000000	5.000000	3.432124	4.754905	4.491725	5.081115
4.370	5.000000	5.000000	5.000000	5.000000	3.432124	4.461104	4.813006	5.099444
4.380	5.000000	5.000000	5.000000	5.000000	3.432124	4.771228	4.813006	5.447694
4.390	5.000000	5.000000	5.000000	5.000000	3.432124	4.461104	4.796096	5.099444
4.400	5.000000	5.000000	5.000000	5.000000	3.447658	4.754905	4.508635	5.429365
4.410	5.000000	5.000000	5.000000	5.000000	3.447658	4.461104	4.796096	5.429365
4.420	5.000000	5.000000	5.000000	5.000000	3.432124	4.754905	4.796096	5.081115
4.430	5.000000	5.000000	5.000000	5.000000	3.447658	4.477427	4.813006	5.429365
4.440	5.000000	5.000000	5.000000	5.000000	3.447658	4.771228	4.796096	5.429365
4.450	5.000000	5.000000	5.000000	5.000000	3.432124	4.771228	4.796096	5.447694
4.460	5.000000	5.000000	5.000000	5.000000	3.432124	4.787550	4.796096	5.429365
4.470	5.000000	5.000000	5.000000	5.000000	3.447658	4.754905	4.491725	5.429365
4.480	5.000000	5.000000	5.000000	5.000000	3.432124	4.444782	4.796096	5.099444
4.490	5.000000	5.000000	5.000000	5.000000	3.432124	4.444782	4.491725	5.429365
4.500	5.000000	5.000000	5.000000	5.000000	3.432124	4.444782	4.474816	5.099444
4.510	5.000000	5.000000	5.000000	5.000000	3.447658	4.754905	4.796096	5.429365
4.520	5.000000	5.000000	5.000000	5.000000	3.447658	4.771228	4.796096	5.429365
4.530	5.000000	5.000000	5.000000	5.000000	3.432124	4.461104	4.491725	5.447694
4.540	5.000000	5.000000	5.000000	5.000000	3.432124	4.754905	4.779187	5.429365
4.550	5.000000	5.000000	5.000000	5.000000	3.447658	4.461104	4.491725	5.429365
4.560	5.000000	5.000000	5.000000	5.000000	3.432124	4.461104	4.796096	5.411036
4.570	5.000000	5.000000	5.000000	5.000000	3.432124	4.771228	4.796096	5.447694
4.580	5.000000	5.000000	5.000000	5.000000	3.432124	4.771228	4.796096	5.429365
4.590	5.000000	5.000000	5.000000	5.000000	3.432124	4.771228	4.796096	5.081115
4.600	5.000000	5.000000	5.000000	5.000000	3.432124	4.444782	4.796096	5.429365
4.610	5.000000	5.000000	5.000000	5.000000	3.447658	4.771228	4.796096	5.447694
4.620	5.000000	5.000000	5.000000	5.000000	3.432124	4.461104	4.796096	5.429365
4.630	5.000000	5.000000	5.000000	5.000000	3.432124	4.444782	4.796096	5.081115
4.640	5.000000	5.000000	5.000000	5.000000	3.432124	4.461104	4.796096	5.429365
4.650	5.000000	5.000000	5.000000	5.000000	3.432124	4.461104	4.813006	5.429365
4.660	5.000000	5.000000	5.000000	5.000000	3.432124	4.461104	4.796096	5.099444
4.670	5.000000	5.000000	5.000000	5.000000	3.447658	4.444782	4.508635	5.081115
4.680	5.000000	5.000000	5.000000	5.000000	3.432124	4.461104	4.491725	5.081115
4.690	5.000000	5.000000	5.000000	5.000000	3.432124	4.771228	4.813006	5.411036
4.700	5.000000	5.000000	5.000000	5.000000	3.432124	4.754905	4.491725	5.411036
4.710	5.000000	5.000000	5.000000	5.000000	3.432124	4.771228	4.796096	5.429365
4.720	5.000000	5.000000	5.000000	5.000000	3.432124	4.771228	4.796096	5.429365
4.730	5.000000	5.000000	5.000000	5.000000	3.432124	4.461104	4.796096	5.429365
4.740	5.000000	5.000000	5.000000	5.000000	3.432124	4.771228	4.813006	5.429365
4.750	5.000000	5.000000	5.000000	5.000000	3.432124	4.444782	4.813006	5.081115
4.760	5.000000	5.000000	5.000000	5.000000	3.432124	4.787550	4.813006	5.447694
4.770	5.000000	5.000000	5.000000	5.000000	3.432124	4.461104	4.813006	5.429365
4.780	5.000000	5.000000	5.000000	5.000000	3.136991	4.754905	4.491725	5.099444
4.790	5.000000	5.000000	5.000000	5.000000	3.432124	4.461104	4.796096	5.429365
4.800	5.000000	5.000000	5.000000	5.000000	3.447658	4.444782	4.796096	5.429365
4.810	5.000000	5.000000	5.000000	5.000000	3.432124	4.461104	4.796096	5.429365
4.820	5.000000	5.000000	5.000000	5.000000	3.432124	4.754905	4.796096	5.429365
4.830	5.000000	5.000000	5.000000	5.000000	3.432124	4.771228	4.813006	5.447694
4.840	5.000000	5.000000	5.000000	5.000000	3.432124	4.771228	4.796096	5.099444
4.850	5.000000	5.000000	5.000000	5.000000	3.447658	4.444782	4.474816	5.429365
4.860	5.000000	5.000000	5.000000	5.000000	3.447658	4.444782	4.796096	5.099444
4.870	5.000000	5.000000	5.000000	5.000000	3.447658	4.461104	4.474816	5.429365
4.880	5.000000	5.000000	5.000000	5.000000	3.432124	4.444782	4.796096	5.429365
4.890	5.000000	5.000000	5.000000	5.000000	3.416591	4.771228	4.796096	5.429365
4.900	5.000000	5.000000	5.000000	5.000000	3.432124	4.754905	4.796096	5.429365
4.910	5.000000	5.000000	5.000000	5.000000	3.136991	4.461104	4.779187	5.429365
4.920	5.000000	5.000000	5.000000	5.000000	3.416591	4.461104	4.813006	5.081115
4.930	5.000000	5.000000	5.000000	5.000000	3.432124	4.771228	4.796096	5.411036
4.940	5.000000	5.000000	5.000000	5.000000	3.432124	4.771228	4.796096	5.099444
4.950	5.000000	5.000000	5.000000	5.000000	3.432124	4.461104	4.491725	5.411036
4.960	5.000000	5.000000	5.000000	5.000000	3.152524	4.444782	4.796096	5.429365
4.970	5.000000	5.000000	5.000000	5.000000	3.432124	4.444782	4.796096	5.081115
4.980	5.000000	5.000000	5.000000	5.000000	3.432124	4.444782	4.474816	5.081115
4.990	5.000000	5.000000	5.000000	5.000000	3.447658	4.771228	4.779187	5.099444
5.000	5.000000	5.000000	5.000000	5.000000	3.432124	4.444782	4.796096	5.081115
5.010	5.000000	5.000000	5.000000	5.000000	3.447658	4.461104	4.813006	5.081115
5.020	5.000000	5.000000	5.000000	5.000000	3.432124	4.771228	4.491725	5.099444
5.030	5.000000	5.000000	5.000000	5.000000	3.432124	4.771228	4.813006	5.429365
5.040	5.000000	5.000000	5.000000	5.000000	3.432124	4.754905	4.491725	5.429365
5.050	5.000000	5.000000	5.000000	5.000000	3.432124	4.771228	4.813006	5.081115
5.060	5.000000	5.000000	5.000000	5.000000	3.432124	4.461104	4.796096	5.447694
5.070	5.000000	5.000000	5.000000	5.000000	3.447658	4.771228	4.474816	5.081115
5.080	5.000000	5.000000	5.000000	5.000000	3.447658	4.461104	4.796096	5.081115
5.090	5.000000	5.000000	5.000000	5.000000	3.447658	4.444782	4.813006	5.429365
5.100	5.000000	5.000000	5.000000	5.000000	3.432124	4.771228	4.491725	5.081115
5.110	5.000000	5.000000	5.000000	5.000000	3.432124	4.444782	4.796096	5.447694
5.120	5.000000	5.000000	5.000000	5.000000	3.432124	4.754905	4.796096	5.429365
5.130	5.000000	5.000000	5.000000	5.000000	3.447658	4.461104	4.796096	5.081115
5.140	5.000000	5.000000	5.000000	5.000000	3.432124	4.477427	4.796096	5.081115
5.150	5.000000	5.000000	5.000000	5.000000	3.447658	4.461104	4.796096	5.411036
5.160	5.000000	5.000000	5.000000	5.000000	3.136991	4.754905	4.796096	5.429365
5.170	5.000000	5.000000	5.000000	5.000000	3.432124	4.461104	4.779187	5.447694
5.180	5.000000	5.000000	5.000000	5.000000	3.432124	4.461104	4.796096	5.429365
5.190	5.000000	5.000000	5.000000	5.000000	3.432124	4.771228	4.796096	5.429365
5.200	5.000000	5.000000	5.000000	5.000000	3.152524	4.771228	4.779187	5.429365
5.210	5.000000	5.000000	5.000000	5.000000	3.432124	4.754905	4.796096	5.429365
5.220	5.000000	5.000000	5.000000	5.000000	3.432124	4.461104	4.796096	5.429365
5.230	5.000000	5.000000	5.000000	5.000000	3.447658	4.754905	4.796096	5.429365
5.240	5.000000	5.000000	5.000000	5.000000	3.447658	4.771228	4.796096	5.447694
5.250	5.000000	5.000000	5.000000	5.000000	3.447658	4.771228	4.474816	5.429365
5.260	5.000000	5.000000	5.000000	5.000000	3.432124	4.461104	4.474816	5.411036
5.270	5.000000	5.000000	5.000000	5.000000	3.432124	4.444782	4.491725	5.429365
5.280	5.000000	5.000000	5.000000	5.000000	3.447658	4.444782	4.796096	5.099444
5.290	5.000000	5.000000	5.000000	5.000000	3.447658	4.461104	4.796096	5.081115
5.300	5.000000	5.000000	5.000000	5.000000	3.432124	4.461104	4.796096	5.081115
5.310	5.000000	5.000000	5.000000	5.000000	3.432124	4.771228	4.779187	5.081115
5.320	5.000000	5.000000	5.000000	5.000000	3.432124	4.461104	4.796096	5.429365
5.330	5.000000	5.000000	5.000000	5.000000	3.447658	4.771228	4.474816	5.099444
5.340	5.000000	5.000000	5.000000	5.000000	3.447658	4.771228	4.474816	5.429365
5.350	5.000000	5.000000	5.000000	5.000000	3.447658	4.461104	4.796096	5.411036
5.360	5.000000	5.000000	5.000000	5.000000	3.447658	4.754905	4.796096	5.447694
5.370	5.000000	5.000000	5.000000	5.000000	3.447658	4.771228	4.796096	5.081115
5.380	5.000000	5.000000	5.000000	5.000000	3.447658	4.444782	4.796096	5.429365
5.390	5.000000	5.000000	5.000000	5.000000	3.432124	4.461104	4.796096	5.411036
5.400	5.000000	5.000000	5.000000	5.000000	3.432124	4.461104	4.779187	5.411036
5.410	5.000000	5.000000	5.000000	5.000000	3.432124	4.444782	4.474816	5.081115
5.420	5.000000	5.000000	5.000000	5.000000	3.447658	4.444782	4.491725	5.411036
5.430	5.000000	5.000000	5.000000	5.000000	3.447658	4.771228	4.796096	5.411036
5.440	5.000000	5.000000	5.000000	5.000000	3.432124	4.461104	4.474816	5.081115
5.450	5.000000	5.000000	5.000000	5.000000	3.432124	4.754905	4.491725	5.081115
5.460	5.000000	5.000000	5.000000	5.000000	3.432124	4.461104	4.796096	5.081115
5.470	5.000000	5.000000	5.000000	5.000000	3.432124	4.771228	4.796096	5.081115
5.480	5.000000	5.000000	5.000000	5.000000	3.447658	4.461104	4.796096	5.429365
5.490	5.000000	5.000000	5.000000	5.000000	3.432124	4.444782	4.796096	5.099444
5.500	5.000000	5.000000	5.000000	5.000000	3.432124	4.444782	4.796096	5.429365
5.510	5.000000	5.000000	5.000000	5.000000	3.432124	4.461104	4.813006	5.081115
5.520	5.000000	5.000000	5.000000	5.000000	3.447658	4.461104	4.491725	5.081115
5.530	5.000000	5.000000	5.000000	5.000000	3.432124	4.444782	4.796096	5.429365
5.540	5.000000	5.000000	5.000000	5.000000	3.432124	4.461104	4.796096	5.429365
5.550	5.000000	5.000000	5.000000	5.000000	3.432124	4.461104	4.796096	5.429365
5.560	5.000000	5.000000	5.000000	5.000000	3.447658	4.444782	4.813006	5.429365
5.570	5.000000	5.000000	5.000000	5.000000	3.432124	4.771228	4.796096	5.429365
5.580	5.000000	5.000000	5.000000	5.000000	3.432124	4.754905	4.796096	5.099444
5.590	5.000000	5.000000	5.000000	5.000000	3.447658	4.771228	4.796096	5.429365
5.600	5.000000	5.000000	5.000000	5.000000	3.432124	4.771228	4.813006	5.429365
5.610	5.000000	5.000000	5.000000	5.000000	3.447658	4.787550	4.796096	5.429365
5.620	5.000000	5.000000	5.000000	5.000000	3.432124	4.461104	4.491725	5.411036
5.630	5.000000	5.000000	5.000000	5.000000	3.432124	4.461104	4.813006	5.429365
5.640	5.000000	5.000000	5.000000	5.000000	3.447658	4.771228	4.813006	5.429365
5.650	5.000000	5.000000	5.000000	5.000000	3.432124	4.461104	4.796096	5.081115
5.660	5.000000	5.000000	5.000000	5.000000	3.432124	4.461104	4.813006	5.081115
5.670	5.000000	5.000000	5.000000	5.000000	3.447658	4.444782	4.813006	5.411036
5.680	5.000000	5.000000	5.000000	5.000000	3.432124	4.461104	4.813006	5.429365
5.690	5.000000	5.000000	5.000000	5.000000	3.432124	4.444782	4.813006	5.429365
5.700	5.000000	5.000000	5.000000	5.000000	3.152524	4.771228	4.813006	5.411036
5.710	5.000000	5.000000	5.000000	5.000000	3.447658	4.444782	4.813006	5.429365
5.720	5.000000	5.000000	5.000000	5.000000	3.432124	4.461104	4.796096	5.429365
5.730	5.000000	5.000000	5.000000	5.000000	3.432124	4.461104	4.796096	5.099444
5.740	5.000000	5.000000	5.000000	5.000000	3.432124	4.771228	4.796096	5.429365
5.750	5.000000	5.000000	5.000000	5.000000	3.432124	4.461104	4.491725	5.062786
5.760	5.000000	5.000000	5.000000	5.000000	3.432124	4.461104	4.813006	5.429365
5.770	5.000000	5.000000	5.000000	5.000000	3.432124	4.771228	4.796096	5.411036
5.780	5.000000	5.000000	5.000000	5.000000	3.432124	4.461104	4.796096	5.099444
5.790	5.000000	5.000000	5.000000	5.000000	3.432124	4.461104	4.474816	5.081115
5.800	5.000000	5.000000	5.000000	5.000000	3.432124	4.461104	4.796096	5.081115
5.810	5.000000	5.000000	5.000000	5.000000	3.432124	4.477427	4.796096	5.429365
5.820	5.000000	5.000000	5.000000	5.000000	3.432124	4.461104	4.796096	5.429365
5.830	5.000000	5.000000	5.000000	5.000000	3.432124	4.771228	4.796096	5.081115
5.840	5.000000	5.000000	5.000000	5.000000	3.447658	4.477427	4.796096	5.081115
5.850	5.000000	5.000000	5.000000	5.000000	3.447658	4.461104	4.779187	5.429365
5.860	5.000000	5.000000	5.000000	5.000000	3.447658	4.771228	4.796096	5.429365
5.870	5.000000	5.000000	5.000000	5.000000	3.447658	4.461104	4.491725	5.429365
5.880	5.000000	5.000000	5.000000	5.000000	3.447658	4.461104	4.491725	5.099444
5.890	5.000000	5.000000	5.000000	5.000000	3.447658	4.461104	4.796096	5.447694
5.900	5.000000	5.000000	5.000000	5.000000	3.432124	4.444782	4.779187	5.429365
5.910	5.000000	5.000000	5.000000	5.000000	3.168058	4.477427	4.474816	5.081115
5.920	5.000000	5.000000	5.000000	5.000000	3.447658	4.477427	4.796096	5.429365
5.930	5.000000	5.000000	5.000000	5.000000	3.447658	4.461104	4.779187	5.099444
5.940	5.000000	5.000000	5.000000	5.000000	3.152524	4.461104	4.491725	5.447694
5.950	5.000000	5.000000	5.000000	5.000000	3.447658	4.461104	4.491725	5.429365
5.960	5.000000	5.000000	5.000000	5.000000	3.447658	4.461104	4.796096	5.429365
5.970	5.000000	5.000000	5.000000	5.000000	3.447658	4.461104	4.796096	5.429365
5.980	5.000000	5.000000	5.000000	5.000000	3.447658	4.461104	4.796096	5.099444
5.990	5.000000	5.000000	5.000000	5.000000	3.432124	4.771228	4.813006	5.081115
6.000	5.000000	5.000000	5.000000	5.000000	3.447658	4.771228	4.813006	5.429365
6.010	5.000000	5.000000	5.000000	5.000000	3.447658	4.477427	4.474816	5.429365
6.020	5.000000	5.000000	5.000000	5.000000	3.432124	4.754905	4.796096	5.081115
6.030	5.000000	5.000000	5.000000	5.000000	3.432124	4.477427	4.796096	5.081115
6.040	5.000000	5.000000	5.000000	5.000000	3.432124	4.771228	4.796096	5.447694
6.050	5.000000	5.000000	5.000000	5.000000	3.447658	4.461104	4.491725	5.429365
6.060	5.000000	5.000000	5.000000	5.000000	3.447658	4.477427	4.796096	5.081115
6.070	5.000000	5.000000	5.000000	5.000000	3.432124	4.461104	4.796096	5.411036
6.080	5.000000	5.000000	5.000000	5.000000	3.432124	4.444782	4.813006	5.429365
6.090	5.000000	5.000000	5.000000	5.000000	3.432124	4.461104	4.474816	5.429365
6.100	5.000000	5.000000	5.000000	5.000000	3.432124	4.771228	4.491725	5.429365
6.110	5.000000	5.000000	5.000000	5.000000	3.447658	4.461104	4.491725	5.081115
6.120	5.000000	5.000000	5.000000	5.000000	3.447658	4.461104	4.796096	5.081115
6.130	5.000000	5.000000	5.000000	5.000000	3.432124	4.461104	4.796096	5.429365
6.140	5.000000	5.000000	5.000000	5.000000	3.447658	4.771228	4.796096	5.429365
6.150	5.000000	5.000000	5.000000	5.000000	3.152524	4.444782	4.813006	5.099444
6.160	5.000000	5.000000	5.000000	5.000000	3.447658	4.771228	4.796096	5.081115
6.170	5.000000	5.000000	5.000000	5.000000	3.432124	4.461104	4.491725	5.411036
6.180	5.000000	5.000000	5.000000	5.000000	3.432124	4.461104	4.491725	5.081115
6.190	5.000000	5.000000	5.000000	5.000000	3.447658	4.444782	4.508635	5.062786
6.200	5.000000	5.000000	5.000000	5.000000	3.432124	4.444782	4.796096	5.411036
6.210	5.000000	5.000000	5.000000	5.000000	3.447658	4.461104	4.796096	5.081115
6.220	5.000000	5.000000	5.000000	5.000000	3.447658	4.771228	4.796096	5.411036
6.230	5.000000	5.000000	5.000000	5.000000	3.447658	4.461104	4.796096	5.429365
6.240	5.000000	5.000000	5.000000	5.000000	3.447658	4.477427	4.779187	5.411036
6.250	5.000000	5.000000	5.000000	5.000000	3.447658	4.771228	4.796096	5.062786
6.260	5.000000	5.000000	5.000000	5.000000	3.432124	4.771228	4.491725	5.099444
6.270	5.000000	5.000000	5.000000	5.000000	3.447658	4.477427	4.796096	5.411036
6.280	5.000000	5.000000	5.000000	5.000000	3.447658	4.444782	4.813006	5.081115
6.290	5.000000	5.000000	5.000000	5.000000	3.447658	4.461104	4.796096	5.429365
6.300	5.000000	5.000000	5.000000	5.000000	3.447658	4.477427	4.491725	5.081115
6.310	5.000000	5.000000	5.000000	5.000000	3.432124	4.477427	4.796096	5.062786
6.320	5.000000	5.000000	5.000000	5.000000	3.432124	4.771228	4.491725	5.062786
6.330	5.000000	5.000000	5.000000	5.000000	3.432124	4.444782	4.796096	5.429365
6.340	5.000000	5.000000	5.000000	5.000000	3.447658	4.461104	4.796096	5.411036
6.350	5.000000	5.000000	5.000000	5.000000	3.432124	4.787550	4.796096	5.081115
6.360	5.000000	5.000000	5.000000	5.000000	3.432124	4.477427	4.796096	5.429365
6.370	5.000000	5.000000	5.000000	5.000000	3.432124	4.771228	4.491725	5.081115
6.380	5.000000	5.000000	5.000000	5.000000	3.432124	4.444782	4.491725	5.411036
6.390	5.000000	5.000000	5.000000	5.000000	3.447658	4.444782	4.491725	5.411036
6.400	5.000000	5.000000	5.000000	5.000000	3.447658	4.477427	4.796096	5.411036
6.410	5.000000	5.000000	5.000000	5.000000	3.432124	4.461104	4.796096	5.062786
6.420	5.000000	5.000000	5.000000	5.000000	3.447658	4.461104	4.796096	5.411036
6.430	5.000000	5.000000	5.000000	5.000000	3.447658	4.771228	4.796096	5.429365
6.440	5.000000	5.000000	5.000000	5.000000	3.447658	4.771228	4.491725	5.062786
6.450	5.000000	5.000000	5.000000	5.000000	3.432124	4.787550	4.474816	5.411036
6.460	5.000000	5.000000	5.000000	5.000000	3.432124	4.444782	4.796096	5.429365
6.470	5.000000	5.000000	5.000000	5.000000	3.432124	4.461104	4.796096	5.429365
6.480	5.000000	5.000000	5.000000	5.000000	3.447658	4.444782	4.796096	5.429365
6.490	5.000000	5.000000	5.000000	5.000000	3.432124	4.461104	4.796096	5.429365
6.500	5.000000	5.000000	5.000000	5.000000	3.447658	4.754905	4.796096	5.429365
6.510	5.000000	5.000000	5.000000	5.000000	3.432124	4.444782	4.779187	5.447694
6.520	5.000000	5.000000	5.000000	5.000000	3.447658	4.461104	4.779187	5.099444
6.530	5.000000	5.000000	5.000000	5.000000	3.432124	4.754905	4.474816	5.411036
6.540	5.000000	5.000000	5.000000	5.000000	3.447658	4.754905	4.474816	5.429365
6.550	5.000000	5.000000	5.000000	5.000000	3.432124	4.461104	4.491725	5.429365
6.560	5.000000	5.000000	5.000000	5.000000	3.447658	4.754905	4.474816	5.081115
6.570	5.000000	5.000000	5.000000	5.000000	3.447658	4.461104	4.491725	5.081115
6.580	5.000000	5.000000	5.000000	5.000000	3.432124	4.444782	4.779187	5.411036
6.590	5.000000	5.000000	5.000000	5.000000	3.432124	4.461104	4.796096	5.081115
6.600	5.000000	5.000000	5.000000	5.000000	3.432124	4.771228	4.813006	5.429365
6.610	5.000000	5.000000	5.000000	5.000000	3.447658	4.461104	4.491725	5.429365
6.620	5.000000	5.000000	5.000000	5.000000	3.447658	4.461104	4.813006	5.081115
6.630	5.000000	5.000000	5.000000	5.000000	3.432124	4.461104	4.796096	5.099444
6.640	5.000000	5.000000	5.000000	5.000000	3.447658	4.461104	4.796096	5.099444
6.650	5.000000	5.000000	5.000000	5.000000	3.447658	4.771228	4.796096	5.099444
6.660	5.000000	5.000000	5.000000	5.000000	3.447658	4.461104	4.796096	5.429365
6.670	5.000000	5.000000	5.000000	5.000000	3.432124	4.444782	4.796096	5.429365
6.680	5.000000	5.000000	5.000000	5.000000	3.432124	4.787550	4.796096	5.081115
6.690	5.000000	5.000000	5.000000	5.000000	3.152524	4.754905	4.796096	5.411036
6.700	5.000000	5.000000	5.000000	5.000000	3.447658	4.444782	4.796096	5.429365
6.710	5.000000	5.000000	5.000000	5.000000	3.447658	4.461104	4.474816	5.429365
6.720	5.000000	5.000000	5.000000	5.000000	3.447658	4.771228	4.796096	5.099444
6.730	5.000000	5.000000	5.000000	5.000000	3.447658	4.461104	4.796096	5.429365
6.740	5.000000	5.000000	5.000000	5.000000	3.447658	4.461104	4.796096	5.062786
6.750	5.000000	5.000000	5.000000	5.000000	3.447658	4.771228	4.796096	5.081115
6.760	5.000000	5.000000	5.000000	5.000000	3.432124	4.477427	4.813006	5.447694
6.770	5.000000	5.000000	5.000000	5.000000	3.447658	4.771228	4.813006	5.099444
6.780	5.000000	5.000000	5.000000	5.000000	3.447658	4.771228	4.779187	5.081115
6.790	5.000000	5.000000	5.000000	5.000000	3.432124	4.771228	4.796096	5.081115
6.800	5.000000	5.000000	5.000000	5.000000	3.447658	4.477427	4.796096	5.429365
6.810	5.000000	5.000000	5.000000	5.000000	3.416591	4.477427	4.813006	5.429365
6.820	5.000000	5.000000	5.000000	5.000000	3.447658	4.461104	4.491725	5.429365
6.830	5.000000	5.000000	5.000000	5.000000	3.447658	4.461104	4.796096	5.429365
6.840	5.000000	5.000000	5.000000	5.000000	3.432124	4.461104	4.796096	5.447694
6.850	5.000000	5.000000	5.000000	5.000000	3.432124	4.754905	4.796096	5.429365
6.860	5.000000	5.000000	5.000000	5.000000	3.432124	4.461104	4.474816	5.099444
6.870	5.000000	5.000000	5.000000	5.000000	3.432124	4.754905	4.796096	5.447694
6.880	5.000000	5.000000	5.000000	5.000000	3.447658	4.461104	4.796096	5.429365
6.890	5.000000	5.000000	5.000000	5.000000	3.432124	4.461104	4.796096	5.447694
6.900	5.000000	5.000000	5.000000	5.000000	3.447658	4.461104	4.796096	5.099444
6.910	5.000000	5.000000	5.000000	5.000000	3.432124	4.771228	4.796096	5.447694
6.920	5.000000	5.000000	5.000000	5.000000	3.447658	4.477427	4.796096	5.081115
6.930	5.000000	5.000000	5.000000	5.000000	3.447658	4.771228	4.796096	5.099444
6.940	5.000000	5.000000	5.000000	5.000000	3.447658	4.444782	4.779187	5.099444
6.950	5.000000	5.000000	5.000000	5.000000	3.447658	4.461104	4.796096	5.429365
6.960	5.000000	5.000000	5.000000	5.000000	3.432124	4.444782	4.796096	5.429365
6.970	5.000000	5.000000	5.000000	5.000000	3.447658	4.771228	4.796096	5.117773
6.980	5.000000	5.000000	5.000000	5.000000	3.432124	4.461104	4.796096	5.447694
6.990	5.000000	5.000000	5.000000	5.000000	3.447658	4.754905	4.796096	5.081115
7.000	5.000000	5.000000	5.000000	5.000000	3.447658	4.771228	4.796096	5.411036
7.010	5.000000	5.000000	5.000000	5.000000	3.432124	4.477427	4.796096	5.081115
7.020	5.000000	5.000000	5.000000	5.000000	3.447658	4.754905	4.491725	5.411036
7.030	5.000000	5.000000	5.000000	5.000000	3.432124	4.461104	4.508635	5.081115
7.040	5.000000	5.000000	5.000000	5.000000	3.463191	4.477427	4.813006	5.081115
7.050	5.000000	5.000000	5.000000	5.000000	3.447658	4.477427	4.491725	5.429365
7.060	5.000000	5.000000	5.000000	5.000000	3.447658	4.461104	4.796096	5.429365
7.070	5.000000	5.000000	5.000000	5.000000	3.447658	4.461104	4.474816	5.429365
7.080	5.000000	5.000000	5.000000	5.000000	3.432124	4.461104	4.796096	5.429365
7.090	5.000000	5.000000	5.000000	5.000000	3.447658	4.461104	4.796096	5.081115
7.100	5.000000	5.000000	5.000000	5.000000	3.447658	4.461104	4.796096	5.062786
7.110	5.000000	5.000000	5.000000	5.000000	3.447658	4.771228	4.796096	5.429365
7.120	5.000000	5.000000	5.000000	5.000000	3.432124	4.461104	4.796096	5.062786
7.130	5.000000	5.000000	5.000000	5.000000	3.432124	4.461104	4.813006	5.411036
7.140	5.000000	5.000000	5.000000	5.000000	3.447658	4.461104	4.796096	5.429365
7.150	5.000000	5.000000	5.000000	5.000000	3.447658	4.461104	4.796096	5.429365
7.160	5.000000	5.000000	5.000000	5.000000	3.432124	4.461104	4.796096	5.081115
7.170	5.000000	5.000000	5.000000	5.000000	3.447658	4.461104	4.491725	5.099444
7.180	5.000000	5.000000	5.000000	5.000000	3.447658	4.787550	4.796096	5.429365
7.190	5.000000	5.000000	5.000000	5.000000	3.432124	4.461104	4.796096	5.099444
7.200	5.000000	5.000000	5.000000	5.000000	3.432124	4.461104	4.779187	5.099444
7.210	5.000000	5.000000	5.000000	5.000000	3.152524	4.461104	4.796096	5.411036
7.220	5.000000	5.000000	5.000000	5.000000	3.432124	4.444782	4.813006	5.099444
7.230	5.000000	5.000000	5.000000	5.000000	3.447658	4.477427	4.491725	5.081115
7.240	5.000000	5.000000	5.000000	5.000000	3.432124	4.477427	4.491725	5.062786
7.250	5.000000	5.000000	5.000000	5.000000	3.447658	4.444782	4.813006	5.081115
7.260	5.000000	5.000000	5.000000	5.000000	3.447658	4.477427	4.813006	5.411036
7.270	5.000000	5.000000	5.000000	5.000000	3.432124	4.787550	4.813006	5.081115
7.280	5.000000	5.000000	5.000000	5.000000	3.432124	4.754905	4.796096	5.429365
7.290	5.000000	5.000000	5.000000	5.000000	3.432124	4.754905	4.779187	5.411036
7.300	5.000000	5.000000	5.000000	5.000000	3.447658	4.461104	4.796096	5.429365
7.310	5.000000	5.000000	5.000000	5.000000	3.447658	4.477427	4.796096	5.429365
7.320	5.000000	5.000000	5.000000	5.000000	3.432124	4.461104	4.508635	5.429365
7.330	5.000000	5.000000	5.000000	5.000000	3.432124	4.444782	4.813006	5.429365
7.340	5.000000	5.000000	5.000000	5.000000	3.432124	4.771228	4.796096	5.081115
7.350	5.000000	5.000000	5.000000	5.000000	3.432124	4.461104	4.779187	5.429365
7.360	5.000000	5.000000	5.000000	5.000000	3.432124	4.461104	4.796096	5.429365
7.370	5.000000	5.000000	5.000000	5.000000	3.447658	4.477427	4.796096	5.411036
7.380	5.000000	5.000000	5.000000	5.000000	3.447658	4.477427	4.796096	5.429365
7.390	5.000000	5.000000	5.000000	5.000000	3.447658	4.477427	4.796096	5.081115
7.400	5.000000	5.000000	5.000000	5.000000	3.447658	4.787550	4.796096	5.429365
7.410	5.000000	5.000000	5.000000	5.000000	3.432124	4.477427	4.508635	5.081115
7.420	5.000000	5.000000	5.000000	5.000000	3.447658	4.461104	4.796096	5.429365
7.430	5.000000	5.000000	5.000000	5.000000	3.432124	4.477427	4.796096	5.411036
7.440	5.000000	5.000000	5.000000	5.000000	3.432124	4.477427	4.491725	5.411036
7.450	5.000000	5.000000	5.000000	5.000000	3.432124	4.461104	4.796096	5.429365
7.460	5.000000	5.000000	5.000000	5.000000	3.432124	4.787550	4.796096	5.081115
7.470	5.000000	5.000000	5.000000	5.000000	3.432124	4.461104	4.474816	5.429365
7.480	5.000000	5.000000	5.000000	5.000000	3.432124	4.771228	4.813006	5.411036
7.490	5.000000	5.000000	5.000000	5.000000	3.447658	4.771228	4.491725	5.081115
7.500	5.000000	5.000000	5.000000	5.000000	3.432124	4.461104	4.796096	5.411036
7.510	5.000000	5.000000	5.000000	5.000000	3.432124	4.461104	4.491725	5.081115
7.520	5.000000	5.000000	5.000000	5.000000	3.447658	4.787550	4.491725	5.411036
7.530	5.000000	5.000000	5.000000	5.000000	3.447658	4.477427	4.796096	5.429365
7.540	5.000000	5.000000	5.000000	5.000000	3.432124	4.771228	4.813006	5.429365
7.550	5.000000	5.000000	5.000000	5.000000	3.432124	4.771228	4.779187	5.081115
7.560	5.000000	5.000000	5.000000	5.000000	3.432124	4.461104	4.474816	5.081115
7.570	5.000000	5.000000	5.000000	5.000000	3.432124	4.444782	4.474816	5.429365
7.580	5.000000	5.000000	5.000000	5.000000	3.152524	4.771228	4.796096	5.099444
7.590	5.000000	5.000000	5.000000	5.000000	3.463191	4.461104	4.796096	5.081115
7.600	5.000000	5.000000	5.000000	5.000000	3.447658	4.461104	4.796096	5.429365
7.610	5.000000	5.000000	5.000000	5.000000	3.416591	4.477427	4.491725	5.429365
7.620	5.000000	5.000000	5.000000	5.000000	3.432124	4.461104	4.796096	5.411036
7.630	5.000000	5.000000	5.000000	5.000000	3.432124	4.461104	4.796096	5.411036
7.640	5.000000	5.000000	5.000000	5.000000	3.432124	4.477427	4.779187	5.081115
7.650	5.000000	5.000000	5.000000	5.000000	3.432124	4.477427	4.796096	5.411036
7.660	5.000000	5.000000	5.000000	5.000000	3.432124	4.461104	4.796096	5.411036
7.670	5.000000	5.000000	5.000000	5.000000	3.432124	4.461104	4.474816	5.081115
7.680	5.000000	5.000000	5.000000	5.000000	3.432124	4.461104	4.779187	5.411036
7.690	5.000000	5.000000	5.000000	5.000000	3.416591	4.461104	4.796096	5.062786
7.700	5.000000	5.000000	5.000000	5.000000	3.432124	4.461104	4.796096	5.081115
7.710	5.000000	5.000000	5.000000	5.000000	3.432124	4.771228	4.796096	5.081115
7.720	5.000000	5.000000	5.000000	5.000000	3.432124	4.461104	4.796096	5.081115
7.730	5.000000	5.000000	5.000000	5.000000	3.432124	4.461104	4.796096	5.429365
7.740	5.000000	5.000000	5.000000	5.000000	3.432124	4.771228	4.796096	5.447694
7.750	5.000000	5.000000	5.000000	5.000000	3.432124	4.461104	4.796096	5.081115
7.760	5.000000	5.000000	5.000000	5.000000	3.432124	4.461104	4.796096	5.411036
7.770	5.000000	5.000000	5.000000	5.000000	3.432124	4.461104	4.813006	5.062786
7.780	5.000000	5.000000	5.000000	5.000000	3.447658	4.477427	4.779187	5.081115
7.790	5.000000	5.000000	5.000000	5.000000	3.447658	4.477427	4.796096	5.081115
7.800	5.000000	5.000000	5.000000	5.000000	3.432124	4.787550	4.796096	5.081115
7.810	5.000000	5.000000	5.000000	5.000000	3.152524	4.461104	4.796096	5.411036
7.820	5.000000	5.000000	5.000000	5.000000	3.432124	4.461104	4.796096	5.429365
7.830	5.000000	5.000000	5.000000	5.000000	3.432124	4.477427	4.491725	5.429365
7.840	5.000000	5.000000	5.000000	5.000000	3.136991	4.477427	4.796096	5.429365
7.850	5.000000	5.000000	5.000000	5.000000	3.432124	4.461104	4.796096	5.447694
7.860	5.000000	5.000000	5.000000	5.000000	3.447658	4.461104	4.813006	5.429365
7.870	5.000000	5.000000	5.000000	5.000000	3.152524	4.771228	4.796096	5.411036
7.880	5.000000	5.000000	5.000000	5.000000	3.432124	4.771228	4.813006	5.429365
7.890	5.000000	5.000000	5.000000	5.000000	3.432124	4.461104	4.796096	5.411036
7.900	5.000000	5.000000	5.000000	5.000000	3.447658	4.444782	4.796096	5.429365
7.910	5.000000	5.000000	5.000000	5.000000	3.447658	4.461104	4.491725	5.429365
7.920	5.000000	5.000000	5.000000	5.000000	3.447658	4.461104	4.813006	5.411036
7.930	5.000000	5.000000	5.000000	5.000000	3.432124	4.461104	4.491725	5.081115
7.940	5.000000	5.000000	5.000000	5.000000	3.432124	4.461104	4.474816	5.411036
7.950	5.000000	5.000000	5.000000	5.000000	3.447658	4.771228	4.813006	5.411036
7.960	5.000000	5.000000	5.000000	5.000000	3.463191	4.477427	4.491725	5.081115
7.970	5.000000	5.000000	5.000000	5.000000	3.432124	4.771228	4.796096	5.429365
7.980	5.000000	5.000000	5.000000	5.000000	3.447658	4.771228	4.491725	5.429365
7.990	5.000000	5.000000	5.000000	5.000000	3.447658	4.461104	4.779187	5.081115
8.000	5.000000	5.000000	5.000000	5.000000	3.447658	4.461104	4.813006	5.429365
8.010	5.000000	5.000000	5.000000	5.000000	3.447658	4.771228	4.474816	5.081115
8.020	5.000000	5.000000	5.000000	5.000000	3.447658	4.461104	4.796096	5.429365
8.030	5.000000	5.000000	5.000000	5.000000	3.447658	4.461104	4.779187	5.411036
8.040	5.000000	5.000000	5.000000	5.000000	3.432124	4.461104	4.796096	5.447694
8.050	5.000000	5.000000	5.000000	5.000000	3.447658	4.444782	4.796096	5.081115
8.060	5.000000	5.000000	5.000000	5.000000	3.447658	4.477427	4.796096	5.099444
8.070	5.000000	5.000000	5.000000	5.000000	3.432124	4.461104	4.796096	5.099444
8.080	5.000000	5.000000	5.000000	5.000000	3.432124	4.754905	4.779187	5.429365
8.090	5.000000	5.000000	5.000000	5.000000	3.447658	4.444782	4.796096	5.447694
8.100	5.000000	5.000000	5.000000	5.000000	3.432124	4.771228	4.796096	5.429365
8.110	5.000000	5.000000	5.000000	5.000000	3.432124	4.754905	4.796096	5.411036
8.120	5.000000	5.000000	5.000000	5.000000	3.432124	4.461104	4.796096	5.429365
8.130	5.000000	5.000000	5.000000	5.000000	3.447658	4.461104	4.796096	5.411036
8.140	5.000000	5.000000	5.000000	5.000000	3.432124	4.477427	4.491725	5.099444
8.150	5.000000	5.000000	5.000000	5.000000	3.447658	4.477427	4.796096	5.429365
8.160	5.000000	5.000000	5.000000	5.000000	3.447658	4.444782	4.491725	5.099444
8.170	5.000000	5.000000	5.000000	5.000000	3.447658	4.787550	4.491725	5.429365
8.180	5.000000	5.000000	5.000000	5.000000	3.447658	4.461104	4.796096	5.429365
8.190	5.000000	5.000000	5.000000	5.000000	3.447658	4.461104	4.796096	5.429365
8.200	5.000000	5.000000	5.000000	5.000000	3.447658	4.771228	4.779187	5.429365
8.210	5.000000	5.000000	5.000000	5.000000	3.447658	4.477427	4.796096	5.447694
8.220	5.000000	5.000000	5.000000	5.000000	3.447658	4.771228	4.491725	5.081115
8.230	5.000000	5.000000	5.000000	5.000000	3.447658	4.771228	4.796096	5.429365
8.240	5.000000	5.000000	5.000000	5.000000	3.447658	4.461104	4.796096	5.411036
8.250	5.000000	5.000000	5.000000	5.000000	3.152524	4.444782	4.813006	5.411036
8.260	5.000000	5.000000	5.000000	5.000000	3.432124	4.754905	4.813006	5.429365
8.270	5.000000	5.000000	5.000000	5.000000	3.432124	4.477427	4.796096	5.429365
8.280	5.000000	5.000000	5.000000	5.000000	3.447658	4.477427	4.813006	5.429365
8.290	5.000000	5.000000	5.000000	5.000000	3.447658	4.771228	4.508635	5.429365
8.300	5.000000	5.000000	5.000000	5.000000	3.447658	4.771228	4.796096	5.429365
8.310	5.000000	5.000000	5.000000	5.000000	3.447658	4.461104	4.796096	5.429365
8.320	5.000000	5.000000	5.000000	5.000000	3.432124	4.477427	4.796096	5.429365
8.330	5.000000	5.000000	5.000000	5.000000	3.432124	4.461104	4.491725	5.081115
8.340	5.000000	5.000000	5.000000	5.000000	3.432124	4.754905	4.796096	5.429365
8.350	5.000000	5.000000	5.000000	5.000000	3.432124	4.754905	4.491725	5.081115
8.360	5.000000	5.000000	5.000000	5.000000	3.416591	4.461104	4.796096	5.429365
8.370	5.000000	5.000000	5.000000	5.000000	3.432124	4.444782	4.796096	5.081115
8.380	5.000000	5.000000	5.000000	5.000000	3.447658	4.444782	4.474816	5.081115
8.390	5.000000	5.000000	5.000000	5.000000	3.447658	4.461104	4.796096	5.429365
8.400	5.000000	5.000000	5.000000	5.000000	3.432124	4.461104	4.491725	5.411036
8.410	5.000000	5.000000	5.000000	5.000000	3.432124	4.771228	4.796096	5.062786
8.420	5.000000	5.000000	5.000000	5.000000	3.432124	4.771228	4.813006	5.429365
8.430	5.000000	5.000000	5.000000	5.000000	3.432124	4.754905	4.474816	5.429365
8.440	5.000000	5.000000	5.000000	5.000000	3.432124	4.771228	4.796096	5.081115
8.450	5.000000	5.000000	5.000000	5.000000	3.432124	4.771228	4.491725	5.429365
8.460	5.000000	5.000000	5.000000	5.000000	3.432124	4.477427	4.491725	5.411036
8.470	5.000000	5.000000	5.000000	5.000000	3.432124	4.787550	4.813006	5.429365
8.480	5.000000	5.000000	5.000000	5.000000	3.447658	4.477427	4.474816	5.099444
8.490	5.000000	5.000000	5.000000	5.000000	3.432124	4.787550	4.796096	5.429365
8.500	5.000000	5.000000	5.000000	5.000000	3.432124	4.461104	4.491725	5.099444
8.510	5.000000	5.000000	5.000000	5.000000	3.447658	4.444782	4.491725	5.429365
8.520	5.000000	5.000000	5.000000	5.000000	3.432124	4.477427	4.796096	5.081115
8.530	5.000000	5.000000	5.000000	5.000000	3.432124	4.461104	4.491725	5.411036
8.540	5.000000	5.000000	5.000000	5.000000	3.432124	4.444782	4.796096	5.081115
8.550	5.000000	5.000000	5.000000	5.000000	3.447658	4.461104	4.796096	5.429365
8.560	5.000000	5.000000	5.000000	5.000000	3.432124	4.771228	4.796096	5.081115
8.570	5.000000	5.000000	5.000000	5.000000	3.432124	4.461104	4.796096	5.081115
8.580	5.000000	5.000000	5.000000	5.000000	3.416591	4.477427	4.796096	5.429365
8.590	5.000000	5.000000	5.000000	5.000000	3.432124	4.461104	4.796096	5.081115
8.600	5.000000	5.000000	5.000000	5.000000	3.432124	4.461104	4.796096	5.429365
8.610	5.000000	5.000000	5.000000	5.000000	3.432124	4.477427	4.796096	5.411036
8.620	5.000000	5.000000	5.000000	5.000000	3.447658	4.477427	4.491725	5.429365
8.630	5.000000	5.000000	5.000000	5.000000	3.432124	4.477427	4.796096	5.447694
8.640	5.000000	5.000000	5.000000	5.000000	3.447658	4.444782	4.796096	5.429365
8.650	5.000000	5.000000	5.000000	5.000000	3.432124	4.771228	4.796096	5.099444
8.660	5.000000	5.000000	5.000000	5.000000	3.152524	4.461104	4.491725	5.081115
8.670	5.000000	5.000000	5.000000	5.000000	3.447658	4.787550	4.796096	5.447694
8.680	5.000000	5.000000	5.000000	5.000000	3.432124	4.771228	4.796096	5.447694
8.690	5.000000	5.000000	5.000000	5.000000	3.432124	4.771228	4.796096	5.429365
8.700	5.000000	5.000000	5.000000	5.000000	3.447658	4.771228	4.796096	5.429365
8.710	5.000000	5.000000	5.000000	5.000000	3.447658	4.477427	4.796096	5.411036
8.720	5.000000	5.000000	5.000000	5.000000	3.432124	4.461104	4.796096	5.411036
8.730	5.000000	5.000000	5.000000	5.000000	3.447658	4.461104	4.491725	5.429365
8.740	5.000000	5.000000	5.000000	5.000000	3.432124	4.461104	4.796096	5.081115
8.750	5.000000	5.000000	5.000000	5.000000	3.447658	4.754905	4.779187	5.429365
8.760	5.000000	5.000000	5.000000	5.000000	3.152524	4.461104	4.796096	5.099444
8.770	5.000000	5.000000	5.000000	5.000000	3.447658	4.771228	4.796096	5.081115
8.780	5.000000	5.000000	5.000000	5.000000	3.432124	4.461104	4.796096	5.429365
8.790	5.000000	5.000000	5.000000	5.000000	3.447658	4.754905	4.779187	5.081115
8.800	5.000000	5.000000	5.000000	5.000000	3.447658	4.787550	4.474816	5.081115
8.810	5.000000	5.000000	5.000000	5.000000	3.447658	4.461104	4.491725	5.411036
8.820	5.000000	5.000000	5.000000	5.000000	3.432124	4.461104	4.796096	5.081115
8.830	5.000000	5.000000	5.000000	5.000000	3.447658	4.754905	4.796096	5.429365
8.840	5.000000	5.000000	5.000000	5.000000	3.447658	4.461104	4.796096	5.429365
8.850	5.000000	5.000000	5.000000	5.000000	3.447658	4.461104	4.796096	5.411036
8.860	5.000000	5.000000	5.000000	5.000000	3.432124	4.461104	4.796096	5.429365
8.870	5.000000	5.000000	5.000000	5.000000	3.447658	4.771228	4.796096	5.081115
8.880	5.000000	5.000000	5.000000	5.000000	3.432124	4.461104	4.779187	5.429365
8.890	5.000000	5.000000	5.000000	5.000000	3.432124	4.444782	4.796096	5.429365
8.900	5.000000	5.000000	5.000000	5.000000	3.432124	4.461104	4.796096	5.429365
8.910	5.000000	5.000000	5.000000	5.000000	3.447658	4.444782	4.796096	5.429365
8.920	5.000000	5.000000	5.000000	5.000000	3.447658	4.461104	4.491725	5.099444
8.930	5.000000	5.000000	5.000000	5.000000	3.432124	4.771228	4.796096	5.429365
8.940	5.000000	5.000000	5.000000	5.000000	3.432124	4.461104	4.796096	5.429365
8.950	5.000000	5.000000	5.000000	5.000000	3.432124	4.444782	4.796096	5.081115
8.960	5.000000	5.000000	5.000000	5.000000	3.432124	4.461104	4.796096	5.429365
8.970	5.000000	5.000000	5.000000	5.000000	3.432124	4.771228	4.796096	5.429365
8.980	5.000000	5.000000	5.000000	5.000000	3.432124	4.461104	4.474816	5.081115
8.990	5.000000	5.000000	5.000000	5.000000	3.432124	4.461104	4.813006	5.081115
9.000	5.000000	5.000000	5.000000	5.000000	3.432124	4.461104	4.779187	5.429365
9.010	5.000000	5.000000	5.000000	5.000000	3.432124	4.461104	4.796096	5.081115
9.020	5.000000	5.000000	5.000000	5.000000	3.432124	4.461104	4.779187	5.429365
9.030	5.000000	5.000000	5.000000	5.000000	3.447658	4.477427	4.474816	5.447694
9.040	5.000000	5.000000	5.000000	5.000000	3.432124	4.477427	4.474816	5.429365
9.050	5.000000	5.000000	5.000000	5.000000	3.432124	4.477427	4.779187	5.099444
9.060	5.000000	5.000000	5.000000	5.000000	3.447658	4.461104	4.779187	5.081115
9.070	5.000000	5.000000	5.000000	5.000000	3.447658	4.461104	4.813006	5.447694
9.080	5.000000	5.000000	5.000000	5.000000	3.447658	4.461104	4.813006	5.429365
9.090	5.000000	5.000000	5.000000	5.000000	3.447658	4.461104	4.796096	5.429365
9.100	5.000000	5.000000	5.000000	5.000000	3.432124	4.477427	4.796096	5.081115
9.110	5.000000	5.000000	5.000000	5.000000	3.447658	4.461104	4.779187	5.099444
9.120	5.000000	5.000000	5.000000	5.000000	3.432124	4.771228	4.796096	5.411036
9.130	5.000000	5.000000	5.000000	5.000000	3.432124	4.754905	4.779187	5.429365
9.140	5.000000	5.000000	5.000000	5.000000	3.432124	4.461104	4.474816	5.429365
9.150	5.000000	5.000000	5.000000	5.000000	3.447658	4.771228	4.796096	5.411036
9.160	5.000000	5.000000	5.000000	5.000000	3.447658	4.461104	4.796096	5.411036
9.170	5.000000	5.000000	5.000000	5.000000	3.432124	4.477427	4.796096	5.411036
9.180	5.000000	5.000000	5.000000	5.000000	3.432124	4.444782	4.813006	5.411036
9.190	5.000000	5.000000	5.000000	5.000000	3.432124	4.444782	4.813006	5.081115
9.200	5.000000	5.000000	5.000000	5.000000	3.432124	4.771228	4.491725	5.411036
9.210	5.000000	5.000000	5.000000	5.000000	3.432124	4.461104	4.796096	5.429365
9.220	5.000000	5.000000	5.000000	5.000000	3.432124	4.461104	4.796096	5.081115
9.230	5.000000	5.000000	5.000000	5.000000	3.432124	4.461104	4.796096	5.411036
9.240	5.000000	5.000000	5.000000	5.000000	3.447658	4.771228	4.796096	5.081115
9.250	5.000000	5.000000	5.000000	5.000000	3.432124	4.461104	4.474816	5.429365
9.260	5.000000	5.000000	5.000000	5.000000	3.432124	4.771228	4.796096	5.429365
9.270	5.000000	5.000000	5.000000	5.000000	3.447658	4.754905	4.796096	5.411036
9.280	5.000000	5.000000	5.000000	5.000000	3.432124	4.461104	4.796096	5.411036
9.290	5.000000	5.000000	5.000000	5.000000	3.447658	4.754905	4.474816	5.081115
9.300	5.000000	5.000000	5.000000	5.000000	3.447658	4.787550	4.474816	5.429365
9.310	5.000000	5.000000	5.000000	5.000000	3.432124	4.771228	4.796096	5.429365
9.320	5.000000	5.000000	5.000000	5.000000	3.136991	4.444782	4.796096	5.081115
9.330	5.000000	5.000000	5.000000	5.000000	3.432124	4.754905	4.796096	5.429365
9.340	5.000000	5.000000	5.000000	5.000000	3.432124	4.771228	4.796096	5.429365
9.350	5.000000	5.000000	5.000000	5.000000	3.447658	4.461104	4.796096	5.081115
9.360	5.000000	5.000000	5.000000	5.000000	3.447658	4.461104	4.491725	5.081115
9.370	5.000000	5.000000	5.000000	5.000000	3.432124	4.461104	4.796096	5.429365
9.380	5.000000	5.000000	5.000000	5.000000	3.432124	4.771228	4.491725	5.411036
9.390	5.000000	5.000000	5.000000	5.000000	3.432124	4.461104	4.491725	5.429365
9.400	5.000000	5.000000	5.000000	5.000000	3.432124	4.461104	4.796096	5.429365
9.410	5.000000	5.000000	5.000000	5.000000	3.432124	4.444782	4.491725	5.429365
9.420	5.000000	5.000000	5.000000	5.000000	3.447658	4.461104	4.491725	5.429365
9.430	5.000000	5.000000	5.000000	5.000000	3.136991	4.461104	4.813006	5.081115
9.440	5.000000	5.000000	5.000000	5.000000	3.447658	4.461104	4.813006	5.411036
9.450	5.000000	5.000000	5.000000	5.000000	3.432124	4.771228	4.796096	5.429365
9.460	5.000000	5.000000	5.000000	5.000000	3.432124	4.477427	4.796096	5.429365
9.470	5.000000	5.000000	5.000000	5.000000	3.416591	4.461104	4.796096	5.081115
9.480	5.000000	5.000000	5.000000	5.000000	3.432124	4.461104	4.796096	5.081115
9.490	5.000000	5.000000	5.000000	5.000000	3.432124	4.771228	4.813006	5.411036
9.500	5.000000	5.000000	5.000000	5.000000	3.432124	4.444782	4.796096	5.081115
9.510	5.000000	5.000000	5.000000	5.000000	3.432124	4.461104	4.796096	5.062786
9.520	5.000000	5.000000	5.000000	5.000000	3.432124	4.754905	4.779187	5.411036
9.530	5.000000	5.000000	5.000000	5.000000	3.432124	4.444782	4.813006	5.411036
9.540	5.000000	5.000000	5.000000	5.000000	3.416591	4.461104	4.796096	5.411036
9.550	5.000000	5.000000	5.000000	5.000000	3.432124	4.771228	4.813006	5.411036
9.560	5.000000	5.000000	5.000000	5.000000	3.432124	4.461104	4.779187	5.081115
9.570	5.000000	5.000000	5.000000	5.000000	3.432124	4.477427	4.796096	5.429365
9.580	5.000000	5.000000	5.000000	5.000000	3.432124	4.771228	4.796096	5.429365
9.590	5.000000	5.000000	5.000000	5.000000	3.432124	4.754905	4.796096	5.429365
9.600	5.000000	5.000000	5.000000	5.000000	3.432124	4.444782	4.796096	5.081115
9.610	5.000000	5.000000	5.000000	5.000000	3.416591	4.444782	4.796096	5.411036
9.620	5.000000	5.000000	5.000000	5.000000	3.432124	4.771228	4.491725	5.081115
9.630	5.000000	5.000000	5.000000	5.000000	3.432124	4.477427	4.474816	5.081115
9.640	5.000000	5.000000	5.000000	5.000000	3.432124	4.444782	4.813006	5.429365
9.650	5.000000	5.000000	5.000000	5.000000	3.432124	4.461104	4.796096	5.411036
9.660	5.000000	5.000000	5.000000	5.000000	3.432124	4.444782	4.796096	5.081115
9.670	5.000000	5.000000	5.000000	5.000000	3.432124	4.444782	4.796096	5.099444
9.680	5.000000	5.000000	5.000000	5.000000	3.447658	4.461104	4.491725	5.411036
9.690	5.000000	5.000000	5.000000	5.000000	3.432124	4.444782	4.796096	5.081115
9.700	5.000000	5.000000	5.000000	5.000000	3.432124	4.771228	4.779187	5.429365
9.710	5.000000	5.000000	5.000000	5.000000	3.432124	4.771228	4.796096	5.099444
9.720	5.000000	5.000000	5.000000	5.000000	3.432124	4.771228	4.779187	5.081115
9.730	5.000000	5.000000	5.000000	5.000000	3.447658	4.771228	4.796096	5.411036
9.740	5.000000	5.000000	5.000000	5.000000	3.447658	4.461104	4.796096	5.081115
9.750	5.000000	5.000000	5.000000	5.000000	3.432124	4.461104	4.779187	5.429365
9.760	5.000000	5.000000	5.000000	5.000000	3.432124	4.771228	4.474816	5.099444
9.770	5.000000	5.000000	5.000000	5.000000	3.432124	4.461104	4.796096	5.099444
9.780	5.000000	5.000000	5.000000	5.000000	3.711724	4.444782	4.813006	5.081115
9.790	5.000000	5.000000	5.000000	5.000000	3.432124	4.754905	4.796096	5.411036
9.800	5.000000	5.000000	5.000000	5.000000	3.447658	4.461104	4.796096	5.081115
9.810	5.000000	5.000000	5.000000	5.000000	3.432124	4.461104	4.813006	5.411036
9.820	5.000000	5.000000	5.000000	5.000000	3.432124	4.461104	4.491725	5.411036
9.830	5.000000	5.000000	5.000000	5.000000	3.416591	4.754905	4.796096	5.081115
9.840	5.000000	5.000000	5.000000	5.000000	3.432124	4.444782	4.796096	5.081115
9.850	5.000000	5.000000	5.000000	5.000000	3.432124	4.771228	4.796096	5.411036
