Time(s)	Delta1C(deg)	Delta2C(deg)	Delta3C(deg)	Delta4C(deg)	Delta1(deg)	Delta2(deg)	Delta3(deg)	Delta4(deg)
0.000	0.000000	0.000000	0.000000	0.000000	-1.588780	-0.243532	0.158931	-0.201911
0.010	0.000000	0.000000	0.000000	0.000000	-1.588780	-0.243532	0.158931	-0.201911
0.020	0.000000	0.000000	0.000000	0.000000	-9.445014	-8.482462	-8.545512	-9.545384
0.030	0.000000	0.000000	0.000000	0.000000	-8.854747	-8.188661	-8.545512	-9.197134
0.040	0.000000	0.000000	0.000000	0.000000	-7.379080	-6.638045	-6.989836	-7.492542
0.050	0.000000	0.000000	0.000000	0.000000	-6.214079	-5.707675	-5.451070	-5.109779
0.060	0.000000	0.000000	0.000000	0.000000	-4.753945	-3.863258	-4.199766	-3.405187
0.070	0.000000	0.000000	0.000000	0.000000	-3.293811	-2.312641	-2.661000	-2.378766
0.080	0.000000	0.000000	0.000000	0.000000	-1.833678	-0.794669	-1.105325	-1.370674
0.090	0.000000	0.000000	0.000000	0.000000	-1.523011	-0.174423	-0.479673	-1.022424
0.100	0.000000	0.000000	0.000000	0.000000	-1.243411	-0.174423	-0.496582	-0.032661
0.110	0.000000	0.000000	0.000000	0.000000	-1.243411	-0.174423	-0.496582	-0.014332
0.120	0.000000	0.000000	0.000000	0.000000	-1.243411	-0.158100	-0.479673	-0.014332
0.130	0.000000	0.000000	0.000000	0.000000	-1.258944	-0.174423	-0.479673	0.003997
0.140	0.000000	0.000000	0.000000	0.000000	-1.258944	-0.158100	-0.479673	-0.014332
0.150	0.000000	0.000000	0.000000	0.000000	-1.243411	-0.158100	-0.158392	0.003997
0.160	0.000000	0.000000	0.000000	0.000000	-1.243411	-0.174423	-0.462763	-0.014332
0.170	0.000000	0.000000	0.000000	0.000000	-1.258944	-0.174423	-0.479673	-0.014332
0.180	0.000000	0.000000	0.000000	0.000000	-1.258944	-0.174423	-0.479673	0.315589
0.190	0.000000	0.000000	0.000000	0.000000	-1.258944	-0.174423	-0.158392	0.333918
0.200	0.000000	0.000000	0.000000	0.000000	-1.243411	-0.174423	-0.175301	-0.014332
0.210	0.000000	0.000000	0.000000	0.000000	-1.258944	-0.174423	-0.158392	0.333918
0.220	0.000000	0.000000	0.000000	0.000000	-1.243411	-0.174423	-0.158392	0.003997
0.230	0.000000	0.000000	0.000000	0.000000	-1.258944	-0.174423	-0.175301	-0.014332
0.240	0.000000	0.000000	0.000000	0.000000	-1.243411	-0.158100	-0.479673	0.003997
0.250	0.000000	0.000000	0.000000	0.000000	-1.243411	-0.174423	-0.158392	0.315589
0.260	0.000000	0.000000	0.000000	0.000000	-1.243411	-0.174423	-0.158392	-0.014332
0.270	0.000000	0.000000	0.000000	0.000000	-1.258944	-0.158100	-0.479673	-0.014332
0.280	0.000000	0.000000	0.000000	0.000000	-1.258944	-0.190745	-0.479673	0.333918
0.290	0.000000	0.000000	0.000000	0.000000	-1.243411	-0.158100	-0.175301	0.333918
0.300	0.000000	0.000000	0.000000	0.000000	-1.243411	-0.174423	-0.175301	-0.014332
0.310	0.000000	0.000000	0.000000	0.000000	-1.554078	-0.174423	-0.462763	-0.014332
0.320	0.000000	0.000000	0.000000	0.000000	-1.243411	-0.174423	-0.158392	0.315589
0.330	0.000000	0.000000	0.000000	0.000000	-1.258944	-0.158100	-0.175301	0.333918
0.340	0.000000	0.000000	0.000000	0.000000	-1.258944	-0.174423	-0.175301	0.333918
0.350	0.000000	0.000000	0.000000	0.000000	-1.258944	-0.190745	-0.175301	-0.014332
0.360	0.000000	0.000000	0.000000	0.000000	-1.243411	-0.174423	-0.175301	-0.014332
0.370	0.000000	0.000000	0.000000	0.000000	-1.243411	-0.158100	-0.175301	0.333918
0.380	0.000000	0.000000	0.000000	0.000000	-1.243411	-0.174423	-0.175301	0.003997
0.390	0.000000	0.000000	0.000000	0.000000	-1.243411	-0.158100	-0.496582	-0.014332
0.400	0.000000	0.000000	0.000000	0.000000	-1.258944	-0.174423	-0.158392	0.333918
0.410	0.000000	0.000000	0.000000	0.000000	-1.243411	-0.158100	-0.175301	-0.014332
0.420	0.000000	0.000000	0.000000	0.000000	-1.258944	-0.174423	-0.175301	0.003997
0.430	0.000000	0.000000	0.000000	0.000000	-1.258944	-0.174423	-0.479673	0.003997
0.440	0.000000	0.000000	0.000000	0.000000	-1.258944	-0.174423	-0.479673	0.315589
0.450	0.000000	0.000000	0.000000	0.000000	-1.243411	-0.174423	-0.496582	0.333918
0.460	0.000000	0.000000	0.000000	0.000000	-1.243411	-0.174423	-0.158392	-0.032661
0.470	0.000000	0.000000	0.000000	0.000000	-1.258944	-0.158100	-0.479673	0.315589
0.480	0.000000	0.000000	0.000000	0.000000	-1.243411	-0.174423	-0.479673	0.315589
0.490	0.000000	0.000000	0.000000	0.000000	-1.243411	-0.174423	-0.175301	-0.014332
0.500	0.000000	0.000000	0.000000	0.000000	-1.243411	-0.158100	-0.158392	0.333918
0.510	0.000000	0.000000	0.000000	0.000000	-1.243411	-0.174423	-0.175301	0.315589
0.520	0.000000	0.000000	0.000000	0.000000	-1.258944	-0.158100	-0.479673	-0.014332
0.530	0.000000	0.000000	0.000000	0.000000	-1.258944	-0.174423	-0.175301	0.003997
0.540	0.000000	0.000000	0.000000	0.000000	-1.243411	-0.174423	-0.479673	0.003997
0.550	0.000000	0.000000	0.000000	0.000000	-1.243411	-0.174423	-0.175301	-0.014332
0.560	0.000000	0.000000	0.000000	0.000000	-1.243411	-0.174423	-0.158392	0.315589
0.570	0.000000	0.000000	0.000000	0.000000	-1.243411	-0.174423	-0.479673	0.333918
0.580	0.000000	0.000000	0.000000	0.000000	-1.243411	-0.158100	-0.158392	-0.032661
0.590	0.000000	0.000000	0.000000	0.000000	-1.243411	-0.174423	-0.479673	-0.014332
0.600	0.000000	0.000000	0.000000	0.000000	-1.258944	-0.174423	-0.158392	-0.032661
0.610	0.000000	0.000000	0.000000	0.000000	-1.227877	-0.158100	-0.158392	0.315589
0.620	0.000000	0.000000	0.000000	0.000000	-1.243411	-0.174423	-0.479673	-0.032661
0.630	0.000000	0.000000	0.000000	0.000000	-1.243411	-0.174423	-0.175301	0.333918
0.640	0.000000	0.000000	0.000000	0.000000	-1.243411	-0.158100	-0.158392	0.315589
0.650	0.000000	0.000000	0.000000	0.000000	-1.243411	-0.158100	-0.175301	-0.032661
0.660	0.000000	0.000000	0.000000	0.000000	-1.243411	-0.158100	-0.462763	-0.032661
0.670	0.000000	0.000000	0.000000	0.000000	-1.258944	-0.158100	-0.462763	-0.014332
0.680	0.000000	0.000000	0.000000	0.000000	-1.243411	-0.158100	-0.479673	-0.032661
0.690	0.000000	0.000000	0.000000	0.000000	-1.243411	-0.158100	-0.158392	0.333918
0.700	0.000000	0.000000	0.000000	0.000000	-1.243411	-0.158100	-0.158392	0.315589
0.710	0.000000	0.000000	0.000000	0.000000	-1.243411	-0.174423	-0.158392	0.333918
0.720	0.000000	0.000000	0.000000	0.000000	-1.243411	-0.174423	-0.158392	-0.014332
0.730	0.000000	0.000000	0.000000	0.000000	-1.243411	-0.174423	-0.158392	-0.032661
0.740	0.000000	0.000000	0.000000	0.000000	-1.243411	-0.174423	-0.158392	-0.014332
0.750	0.000000	0.000000	0.000000	0.000000	-1.243411	-0.174423	-0.141482	-0.014332
0.760	0.000000	0.000000	0.000000	0.000000	-1.243411	-0.158100	-0.158392	0.333918
0.770	0.000000	0.000000	0.000000	0.000000	-1.243411	-0.174423	-0.462763	-0.014332
0.780	0.000000	0.000000	0.000000	0.000000	-1.243411	-0.174423	-0.479673	0.315589
0.790	0.000000	0.000000	0.000000	0.000000	-1.243411	-0.158100	-0.479673	-0.014332
0.800	0.000000	0.000000	0.000000	0.000000	-1.243411	-0.174423	-0.158392	0.333918
0.810	0.000000	0.000000	0.000000	0.000000	-1.243411	-0.190745	-0.479673	-0.014332
0.820	0.000000	0.000000	0.000000	0.000000	-1.243411	-0.158100	-0.462763	-0.014332
0.830	0.000000	0.000000	0.000000	0.000000	-1.243411	-0.174423	-0.462763	-0.014332
0.840	0.000000	0.000000	0.000000	0.000000	-1.243411	-0.158100	-0.158392	0.333918
0.850	0.000000	0.000000	0.000000	0.000000	-1.243411	-0.174423	-0.462763	0.333918
0.860	0.000000	0.000000	0.000000	0.000000	-1.243411	-0.174423	-0.158392	-0.014332
0.870	0.000000	0.000000	0.000000	0.000000	-1.227877	-0.158100	-0.158392	0.315589
0.880	0.000000	0.000000	0.000000	0.000000	-1.243411	-0.174423	-0.158392	-0.014332
0.890	0.000000	0.000000	0.000000	0.000000	-1.243411	-0.174423	-0.158392	-0.014332
0.900	0.000000	0.000000	0.000000	0.000000	-1.227877	-0.158100	-0.158392	-0.014332
0.910	0.000000	0.000000	0.000000	0.000000	-1.243411	-0.158100	-0.158392	-0.014332
0.920	0.000000	0.000000	0.000000	0.000000	-1.258944	-0.158100	-0.479673	0.333918
0.930	0.000000	0.000000	0.000000	0.000000	-1.258944	-0.174423	-0.141482	-0.032661
0.940	0.000000	0.000000	0.000000	0.000000	-1.258944	-0.174423	-0.158392	0.333918
0.950	0.000000	0.000000	0.000000	0.000000	-1.243411	-0.174423	-0.158392	0.333918
0.960	0.000000	0.000000	0.000000	0.000000	-1.258944	-0.174423	-0.462763	-0.014332
0.970	0.000000	0.000000	0.000000	0.000000	-1.243411	-0.174423	-0.479673	0.315589
0.980	0.000000	0.000000	0.000000	0.000000	-1.243411	-0.158100	-0.175301	-0.014332
0.990	0.000000	0.000000	0.000000	0.000000	-1.227877	-0.158100	-0.158392	-0.014332
1.000	0.000000	0.000000	0.000000	0.000000	-1.243411	-0.158100	-0.479673	0.333918
1.010	-9.705205	-9.705205	-9.705205	-9.705205	-1.243411	-0.174423	-0.158392	-0.014332
1.020	-8.649175	-8.649175	-8.649175	-8.649175	-1.227877	-0.174423	-0.479673	-0.014332
1.030	-7.326133	-7.326133	-7.326133	-7.326133	-0.948277	-0.174423	-0.479673	-0.014332
1.040	-5.776924	-5.776924	-5.776924	-5.776924	-1.243411	-0.158100	-0.462763	-0.014332
1.050	-4.049373	-4.049373	-4.049373	-4.049373	-1.523011	-0.468224	-0.462763	-0.362582
1.060	-2.196813	-2.196813	-2.196813	-2.196813	-2.983145	-1.708717	-1.697158	-1.718924
1.070	-0.276435	-0.276435	-0.276435	-0.276435	-3.588945	-3.243011	-2.644091	-3.423516
1.080	1.652478	1.652478	1.652478	1.652478	-3.293811	-4.173381	-2.644091	-4.431608
1.090	3.530376	3.530376	3.530376	3.530376	-3.573412	-4.173381	-2.644091	-5.128108
1.100	5.299287	5.299287	5.299287	5.299287	-3.573412	-4.173381	-2.627181	-4.431608
1.110	6.904602	6.904602	6.904602	6.904602	-2.703545	-2.949210	-2.644091	-3.405187
1.120	8.296763	8.296763	8.296763	8.296763	-1.243411	-2.035162	-1.122234	-1.718924
1.130	9.432791	9.432791	9.432791	9.432791	-0.373544	-0.778347	0.145979	0.315589
1.140	10.277617	10.277617	10.277617	10.277617	1.381724	1.066070	1.701655	2.020181
1.150	10.805159	10.805159	10.805159	10.805159	2.841857	2.600365	3.849164	4.402944
1.160	10.999131	10.999131	10.999131	10.999131	4.612658	4.477427	5.404839	6.474115
1.170	10.853546	10.853546	10.853546	10.853546	6.072792	6.321844	7.264886	8.490299
1.180	10.372897	10.372897	10.372897	10.372897	7.828059	8.149939	9.141842	10.543141
1.190	9.572023	9.572023	9.572023	9.572023	8.418326	9.406755	10.054956	11.899483
1.200	8.475648	8.475648	8.475648	8.475648	9.008593	10.614603	10.376237	11.569562
1.210	7.117619	7.117619	7.117619	7.117619	8.713459	10.630926	10.680608	11.551233
1.220	5.539859	5.539859	5.539859	5.539859	8.713459	10.630926	10.680608	11.239641
1.230	3.791076	3.791076	3.791076	3.791076	7.828059	10.320802	10.054956	10.543141
1.240	1.925258	1.925258	1.925258	1.925258	7.253326	9.063987	9.141842	9.535049
1.250	0.000004	0.000004	0.000004	0.000004	6.072792	8.460063	8.211819	8.490299
1.260	-1.925250	-1.925250	-1.925250	-1.925250	4.923325	6.925768	6.639234	6.785707
1.270	-3.791068	-3.791068	-3.791068	-3.791068	3.463191	5.358830	5.100468	5.777615
1.280	-5.539852	-5.539852	-5.539852	-5.539852	1.987524	4.150981	3.240421	3.724773
1.290	-7.117612	-7.117612	-7.117612	-7.117612	0.527390	1.996440	1.989117	1.690260
1.300	-8.475643	-8.475643	-8.475643	-8.475643	-0.932744	0.135701	-0.158392	-0.362582
1.310	-9.572019	-9.572019	-9.572019	-9.572019	-2.983145	-1.398594	-2.018439	-2.397095
1.320	-10.372894	-10.372894	-10.372894	-10.372894	-4.738412	-3.569457	-3.895395	-4.101687
1.330	-10.853545	-10.853545	-10.853545	-10.853545	-6.478146	-5.413874	-6.076722	-6.466121
1.340	-10.999132	-10.999132	-10.999132	-10.999132	-8.248947	-7.258291	-7.936769	-8.189042
1.350	-10.805161	-10.805161	-10.805161	-10.805161	-9.709080	-8.808908	-9.154254	-9.893634
1.360	-10.277620	-10.277620	-10.277620	-10.277620	-10.874081	-10.343202	-10.709930	-10.901726
1.370	-9.432796	-9.432796	-9.432796	-9.432796	-11.448814	-10.343202	-11.318672	-11.598226
1.380	-8.296768	-8.296768	-8.296768	-8.296768	-11.448814	-10.669648	-11.014301	-11.249976
1.390	-6.904609	-6.904609	-6.904609	-6.904609	-11.433281	-10.653325	-11.318672	-11.268305
1.400	-5.299294	-5.299294	-5.299294	-5.299294	-11.169214	-10.359524	-10.693020	-11.249976
1.410	-3.530384	-3.530384	-3.530384	-3.530384	-10.578947	-10.033079	-10.405559	-10.901726
1.420	-1.652486	-1.652486	-1.652486	-1.652486	-10.004214	-9.102709	-9.171164	-9.893634
1.430	0.276426	0.276426	0.276426	0.276426	-8.839213	-8.498785	-8.224231	-8.885542
1.440	2.196805	2.196805	2.196805	2.196805	-7.363546	-6.964490	-6.972927	-7.162621
1.450	4.049366	4.049366	4.049366	4.049366	-6.183012	-5.723997	-5.738532	-5.476358
1.460	5.776917	5.776917	5.776917	5.776917	-4.443279	-4.483504	-3.895395	-3.423516
1.470	7.326127	7.326127	7.326127	7.326127	-2.983145	-2.639087	-2.356629	-1.389003
1.480	8.649170	8.649170	8.649170	8.649170	-1.227877	-1.088470	-0.462763	0.333918
1.490	9.705201	9.705201	9.705201	9.705201	0.527390	0.429502	1.701655	2.368431
1.500	10.461620	10.461620	10.461620	10.461620	2.577791	2.600365	3.223511	4.751194
1.510	10.895075	10.895075	10.895075	10.895075	4.628191	4.461104	5.421749	6.785707
1.520	10.992184	10.992184	10.992184	10.992184	6.072792	6.321844	7.281795	8.838549
1.530	10.749950	10.749950	10.749950	10.749950	7.237792	7.839816	9.124933	10.194891
1.540	10.175851	10.175851	10.175851	10.175851	8.123193	9.390432	10.697518	10.873062
1.550	9.287610	9.287610	9.287610	9.287610	9.008593	10.010679	11.627541	11.221312
1.560	8.112648	8.112648	8.112648	8.112648	8.713459	10.320802	11.306260	11.221312
1.570	6.687237	6.687237	6.687237	6.687237	8.713459	9.994357	11.001889	11.202983
1.580	5.055383	5.055383	5.055383	5.055383	8.418326	9.994357	10.393146	11.221312
1.590	3.267462	3.267462	3.267462	3.267462	8.138726	9.700556	9.446213	10.543141
1.600	1.378671	1.378671	1.378671	1.378671	6.958192	8.476385	8.820561	9.168470
1.610	-0.552682	-0.552682	-0.552682	-0.552682	5.793192	7.839816	7.264886	8.490299
1.620	-2.466973	-2.466973	-2.466973	-2.466973	4.612658	6.615645	6.030491	6.437457
1.630	-4.305105	-4.305105	-4.305105	-4.305105	3.447658	4.771228	4.491725	5.081115
1.640	-6.010333	-6.010333	-6.010333	-6.010333	1.692390	3.530735	2.614769	3.046602
1.650	-7.530014	-7.530014	-7.530014	-7.530014	-0.062877	1.669995	1.076003	1.360339
1.660	-8.817234	-8.817234	-8.817234	-8.817234	-1.538544	-0.158100	-0.767134	-0.692503
1.670	-9.832253	-9.832253	-9.832253	-9.832253	-3.293811	-2.018840	-2.644091	-3.093595
1.680	-10.543738	-10.543738	-10.543738	-10.543738	-5.033545	-3.863258	-4.504137	-4.779858
1.690	-10.929724	-10.929724	-10.929724	-10.929724	-6.788813	-6.034121	-6.364184	-7.180950
1.700	-10.978294	-10.978294	-10.978294	-10.978294	-8.839213	-7.568415	-8.224231	-9.233792
1.710	-10.687950	-10.687950	-10.687950	-10.687950	-10.004214	-9.102709	-9.475535	-9.893634
1.720	-10.067655	-10.067655	-10.067655	-10.067655	-11.184748	-10.343202	-10.709930	-11.249976
1.730	-9.136558	-9.136558	-9.136558	-9.136558	-11.464348	-10.947126	-11.335582	-11.231647
1.740	-7.923403	-7.923403	-7.923403	-7.923403	-11.479881	-10.947126	-11.031211	-11.231647
1.750	-6.465642	-6.465642	-6.465642	-6.465642	-11.184748	-10.963449	-11.031211	-11.598226
1.760	-4.808279	-4.808279	-4.808279	-4.808279	-10.874081	-10.343202	-10.709930	-11.249976
1.770	-3.002477	-3.002477	-3.002477	-3.002477	-10.299347	-9.739278	-10.084278	-10.571805
1.780	-1.103985	-1.103985	-1.103985	-1.103985	-9.429480	-8.808908	-9.154254	-9.215463
1.790	0.828589	0.828589	0.828589	0.828589	-8.248947	-8.204984	-7.919860	-8.189042
1.800	2.735583	2.735583	2.735583	2.735583	-6.804346	-6.638045	-6.381094	-6.502779
1.810	4.558126	4.558126	4.558126	4.558126	-5.918946	-5.413874	-5.129790	-4.779858
1.820	6.239953	6.239953	6.239953	6.239953	-3.868545	-3.569457	-2.965371	-3.075266
1.830	7.729145	7.729145	7.729145	7.729145	-2.688011	-2.345286	-1.409696	-0.692503
1.840	8.979728	8.979728	8.979728	8.979728	-0.932744	-0.484546	0.450351	1.360339
1.850	9.953095	9.953095	9.953095	9.953095	1.397257	1.376194	2.310398	3.394852
1.860	10.619196	10.619196	10.619196	10.619196	2.857391	3.204289	4.474816	5.081115
1.870	10.957469	10.957469	10.957469	10.957469	4.612658	5.081351	6.334862	7.482207
1.880	10.957470	10.957470	10.957470	10.957470	6.647525	6.925768	7.907447	9.186799
1.890	10.619200	10.619200	10.619200	10.619200	7.828059	8.770186	9.141842	10.524812
1.900	9.953100	9.953100	9.953100	9.953100	8.402793	10.010679	10.376237	10.891391
1.910	8.979735	8.979735	8.979735	8.979735	9.008593	10.614603	11.001889	10.891391
1.920	7.729154	7.729154	7.729154	7.729154	8.697926	10.614603	10.680608	10.891391
1.930	6.239964	6.239964	6.239964	6.239964	8.713459	10.614603	10.680608	10.873062
1.940	4.558137	4.558137	4.558137	4.558137	8.123193	10.010679	10.071865	10.891391
1.950	2.735595	2.735595	2.735595	2.735595	7.532926	9.390432	9.141842	10.213220
1.960	0.828601	0.828601	0.828601	0.828601	6.352392	8.149939	8.533099	8.838549
1.970	-1.103972	-1.103972	-1.103972	-1.103972	5.482525	7.235892	7.281795	8.508628
1.980	-3.002465	-3.002465	-3.002465	-3.002465	4.301991	5.995399	5.404839	6.107536
1.990	-4.808268	-4.808268	-4.808268	-4.808268	2.841857	4.150981	4.170444	5.099444
2.000	-6.465632	-6.465632	-6.465632	-6.465632	1.086590	2.616687	1.989117	3.064931
2.010	-7.923395	-7.923395	-7.923395	-7.923395	-0.358010	1.066070	0.754722	0.993760
2.020	-9.136551	-9.136551	-9.136551	-9.136551	-2.408411	-0.778347	-1.714067	-1.407332
2.030	-10.067650	-10.067650	-10.067650	-10.067650	-4.163678	-2.622764	-3.286652	-3.075266
2.040	-10.687947	-10.687947	-10.687947	-10.687947	-5.623812	-4.483504	-5.112880	-5.476358
2.050	-10.978294	-10.978294	-10.978294	-10.978294	-7.394613	-6.654367	-6.972927	-7.180950
2.060	-10.929725	-10.929725	-10.929725	-10.929725	-9.134347	-8.498785	-8.849883	-9.215463
2.070	-10.543742	-10.543742	-10.543742	-10.543742	-10.019747	-9.722955	-9.762997	-10.571805
2.080	-9.832259	-9.832259	-9.832259	-9.832259	-11.169214	-10.963449	-10.388649	-11.579897
2.090	-8.817241	-8.817241	-8.817241	-8.817241	-11.184748	-11.257250	-10.693020	-11.946476
2.100	-7.530023	-7.530023	-7.530023	-7.530023	-11.184748	-10.947126	-10.709930	-11.598226
2.110	-6.010344	-6.010344	-6.010344	-6.010344	-11.169214	-10.963449	-10.709930	-11.579897
2.120	-4.305117	-4.305117	-4.305117	-4.305117	-10.578947	-10.343202	-10.422468	-11.249976
2.130	-2.466985	-2.466985	-2.466985	-2.466985	-10.019747	-9.739278	-10.101187	-10.223555
2.140	-0.552695	-0.552695	-0.552695	-0.552695	-9.118814	-8.792586	-8.832974	-8.848884
2.150	1.378659	1.378659	1.378659	1.378659	-7.969346	-7.878538	-7.598579	-7.840792
2.160	3.267451	3.267451	3.267451	3.267451	-6.509213	-6.344244	-6.042903	-6.154529
2.170	5.055372	5.055372	5.055372	5.055372	-5.328679	-4.809950	-4.808509	-4.449937
2.180	6.687228	6.687228	6.687228	6.687228	-3.278278	-3.259333	-2.948462	-2.415424
2.190	8.112639	8.112639	8.112639	8.112639	-2.113278	-2.035162	-1.426606	-0.362582
2.200	9.287603	9.287603	9.287603	9.287603	-0.078410	0.135701	0.450351	2.020181
2.210	10.175847	10.175847	10.175847	10.175847	1.676857	1.996440	2.614769	4.073023
2.220	10.749948	10.749948	10.749948	10.749948	3.432124	3.530735	4.779187	6.107536
2.230	10.992184	10.992184	10.992184	10.992184	5.187392	5.685275	6.639234	8.142049
2.240	10.895077	10.895077	10.895077	10.895077	6.942659	7.235892	8.194909	10.194891
2.250	10.461624	10.461624	10.461624	10.461624	8.123193	8.770186	9.446213	11.221312
2.260	9.705207	9.705207	9.705207	9.705207	8.402793	9.994357	10.071865	11.221312
2.270	8.649177	8.649177	8.649177	8.649177	8.697926	10.304480	10.680608	11.202983
2.280	7.326136	7.326136	7.326136	7.326136	8.697926	10.304480	10.376237	11.221312
2.290	5.776927	5.776927	5.776927	5.776927	8.697926	10.304480	10.376237	11.221312
2.300	4.049377	4.049377	4.049377	4.049377	8.107659	9.700556	10.054956	10.524812
2.310	2.196817	2.196817	2.196817	2.196817	7.517392	9.096631	9.124933	9.864970
2.320	0.276439	0.276439	0.276439	0.276439	6.072792	7.856138	7.890538	8.490299
2.330	-1.652474	-1.652474	-1.652474	-1.652474	5.187392	6.599323	6.639234	7.500536
2.340	-3.530372	-3.530372	-3.530372	-3.530372	3.727258	5.375152	5.100468	6.125865
2.350	-5.299284	-5.299284	-5.299284	-5.299284	2.546724	4.150981	3.544792	4.054694
2.360	-6.904599	-6.904599	-6.904599	-6.904599	0.791457	2.306564	1.684745	2.368431
2.370	-8.296760	-8.296760	-8.296760	-8.296760	-0.948277	0.445824	0.145979	-0.014332
2.380	-9.432789	-9.432789	-9.432789	-9.432789	-2.688011	-1.398594	-2.035348	-1.718924
2.390	-10.277616	-10.277616	-10.277616	-10.277616	-4.458812	-3.259333	-3.912304	-4.101687
2.400	-10.805158	-10.805158	-10.805158	-10.805158	-6.214079	-5.103751	-5.738532	-5.824608
2.410	-10.999131	-10.999131	-10.999131	-10.999131	-7.984880	-6.964490	-7.615488	-7.840792
2.420	-10.853547	-10.853547	-10.853547	-10.853547	-9.445014	-8.808908	-9.171164	-9.893634
2.430	-10.372899	-10.372899	-10.372899	-10.372899	-10.019747	-9.739278	-10.405559	-10.920055
2.440	-9.572025	-9.572025	-9.572025	-9.572025	-10.610014	-10.359524	-10.388649	-11.249976
2.450	-8.475651	-8.475651	-8.475651	-8.475651	-11.200281	-10.963449	-10.726839	-11.579897
2.460	-7.117622	-7.117622	-7.117622	-7.117622	-11.200281	-10.963449	-10.709930	-11.598226
2.470	-5.539862	-5.539862	-5.539862	-5.539862	-10.889614	-10.343202	-10.709930	-11.231647
2.480	-3.791080	-3.791080	-3.791080	-3.791080	-10.314881	-10.033079	-10.084278	-10.901726
2.490	-1.925262	-1.925262	-1.925262	-1.925262	-9.724614	-9.412832	-9.458626	-9.893634
2.500	-0.000008	-0.000008	-0.000008	-0.000008	-8.870280	-8.482462	-8.545512	-8.537292
2.510	1.925245	1.925245	1.925245	1.925245	-7.394613	-7.274614	-7.294208	-7.180950
2.520	3.791064	3.791064	3.791064	3.791064	-6.214079	-6.034121	-5.738532	-5.476358
2.530	5.539848	5.539848	5.539848	5.539848	-5.049079	-4.777305	-4.199766	-3.753437
2.540	7.117609	7.117609	7.117609	7.117609	-3.014211	-2.639087	-2.322810	-1.718924
2.550	8.475640	8.475640	8.475640	8.475640	-1.538544	-1.382271	-0.784044	0.315589
2.560	9.572017	9.572017	9.572017	9.572017	0.511857	0.445824	1.059093	2.368431
2.570	10.372893	10.372893	10.372893	10.372893	2.251591	2.306564	2.952959	4.402944
2.580	10.853544	10.853544	10.853544	10.853544	4.006858	4.444782	5.100468	6.455786
2.590	10.999132	10.999132	10.999132	10.999132	5.762125	6.011721	6.977424	8.508628
2.600	10.805161	10.805161	10.805161	10.805161	7.517392	7.839816	8.820561	10.194891
2.610	10.277621	10.277621	10.277621	10.277621	8.387259	9.080309	9.446213	11.221312
2.620	9.432798	9.432798	9.432798	9.432798	8.402793	10.320802	10.054956	11.551233
2.630	8.296771	8.296771	8.296771	8.296771	8.697926	10.614603	10.376237	11.569562
2.640	6.904612	6.904612	6.904612	6.904612	8.682393	10.614603	10.376237	11.221312
2.650	5.299298	5.299298	5.299298	5.299298	8.387259	10.320802	10.071865	11.221312
2.660	3.530388	3.530388	3.530388	3.530388	7.812526	9.684233	9.446213	10.524812
2.670	1.652490	1.652490	1.652490	1.652490	7.222259	8.770186	9.141842	9.516720
2.680	-0.276422	-0.276422	-0.276422	-0.276422	5.762125	7.856138	7.907447	8.142049
2.690	-2.196801	-2.196801	-2.196801	-2.196801	4.907791	6.599323	6.351772	6.804036
2.700	-4.049362	-4.049362	-4.049362	-4.049362	3.432124	4.754905	4.796096	5.081115
2.710	-5.776913	-5.776913	-5.776913	-5.776913	1.956457	3.530735	3.257330	3.724773
2.720	-7.326124	-7.326124	-7.326124	-7.326124	0.511857	1.686317	1.397284	1.653602
2.730	-8.649167	-8.649167	-8.649167	-8.649167	-1.538544	-0.174423	-0.462763	-0.344253
2.740	-9.705199	-9.705199	-9.705199	-9.705199	-2.998678	-2.035162	-2.644091	-2.378766
2.750	-10.461619	-10.461619	-10.461619	-10.461619	-5.049079	-3.863258	-4.504137	-4.449937
2.760	-10.895074	-10.895074	-10.895074	-10.895074	-6.804346	-5.723997	-6.042903	-6.832700
2.770	-10.992185	-10.992185	-10.992185	-10.992185	-8.559613	-7.258291	-7.598579	-8.537292
2.780	-10.749951	-10.749951	-10.749951	-10.749951	-9.740147	-9.102709	-9.762997	-10.241884
2.790	-10.175853	-10.175853	-10.175853	-10.175853	-10.610014	-10.343202	-10.388649	-10.920055
2.800	-9.287612	-9.287612	-9.287612	-9.287612	-10.905147	-10.963449	-10.405559	-11.231647
2.810	-8.112651	-8.112651	-8.112651	-8.112651	-10.905147	-11.257250	-10.693020	-11.268305
2.820	-6.687241	-6.687241	-6.687241	-6.687241	-11.184748	-10.963449	-10.709930	-11.249976
2.830	-5.055387	-5.055387	-5.055387	-5.055387	-10.889614	-10.947126	-10.388649	-11.249976
2.840	-3.267466	-3.267466	-3.267466	-3.267466	-10.299347	-10.049401	-9.779906	-10.901726
2.850	-1.378675	-1.378675	-1.378675	-1.378675	-9.445014	-9.102709	-9.154254	-9.545384
2.860	0.552678	0.552678	0.552678	0.552678	-8.544080	-8.188661	-8.224231	-8.170713
2.870	2.466969	2.466969	2.466969	2.466969	-7.394613	-6.964490	-6.989836	-6.814371
2.880	4.305102	4.305102	4.305102	4.305102	-5.623812	-5.723997	-5.434161	-4.779858
2.890	6.010330	6.010330	6.010330	6.010330	-4.458812	-4.173381	-3.878485	-3.423516
2.900	7.530011	7.530011	7.530011	7.530011	-2.423944	-2.312641	-1.714067	-1.370674
2.910	8.817231	8.817231	8.817231	8.817231	-0.963811	-0.484546	0.145979	0.663839
2.920	9.832251	9.832251	9.832251	9.832251	1.086590	1.066070	1.701655	3.064931
2.930	10.543737	10.543737	10.543737	10.543737	2.841857	2.926810	3.882983	4.751194
2.940	10.929723	10.929723	10.929723	10.929723	4.612658	5.065029	5.743029	7.115628
2.950	10.978295	10.978295	10.978295	10.978295	6.352392	6.599323	7.281795	8.820220
2.960	10.687951	10.687951	10.687951	10.687951	7.828059	8.460063	9.141842	10.524812
2.970	10.067657	10.067657	10.067657	10.067657	8.697926	9.390432	10.071865	11.899483
2.980	9.136560	9.136560	9.136560	9.136560	8.993060	10.924727	10.071865	11.569562
2.990	7.923406	7.923406	7.923406	7.923406	8.682393	10.941049	10.054956	11.917812
3.000	6.465646	6.465646	6.465646	6.465646	8.697926	10.941049	10.376237	11.221312
3.010	4.808282	4.808282	4.808282	4.808282	8.107659	10.304480	10.088775	10.891391
3.020	3.002481	3.002481	3.002481	3.002481	7.517392	9.390432	9.429304	10.194891
3.030	1.103989	1.103989	1.103989	1.103989	6.647525	8.770186	8.516190	9.186799
3.040	-0.828585	-0.828585	-0.828585	-0.828585	5.466992	7.546015	7.586167	7.812128
3.050	-2.735579	-2.735579	-2.735579	-2.735579	4.301991	5.995399	6.030491	6.455786
3.060	-4.558122	-4.558122	-4.558122	-4.558122	2.841857	4.754905	4.491725	4.421273
3.070	-6.239950	-6.239950	-6.239950	-6.239950	1.381724	2.910488	2.936050	3.046602
3.080	-7.729142	-7.729142	-7.729142	-7.729142	-0.078410	1.359872	0.754722	0.993760
3.090	-8.979726	-8.979726	-8.979726	-8.979726	-1.833678	-0.468224	-0.784044	-1.040753
3.100	-9.953093	-9.953093	-9.953093	-9.953093	-3.557878	-2.639087	-2.661000	-3.075266
3.110	-10.619195	-10.619195	-10.619195	-10.619195	-5.328679	-4.483504	-4.808509	-5.128108
3.120	-10.957469	-10.957469	-10.957469	-10.957469	-7.394613	-6.327922	-6.364184	-7.162621
3.130	-10.957471	-10.957471	-10.957471	-10.957471	-8.559613	-8.188661	-8.224231	-9.197134
3.140	-10.619201	-10.619201	-10.619201	-10.619201	-10.314881	-9.412832	-10.084278	-10.571805
3.150	-9.953102	-9.953102	-9.953102	-9.953102	-10.610014	-10.359524	-10.693020	-11.249976
3.160	-8.979738	-8.979738	-8.979738	-8.979738	-10.905147	-10.947126	-10.709930	-11.249976
3.170	-7.729157	-7.729157	-7.729157	-7.729157	-11.200281	-10.963449	-11.014301	-11.268305
3.180	-6.239967	-6.239967	-6.239967	-6.239967	-11.184748	-10.963449	-11.014301	-11.249976
3.190	-4.558141	-4.558141	-4.558141	-4.558141	-10.314881	-10.343202	-10.726839	-10.901726
3.200	-2.735599	-2.735599	-2.735599	-2.735599	-10.035281	-9.739278	-9.762997	-10.920055
3.210	-0.828605	-0.828605	-0.828605	-0.828605	-9.149880	-8.792586	-8.832974	-9.215463
3.220	1.103968	1.103968	1.103968	1.103968	-7.969346	-7.878538	-7.919860	-7.859121
3.230	3.002461	3.002461	3.002461	3.002461	-6.804346	-6.948168	-6.364184	-6.136200
3.240	4.808264	4.808264	4.808264	4.808264	-5.344212	-5.087428	-4.808509	-4.431608
3.250	6.465629	6.465629	6.465629	6.465629	-3.884078	-3.569457	-3.269743	-2.727016
3.260	7.923392	7.923392	7.923392	7.923392	-2.128811	-2.035162	-1.392786	-0.692503
3.270	9.136549	9.136549	9.136549	9.136549	-0.373544	-0.174423	0.467260	1.360339
3.280	10.067649	10.067649	10.067649	10.067649	1.366190	1.686317	2.614769	3.743102
3.290	10.687946	10.687946	10.687946	10.687946	3.136991	3.530735	4.491725	5.777615
3.300	10.978293	10.978293	10.978293	10.978293	5.187392	5.375152	6.656143	7.812128
3.310	10.929726	10.929726	10.929726	10.929726	6.942659	7.235892	8.211819	9.168470
3.320	10.543743	10.543743	10.543743	10.543743	8.387259	8.786508	9.750585	10.524812
3.330	9.832261	9.832261	9.832261	9.832261	8.977526	9.684233	10.680608	11.221312
3.340	8.817243	8.817243	8.817243	8.817243	8.993060	10.614603	10.680608	11.202983
3.350	7.530026	7.530026	7.530026	7.530026	8.993060	10.630926	10.680608	11.202983
3.360	6.010347	6.010347	6.010347	6.010347	8.682393	10.614603	10.376237	11.221312
3.370	4.305121	4.305121	4.305121	4.305121	8.107659	10.320802	9.750585	10.524812
3.380	2.466989	2.466989	2.466989	2.466989	7.222259	9.063987	9.141842	9.846641
3.390	0.552699	0.552699	0.552699	0.552699	6.352392	8.476385	8.499280	9.168470
3.400	-1.378654	-1.378654	-1.378654	-1.378654	5.187392	7.235892	6.656143	7.445549
3.410	-3.267447	-3.267447	-3.267447	-3.267447	4.022391	5.685275	5.726120	6.437457
3.420	-5.055368	-5.055368	-5.055368	-5.055368	2.546724	4.134659	3.866073	4.054694
3.430	-6.687224	-6.687224	-6.687224	-6.687224	1.086590	2.616687	2.310398	2.716681
3.440	-8.112637	-8.112637	-8.112637	-8.112637	-0.373544	0.445824	0.450351	0.663839
3.450	-9.287601	-9.287601	-9.287601	-9.287601	-2.113278	-1.088470	-1.409696	-1.370674
3.460	-10.175845	-10.175845	-10.175845	-10.175845	-4.163678	-2.932888	-3.574114	-3.423516
3.470	-10.749947	-10.749947	-10.749947	-10.749947	-5.918946	-5.103751	-5.451070	-5.806279
3.480	-10.992184	-10.992184	-10.992184	-10.992184	-7.689746	-6.638045	-7.294208	-7.840792
3.490	-10.895077	-10.895077	-10.895077	-10.895077	-9.429480	-8.498785	-9.154254	-9.563713
3.500	-10.461625	-10.461625	-10.461625	-10.461625	-10.905147	-10.049401	-10.693020	-10.938384
3.510	-9.705209	-9.705209	-9.705209	-9.705209	-11.184748	-10.637003	-11.335582	-11.598226
3.520	-8.649180	-8.649180	-8.649180	-8.649180	-11.479881	-10.963449	-11.335582	-11.598226
3.530	-7.326139	-7.326139	-7.326139	-7.326139	-11.464348	-11.273572	-11.335582	-11.598226
3.540	-5.776931	-5.776931	-5.776931	-5.776931	-11.169214	-10.947126	-10.726839	-11.579897
3.550	-4.049381	-4.049381	-4.049381	-4.049381	-10.314881	-10.343202	-10.709930	-11.249976
3.560	-2.196821	-2.196821	-2.196821	-2.196821	-10.019747	-9.412832	-9.796816	-10.241884
3.570	-0.276443	-0.276443	-0.276443	-0.276443	-8.854747	-8.808908	-8.545512	-9.215463
3.580	1.652470	1.652470	1.652470	1.652470	-7.984880	-7.552092	-7.294208	-7.510871
3.590	3.530368	3.530368	3.530368	3.530368	-6.509213	-6.344244	-6.042903	-5.824608
3.600	5.299280	5.299280	5.299280	5.299280	-4.738412	-4.793627	-4.504137	-4.101687
3.610	6.904596	6.904596	6.904596	6.904596	-3.588945	-2.949210	-2.661000	-2.048845
3.620	8.296757	8.296757	8.296757	8.296757	-1.523011	-1.398594	-0.784044	0.315589
3.630	9.432787	9.432787	9.432787	9.432787	0.216723	0.135701	0.771632	2.020181
3.640	10.277614	10.277614	10.277614	10.277614	1.987524	2.290241	2.936050	4.073023
3.650	10.805158	10.805158	10.805158	10.805158	3.727258	4.150981	5.100468	6.107536
3.660	10.999131	10.999131	10.999131	10.999131	5.482525	5.668953	6.960514	8.160378
3.670	10.853547	10.853547	10.853547	10.853547	7.237792	7.839816	8.820561	9.846641
3.680	10.372900	10.372900	10.372900	10.372900	8.697926	9.406755	10.393146	10.873062
3.690	9.572027	9.572027	9.572027	9.572027	9.288193	9.994357	11.306260	11.221312
3.700	8.475653	8.475653	8.475653	8.475653	9.288193	10.614603	11.001889	11.221312
3.710	7.117625	7.117625	7.117625	7.117625	8.993060	10.614603	10.680608	11.221312
3.720	5.539866	5.539866	5.539866	5.539866	8.713459	10.320802	10.393146	10.873062
3.730	3.791084	3.791084	3.791084	3.791084	7.812526	10.010679	9.750585	10.873062
3.740	1.925266	1.925266	1.925266	1.925266	6.942659	8.770186	8.820561	9.516720
3.750	0.000012	0.000012	0.000012	0.000012	6.057259	8.166262	7.603076	8.490299
3.760	-1.925241	-1.925241	-1.925241	-1.925241	4.892258	6.942091	6.334862	7.133957
3.770	-3.791060	-3.791060	-3.791060	-3.791060	3.432124	5.391474	5.083558	5.777615
3.780	-5.539844	-5.539844	-5.539844	-5.539844	1.676857	3.840858	3.240421	3.724773
3.790	-7.117606	-7.117606	-7.117606	-7.117606	0.511857	1.980118	1.701655	1.671931
3.800	-8.475638	-8.475638	-8.475638	-8.475638	-1.258944	0.135701	-0.175301	-0.344253
3.810	-9.572015	-9.572015	-9.572015	-9.572015	-2.983145	-1.708717	-2.018439	-2.085503
3.820	-10.372892	-10.372892	-10.372892	-10.372892	-4.753945	-3.553134	-4.199766	-4.449937
3.830	-10.853543	-10.853543	-10.853543	-10.853543	-6.493679	-5.413874	-6.076722	-6.484450
3.840	-10.999132	-10.999132	-10.999132	-10.999132	-8.264480	-7.258291	-7.919860	-8.189042
3.850	-10.805162	-10.805162	-10.805162	-10.805162	-9.429480	-8.498785	-9.171164	-9.545384
3.860	-10.277623	-10.277623	-10.277623	-10.277623	-11.184748	-10.033079	-10.388649	-10.938384
3.870	-9.432800	-9.432800	-9.432800	-9.432800	-11.464348	-10.669648	-11.014301	-11.598226
3.880	-8.296774	-8.296774	-8.296774	-8.296774	-11.479881	-10.963449	-11.014301	-11.598226
3.890	-6.904615	-6.904615	-6.904615	-6.904615	-11.184748	-10.963449	-11.031211	-11.249976
3.900	-5.299302	-5.299302	-5.299302	-5.299302	-11.184748	-10.653325	-10.709930	-11.249976
3.910	-3.530392	-3.530392	-3.530392	-3.530392	-10.299347	-10.033079	-10.101187	-10.920055
3.920	-1.652494	-1.652494	-1.652494	-1.652494	-9.724614	-9.119031	-9.154254	-9.545384
3.930	0.276418	0.276418	0.276418	0.276418	-8.839213	-8.172339	-8.241140	-8.867213
3.940	2.196797	2.196797	2.196797	2.196797	-7.674213	-7.258291	-6.989836	-6.832700
3.950	4.049358	4.049358	4.049358	4.049358	-6.229612	-6.034121	-5.451070	-5.476358
3.960	5.776910	5.776910	5.776910	5.776910	-4.458812	-4.499826	-3.895395	-3.423516
3.970	7.326121	7.326121	7.326121	7.326121	-2.998678	-2.949210	-2.339719	-1.718924
3.980	8.649165	8.649165	8.649165	8.649165	-1.243411	-0.778347	-0.462763	0.682168
3.990	9.705197	9.705197	9.705197	9.705197	0.511857	1.049748	1.363465	2.368431
4.000	10.461618	10.461618	10.461618	10.461618	2.562257	2.600365	3.257330	4.751194
4.010	10.895074	10.895074	10.895074	10.895074	4.301991	4.461104	5.404839	6.767378
4.020	10.992185	10.992185	10.992185	10.992185	6.057259	6.305522	7.281795	8.820220
4.030	10.749952	10.749952	10.749952	10.749952	7.237792	8.166262	8.820561	10.176562
4.040	10.175854	10.175854	10.175854	10.175854	8.402793	9.700556	10.376237	10.891391
4.050	9.287614	9.287614	9.287614	9.287614	8.993060	10.320802	11.306260	11.202983
4.060	8.112653	8.112653	8.112653	8.112653	8.977526	10.304480	11.289351	11.221312
4.070	6.687244	6.687244	6.687244	6.687244	8.697926	10.304480	10.984979	11.202983
4.080	5.055390	5.055390	5.055390	5.055390	8.682393	10.304480	10.359327	10.854733
4.090	3.267470	3.267470	3.267470	3.267470	7.517392	9.700556	9.767494	10.524812
4.100	1.378679	1.378679	1.378679	1.378679	6.631992	8.770186	8.516190	9.516720
4.110	-0.552674	-0.552674	-0.552674	-0.552674	5.793192	7.529693	7.264886	8.160378
4.120	-2.466965	-2.466965	-2.466965	-2.466965	4.317525	6.305522	6.030491	6.455786
4.130	-4.305098	-4.305098	-4.305098	-4.305098	3.136991	5.081351	4.491725	5.081115
4.140	-6.010326	-6.010326	-6.010326	-6.010326	1.676857	2.926810	2.614769	3.046602
4.150	-7.530008	-7.530008	-7.530008	-7.530008	0.216723	1.669995	1.380374	1.342010
4.160	-8.817229	-8.817229	-8.817229	-8.817229	-1.538544	-0.484546	-1.088415	-1.040753
4.170	-9.832249	-9.832249	-9.832249	-9.832249	-3.293811	-2.328963	-2.644091	-2.745345
4.180	-10.543736	-10.543736	-10.543736	-10.543736	-5.033545	-4.189703	-4.825418	-4.779858
4.190	-10.929723	-10.929723	-10.929723	-10.929723	-6.804346	-6.034121	-6.685465	-7.180950
4.200	-10.978295	-10.978295	-10.978295	-10.978295	-8.544080	-7.584737	-8.545512	-8.885542
4.210	-10.687952	-10.687952	-10.687952	-10.687952	-9.429480	-9.119031	-9.796816	-10.241884
4.220	-10.067659	-10.067659	-10.067659	-10.067659	-10.610014	-10.343202	-10.405559	-11.268305
4.230	-9.136563	-9.136563	-9.136563	-9.136563	-10.905147	-10.947126	-11.031211	-11.946476
4.240	-7.923409	-7.923409	-7.923409	-7.923409	-11.169214	-10.963449	-11.031211	-11.598226
4.250	-6.465649	-6.465649	-6.465649	-6.465649	-10.889614	-10.947126	-11.031211	-11.616555
4.260	-4.808286	-4.808286	-4.808286	-4.808286	-10.889614	-10.343202	-10.422468	-11.268305
4.270	-3.002485	-3.002485	-3.002485	-3.002485	-10.004214	-9.739278	-10.101187	-10.590134
4.280	-1.103993	-1.103993	-1.103993	-1.103993	-9.429480	-9.119031	-9.171164	-9.215463
4.290	0.828581	0.828581	0.828581	0.828581	-8.264480	-7.878538	-8.241140	-8.207371
4.300	2.735575	2.735575	2.735575	2.735575	-7.099479	-6.638045	-6.702375	-6.832700
4.310	4.558118	4.558118	4.558118	4.558118	-5.934479	-5.413874	-5.129790	-4.798187
4.320	6.239947	6.239947	6.239947	6.239947	-3.868545	-3.569457	-3.591024	-3.075266
4.330	7.729139	7.729139	7.729139	7.729139	-2.703545	-2.328963	-1.747886	-0.710832
4.340	8.979723	8.979723	8.979723	8.979723	-0.653144	-0.484546	0.129070	1.342010
4.350	9.953091	9.953091	9.953091	9.953091	1.102123	1.669995	2.006026	3.394852
4.360	10.619194	10.619194	10.619194	10.619194	3.152524	3.204289	4.153535	5.429365
4.370	10.957468	10.957468	10.957468	10.957468	4.892258	5.081351	6.030491	7.115628
4.380	10.957471	10.957471	10.957471	10.957471	6.647525	6.925768	7.890538	9.168470
4.390	10.619202	10.619202	10.619202	10.619202	7.517392	8.476385	8.820561	10.524812
4.400	9.953104	9.953104	9.953104	9.953104	8.697926	9.700556	9.750585	10.873062
4.410	8.979740	8.979740	8.979740	8.979740	9.272660	10.304480	10.359327	11.202983
4.420	7.729160	7.729160	7.729160	7.729160	8.697926	10.320802	10.376237	11.202983
4.430	6.239970	6.239970	6.239970	6.239970	8.682393	10.010679	10.376237	11.221312
4.440	4.558145	4.558145	4.558145	4.558145	8.402793	9.994357	10.054956	10.854733
4.450	2.735603	2.735603	2.735603	2.735603	7.532926	9.080309	9.141842	10.194891
4.460	0.828610	0.828610	0.828610	0.828610	6.647525	8.149939	8.194909	9.168470
4.470	-1.103964	-1.103964	-1.103964	-1.103964	5.466992	7.219569	7.281795	7.812128
4.480	-3.002457	-3.002457	-3.002457	-3.002457	4.022391	5.979076	5.709210	6.089207
4.490	-4.808260	-4.808260	-4.808260	-4.808260	2.826324	4.444782	4.170444	4.751194
4.500	-6.465626	-6.465626	-6.465626	-6.465626	1.086590	2.910488	2.310398	2.716681
4.510	-7.923389	-7.923389	-7.923389	-7.923389	-0.358010	1.049748	0.450351	0.663839
4.520	-9.136547	-9.136547	-9.136547	-9.136547	-2.128811	-0.778347	-1.409696	-1.389003
4.530	-10.067647	-10.067647	-10.067647	-10.067647	-3.884078	-2.639087	-3.269743	-3.423516
4.540	-10.687946	-10.687946	-10.687946	-10.687946	-5.639346	-4.809950	-5.146699	-5.476358
4.550	-10.978293	-10.978293	-10.978293	-10.978293	-7.394613	-6.654367	-6.989836	-7.510871
4.560	-10.929726	-10.929726	-10.929726	-10.929726	-9.134347	-8.188661	-8.545512	-9.215463
4.570	-10.543744	-10.543744	-10.543744	-10.543744	-10.019747	-9.739278	-9.779906	-10.223555
4.580	-9.832262	-9.832262	-9.832262	-9.832262	-11.200281	-10.963449	-10.084278	-11.268305
4.590	-8.817246	-8.817246	-8.817246	-8.817246	-11.200281	-11.273572	-10.709930	-11.598226
4.600	-7.530029	-7.530029	-7.530029	-7.530029	-11.495414	-10.979771	-11.014301	-11.598226
4.610	-6.010351	-6.010351	-6.010351	-6.010351	-10.905147	-10.979771	-10.726839	-11.598226
4.620	-4.305124	-4.305124	-4.305124	-4.305124	-10.610014	-10.375847	-10.101187	-11.249976
4.630	-2.466993	-2.466993	-2.466993	-2.466993	-9.740147	-9.739278	-10.101187	-10.571805
4.640	-0.552703	-0.552703	-0.552703	-0.552703	-9.149880	-8.808908	-8.849883	-9.215463
4.650	1.378650	1.378650	1.378650	1.378650	-7.984880	-7.601059	-7.598579	-7.859121
4.660	3.267443	3.267443	3.267443	3.267443	-6.509213	-6.050443	-6.059813	-6.136200
4.670	5.055365	5.055365	5.055365	5.055365	-5.359746	-5.120073	-4.808509	-4.101687
4.680	6.687221	6.687221	6.687221	6.687221	-3.588945	-3.275655	-2.948462	-2.397095
4.690	8.112634	8.112634	8.112634	8.112634	-2.128811	-1.725039	-1.409696	-0.362582
4.700	9.287599	9.287599	9.287599	9.287599	-0.078410	0.119378	0.754722	2.020181
4.710	10.175843	10.175843	10.175843	10.175843	1.676857	1.996440	2.631678	4.054694
4.720	10.749946	10.749946	10.749946	10.749946	3.432124	4.134659	4.779187	6.089207
4.730	10.992184	10.992184	10.992184	10.992184	5.466992	5.685275	6.639234	8.160378
4.740	10.895078	10.895078	10.895078	10.895078	6.942659	7.529693	8.516190	9.846641
4.750	10.461627	10.461627	10.461627	10.461627	7.828059	8.770186	9.446213	11.221312
4.760	9.705211	9.705211	9.705211	9.705211	8.402793	10.304480	10.359327	11.239641
4.770	8.649182	8.649182	8.649182	8.649182	8.697926	10.630926	10.680608	11.221312
4.780	7.326142	7.326142	7.326142	7.326142	8.697926	10.614603	10.663699	11.221312
4.790	5.776934	5.776934	5.776934	5.776934	8.402793	10.304480	10.376237	10.873062
4.800	4.049385	4.049385	4.049385	4.049385	7.828059	9.390432	9.750585	10.873062
4.810	2.196825	2.196825	2.196825	2.196825	7.222259	8.770186	8.820561	9.498391
4.820	0.276447	0.276447	0.276447	0.276447	6.352392	8.133617	7.890538	8.490299
4.830	-1.652466	-1.652466	-1.652466	-1.652466	4.876725	6.925768	6.639234	7.482207
4.840	-3.530365	-3.530365	-3.530365	-3.530365	3.727258	5.375152	5.100468	5.759286
4.850	-5.299276	-5.299276	-5.299276	-5.299276	2.562257	4.134659	3.544792	4.054694
4.860	-6.904592	-6.904592	-6.904592	-6.904592	1.086590	2.290241	2.006026	2.368431
4.870	-8.296755	-8.296755	-8.296755	-8.296755	-0.948277	0.445824	0.145979	-0.014332
4.880	-9.432785	-9.432785	-9.432785	-9.432785	-2.423944	-1.088470	-1.730977	-1.718924
4.890	-10.277613	-10.277613	-10.277613	-10.277613	-4.474345	-3.259333	-3.574114	-4.083358
4.900	-10.805157	-10.805157	-10.805157	-10.805157	-6.214079	-5.103751	-5.434161	-6.154529
4.910	-10.999131	-10.999131	-10.999131	-10.999131	-7.689746	-6.964490	-7.615488	-7.877450
4.920	-10.853548	-10.853548	-10.853548	-10.853548	-9.445014	-8.792586	-9.171164	-9.893634
4.930	-10.372901	-10.372901	-10.372901	-10.372901	-10.314881	-9.722955	-10.101187	-10.571805
4.940	-9.572029	-9.572029	-9.572029	-9.572029	-10.905147	-10.979771	-10.405559	-11.249976
4.950	-8.475656	-8.475656	-8.475656	-8.475656	-10.905147	-11.289894	-10.709930	-11.928147
4.960	-7.117628	-7.117628	-7.117628	-7.117628	-11.200281	-10.979771	-10.709930	-11.598226
4.970	-5.539869	-5.539869	-5.539869	-5.539869	-10.610014	-10.963449	-10.405559	-11.249976
4.980	-3.791088	-3.791088	-3.791088	-3.791088	-10.594481	-10.343202	-10.101187	-10.920055
5.000	-0.000017	-0.000017	-0.000017	-0.000017	-8.854747	-8.498785	-8.528602	-8.537292
5.010	1.925237	1.925237	1.925237	1.925237	-7.394613	-7.258291	-7.294208	-7.162621
5.020	3.791057	3.791057	3.791057	3.791057	-6.229612	-5.723997	-5.738532	-5.806279
5.030	5.539841	5.539841	5.539841	5.539841	-4.753945	-4.499826	-4.504137	-3.753437
5.040	7.117603	7.117603	7.117603	7.117603	-2.998678	-2.949210	-2.322810	-1.700595
5.050	8.475635	8.475635	8.475635	8.475635	-1.538544	-1.104792	-0.784044	0.315589
5.060	9.572013	9.572013	9.572013	9.572013	0.496323	0.755947	1.380374	2.698352
5.070	10.372890	10.372890	10.372890	10.372890	2.267124	2.290241	2.936050	4.421273
5.080	10.853543	10.853543	10.853543	10.853543	4.317525	4.444782	5.404839	6.455786
5.090	10.999132	10.999132	10.999132	10.999132	5.777658	6.305522	6.977424	8.490299
5.100	10.805163	10.805163	10.805163	10.805163	7.517392	8.149939	8.837471	10.213220
5.110	10.277624	10.277624	10.277624	10.277624	8.402793	9.080309	9.767494	11.221312
5.120	9.432802	9.432802	9.432802	9.432802	8.402793	10.630926	10.071865	11.551233
5.130	8.296776	8.296776	8.296776	8.296776	8.697926	10.908404	10.376237	11.221312
5.140	6.904618	6.904618	6.904618	6.904618	8.697926	10.941049	10.376237	11.551233
5.150	5.299305	5.299305	5.299305	5.299305	8.387259	10.320802	10.071865	10.891391
5.160	3.530396	3.530396	3.530396	3.530396	7.812526	9.684233	9.750585	10.524812
5.170	1.652498	1.652498	1.652498	1.652498	7.237792	8.770186	8.837471	9.516720
5.180	-0.276414	-0.276414	-0.276414	-0.276414	5.762125	7.823494	7.907447	8.160378
5.190	-2.196793	-2.196793	-2.196793	-2.196793	4.892258	6.305522	6.673053	7.152286
5.200	-4.049354	-4.049354	-4.049354	-4.049354	3.416591	4.754905	5.117377	5.117773
5.210	-5.776906	-5.776906	-5.776906	-5.776906	1.971990	3.220611	3.240421	3.394852
5.220	-7.326118	-7.326118	-7.326118	-7.326118	0.216723	1.669995	1.701655	1.690260
5.230	-8.649162	-8.649162	-8.649162	-8.649162	-1.258944	-0.174423	-0.158392	-0.710832
5.240	-9.705195	-9.705195	-9.705195	-9.705195	-3.309345	-2.018840	-2.339719	-2.397095
5.250	-10.461616	-10.461616	-10.461616	-10.461616	-5.049079	-3.895902	-4.182857	-4.449937
5.260	-10.895073	-10.895073	-10.895073	-10.895073	-6.804346	-6.034121	-6.076722	-6.484450
5.270	-10.992185	-10.992185	-10.992185	-10.992185	-8.248947	-7.568415	-7.919860	-8.537292
5.280	-10.749953	-10.749953	-10.749953	-10.749953	-10.004214	-9.119031	-9.458626	-10.241884
5.290	-10.175856	-10.175856	-10.175856	-10.175856	-10.314881	-10.326880	-10.422468	-10.901726
5.300	-9.287617	-9.287617	-9.287617	-9.287617	-10.905147	-11.273572	-10.709930	-10.901726
5.310	-8.112656	-8.112656	-8.112656	-8.112656	-11.184748	-11.567373	-11.014301	-11.231647
5.320	-6.687247	-6.687247	-6.687247	-6.687247	-11.184748	-11.289894	-10.709930	-11.249976
5.330	-5.055394	-5.055394	-5.055394	-5.055394	-10.920681	-10.669648	-10.388649	-10.901726
5.340	-3.267474	-3.267474	-3.267474	-3.267474	-10.314881	-10.049401	-9.779906	-10.920055
5.350	-1.378683	-1.378683	-1.378683	-1.378683	-9.429480	-9.445477	-9.154254	-9.893634
5.360	0.552670	0.552670	0.552670	0.552670	-8.280013	-8.188661	-8.207321	-8.189042
5.370	2.466961	2.466961	2.466961	2.466961	-7.394613	-6.964490	-6.685465	-6.851029
5.380	4.305094	4.305094	4.305094	4.305094	-5.639346	-5.413874	-5.451070	-5.128108
5.390	6.010323	6.010323	6.010323	6.010323	-4.474345	-3.879580	-3.591024	-3.423516
5.400	7.530005	7.530005	7.530005	7.530005	-2.719078	-2.345286	-1.697158	-1.737253
5.410	8.817226	8.817226	8.817226	8.817226	-0.963811	-0.484546	0.129070	0.645510
5.420	9.832248	9.832248	9.832248	9.832248	1.086590	1.359872	2.006026	2.698352
5.430	10.543735	10.543735	10.543735	10.543735	2.857391	2.894166	3.866073	5.081115
5.440	10.929722	10.929722	10.929722	10.929722	4.597125	5.065029	5.726120	6.785707
5.450	10.978295	10.978295	10.978295	10.978295	6.367925	6.909446	7.603076	8.838549
5.460	10.687953	10.687953	10.687953	10.687953	7.812526	8.460063	9.141842	10.873062
5.470	10.067660	10.067660	10.067660	10.067660	8.697926	9.390432	10.376237	11.881154
5.480	9.136565	9.136565	9.136565	9.136565	8.713459	10.924727	10.393146	11.551233
5.490	7.923412	7.923412	7.923412	7.923412	8.697926	10.924727	10.376237	11.551233
5.500	6.465652	6.465652	6.465652	6.465652	8.713459	10.924727	10.071865	11.221312
5.510	4.808290	4.808290	4.808290	4.808290	8.418326	10.630926	10.071865	10.873062
5.520	3.002489	3.002489	3.002489	3.002489	7.532926	9.700556	9.767494	10.194891
5.530	1.103997	1.103997	1.103997	1.103997	6.942659	8.770186	8.837471	9.186799
5.540	-0.828577	-0.828577	-0.828577	-0.828577	5.482525	7.235892	7.603076	7.812128
5.550	-2.735571	-2.735571	-2.735571	-2.735571	4.317525	5.979076	6.351772	6.474115
5.560	-4.558115	-4.558115	-4.558115	-4.558115	2.841857	4.444782	4.474816	4.751194
5.570	-6.239943	-6.239943	-6.239943	-6.239943	1.676857	2.926810	2.614769	3.028273
5.580	-7.729137	-7.729137	-7.729137	-7.729137	-0.062877	1.066070	1.076003	1.342010
5.590	-8.979721	-8.979721	-8.979721	-8.979721	-1.818144	-0.484546	-1.105325	-1.040753
5.600	-9.953090	-9.953090	-9.953090	-9.953090	-3.588945	-2.639087	-2.948462	-3.405187
5.610	-10.619193	-10.619193	-10.619193	-10.619193	-5.328679	-4.499826	-4.791599	-5.091450
5.620	-10.957468	-10.957468	-10.957468	-10.957468	-7.099479	-6.344244	-6.651646	-7.510871
5.630	-10.957471	-10.957471	-10.957471	-10.957471	-8.839213	-8.188661	-8.528602	-9.215463
5.640	-10.619203	-10.619203	-10.619203	-10.619203	-10.299347	-9.739278	-10.388649	-10.590134
5.650	-9.953106	-9.953106	-9.953106	-9.953106	-10.594481	-10.343202	-10.709930	-11.268305
5.660	-8.979743	-8.979743	-8.979743	-8.979743	-11.184748	-11.273572	-11.014301	-11.268305
5.670	-7.729163	-7.729163	-7.729163	-7.729163	-11.169214	-11.273572	-10.693020	-11.249976
5.680	-6.239974	-6.239974	-6.239974	-6.239974	-11.153681	-10.979771	-10.709930	-11.249976
5.690	-4.558148	-4.558148	-4.558148	-4.558148	-10.594481	-10.653325	-10.388649	-10.920055
5.700	-2.735607	-2.735607	-2.735607	-2.735607	-10.004214	-9.755600	-9.779906	-10.590134
5.710	-0.828614	-0.828614	-0.828614	-0.828614	-9.134347	-9.119031	-9.137345	-9.563713
5.720	1.103960	1.103960	1.103960	1.103960	-8.248947	-7.878538	-7.902950	-7.859121
5.730	3.002453	3.002453	3.002453	3.002453	-6.788813	-6.654367	-6.364184	-6.466121
5.740	4.808256	4.808256	4.808256	4.808256	-5.344212	-5.120073	-4.808509	-4.431608
5.750	6.465622	6.465622	6.465622	6.465622	-3.884078	-3.569457	-3.269743	-2.727016
5.760	7.923386	7.923386	7.923386	7.923386	-1.849211	-2.035162	-1.714067	-0.692503
5.770	9.136544	9.136544	9.136544	9.136544	-0.373544	-0.190745	0.162889	1.360339
5.780	10.067645	10.067645	10.067645	10.067645	1.381724	1.686317	2.327307	3.743102
5.790	10.687945	10.687945	10.687945	10.687945	3.432124	3.530735	4.204263	5.777615
5.800	10.978293	10.978293	10.978293	10.978293	5.187392	5.358830	6.334862	7.812128
5.810	10.929727	10.929727	10.929727	10.929727	6.942659	7.219569	7.890538	9.168470
5.820	10.543745	10.543745	10.543745	10.543745	8.402793	8.770186	9.767494	10.873062
5.830	9.832264	9.832264	9.832264	9.832264	9.288193	9.684233	10.376237	11.221312
5.840	8.817248	8.817248	8.817248	8.817248	8.993060	10.304480	10.680608	11.221312
5.850	7.530032	7.530032	7.530032	7.530032	8.993060	10.320802	10.697518	11.569562
5.860	6.010354	6.010354	6.010354	6.010354	8.682393	10.320802	10.697518	11.221312
5.870	4.305128	4.305128	4.305128	4.305128	7.812526	10.010679	9.767494	10.873062
5.880	2.466997	2.466997	2.466997	2.466997	7.222259	9.080309	9.158752	9.864970
5.890	0.552707	0.552707	0.552707	0.552707	6.352392	8.443740	8.228728	8.838549
5.900	-1.378646	-1.378646	-1.378646	-1.378646	4.892258	6.925768	6.656143	7.482207
5.910	-3.267439	-3.267439	-3.267439	-3.267439	4.006858	5.668953	5.743029	6.107536
5.920	-5.055361	-5.055361	-5.055361	-5.055361	2.562257	4.461104	3.866073	4.054694
5.930	-6.687218	-6.687218	-6.687218	-6.687218	1.086590	2.584042	2.631678	2.350102
5.940	-8.112631	-8.112631	-8.112631	-8.112631	-0.668677	0.755947	0.162889	0.333918
5.950	-9.287597	-9.287597	-9.287597	-9.287597	-2.439478	-0.778347	-1.392786	-1.737253
5.960	-10.175842	-10.175842	-10.175842	-10.175842	-4.179212	-2.949210	-3.252833	-3.441845
5.970	-10.749945	-10.749945	-10.749945	-10.749945	-5.918946	-4.793627	-5.434161	-5.806279
5.980	-10.992183	-10.992183	-10.992183	-10.992183	-7.689746	-6.654367	-7.294208	-7.529200
5.990	-10.895078	-10.895078	-10.895078	-10.895078	-9.445014	-8.498785	-8.832974	-9.563713
6.000	-10.461628	-10.461628	-10.461628	-10.461628	-10.610014	-10.049401	-10.693020	-10.920055
6.010	-9.705213	-9.705213	-9.705213	-9.705213	-10.905147	-10.669648	-11.335582	-11.946476
6.020	-8.649185	-8.649185	-8.649185	-8.649185	-11.184748	-10.963449	-11.014301	-11.598226
6.030	-7.326145	-7.326145	-7.326145	-7.326145	-11.200281	-11.289894	-11.014301	-11.598226
6.040	-5.776938	-5.776938	-5.776938	-5.776938	-11.200281	-10.979771	-10.693020	-11.598226
6.050	-4.049389	-4.049389	-4.049389	-4.049389	-10.889614	-10.359524	-10.388649	-11.249976
6.060	-2.196829	-2.196829	-2.196829	-2.196829	-10.019747	-9.722955	-9.779906	-10.241884
6.070	-0.276451	-0.276451	-0.276451	-0.276451	-8.839213	-8.808908	-8.849883	-9.215463
6.080	1.652462	1.652462	1.652462	1.652462	-7.984880	-7.568415	-7.598579	-7.510871
6.090	3.530361	3.530361	3.530361	3.530361	-6.804346	-6.327922	-6.042903	-5.806279
6.100	5.299273	5.299273	5.299273	5.299273	-5.049079	-4.809950	-4.504137	-4.120016
6.110	6.904589	6.904589	6.904589	6.904589	-3.588945	-3.259333	-2.627181	-2.048845
6.120	8.296752	8.296752	8.296752	8.296752	-1.538544	-1.398594	-1.088415	-0.014332
6.130	9.432783	9.432783	9.432783	9.432783	-0.093944	0.135701	1.076003	2.368431
6.140	10.277611	10.277611	10.277611	10.277611	1.971990	2.290241	2.936050	4.054694
6.150	10.805156	10.805156	10.805156	10.805156	3.727258	4.150981	5.100468	6.107536
6.160	10.999131	10.999131	10.999131	10.999131	5.777658	6.011721	6.977424	8.160378
6.170	10.853549	10.853549	10.853549	10.853549	7.222259	7.546015	8.516190	9.498391
6.180	10.372903	10.372903	10.372903	10.372903	8.977526	9.080309	10.071865	10.891391
6.190	9.572031	9.572031	9.572031	9.572031	9.552260	9.684233	11.018798	11.202983
6.200	8.475659	8.475659	8.475659	8.475659	9.288193	10.304480	11.001889	11.221312
6.210	7.117631	7.117631	7.117631	7.117631	8.993060	10.304480	10.680608	11.221312
6.220	5.539873	5.539873	5.539873	5.539873	8.697926	10.010679	10.376237	11.239641
6.230	3.791091	3.791091	3.791091	3.791091	7.812526	10.010679	9.750585	10.524812
6.240	1.925274	1.925274	1.925274	1.925274	6.942659	8.770186	9.141842	9.864970
6.250	0.000021	0.000021	0.000021	0.000021	5.762125	7.839816	7.603076	8.508628
6.260	-1.925233	-1.925233	-1.925233	-1.925233	4.612658	6.599323	6.064310	7.133957
6.270	-3.791053	-3.791053	-3.791053	-3.791053	3.432124	5.375152	4.813006	5.759286
6.280	-5.539837	-5.539837	-5.539837	-5.539837	1.971990	3.857180	2.936050	3.724773
6.290	-7.117600	-7.117600	-7.117600	-7.117600	0.511857	2.290241	1.701655	1.690260
6.300	-8.475632	-8.475632	-8.475632	-8.475632	-1.243411	0.445824	-0.479673	-0.032661
6.310	-9.572011	-9.572011	-9.572011	-9.572011	-2.998678	-1.725039	-2.018439	-2.067174
6.320	-10.372889	-10.372889	-10.372889	-10.372889	-4.769479	-3.259333	-4.199766	-4.101687
6.330	-10.853542	-10.853542	-10.853542	-10.853542	-6.509213	-5.397552	-6.042903	-6.502779
6.340	-10.999132	-10.999132	-10.999132	-10.999132	-8.280013	-7.258291	-7.886041	-8.189042
6.350	-10.805164	-10.805164	-10.805164	-10.805164	-9.724614	-8.808908	-9.137345	-9.563713
6.360	-10.277626	-10.277626	-10.277626	-10.277626	-10.874081	-10.343202	-10.388649	-10.920055
6.370	-9.432804	-9.432804	-9.432804	-9.432804	-11.479881	-10.979771	-10.997392	-11.598226
6.380	-8.296779	-8.296779	-8.296779	-8.296779	-11.479881	-10.979771	-11.014301	-11.598226
6.390	-6.904621	-6.904621	-6.904621	-6.904621	-11.479881	-10.963449	-11.014301	-11.579897
6.400	-5.299309	-5.299309	-5.299309	-5.299309	-11.184748	-10.963449	-10.371740	-11.249976
6.410	-3.530400	-3.530400	-3.530400	-3.530400	-10.314881	-10.033079	-10.084278	-10.920055
6.420	-1.652502	-1.652502	-1.652502	-1.652502	-9.445014	-9.429154	-9.458626	-9.545384
6.430	0.276410	0.276410	0.276410	0.276410	-8.559613	-8.498785	-8.224231	-8.537292
6.440	2.196789	2.196789	2.196789	2.196789	-7.379080	-7.274614	-6.989836	-7.510871
6.450	4.049350	4.049350	4.049350	4.049350	-6.229612	-6.034121	-5.738532	-5.476358
6.460	5.776903	5.776903	5.776903	5.776903	-4.458812	-4.499826	-3.878485	-3.423516
6.470	7.326115	7.326115	7.326115	7.326115	-2.998678	-2.655409	-2.322810	-1.737253
6.480	8.649160	8.649160	8.649160	8.649160	-1.258944	-0.794669	-0.462763	0.663839
6.490	9.705193	9.705193	9.705193	9.705193	0.511857	0.739625	1.397284	2.698352
6.500	10.461615	10.461615	10.461615	10.461615	2.562257	2.616687	3.561702	4.732865
6.510	10.895073	10.895073	10.895073	10.895073	4.301991	4.444782	5.117377	6.785707
6.520	10.992185	10.992185	10.992185	10.992185	6.072792	6.615645	7.264886	8.490299
6.530	10.749954	10.749954	10.749954	10.749954	7.237792	7.839816	8.837471	10.194891
6.540	10.175857	10.175857	10.175857	10.175857	8.402793	9.700556	10.376237	11.221312
6.550	9.287619	9.287619	9.287619	9.287619	8.993060	9.994357	11.306260	11.202983
6.560	8.112659	8.112659	8.112659	8.112659	8.682393	10.288158	11.644450	11.221312
6.570	6.687250	6.687250	6.687250	6.687250	8.993060	10.304480	11.323170	11.221312
6.580	5.055398	5.055398	5.055398	5.055398	8.418326	9.978034	10.697518	11.221312
6.590	3.267478	3.267478	3.267478	3.267478	7.532926	9.684233	9.750585	10.176562
6.600	1.378687	1.378687	1.378687	1.378687	6.631992	8.753864	8.837471	9.168470
6.610	-0.552666	-0.552666	-0.552666	-0.552666	5.777658	7.823494	7.281795	8.508628
6.620	-2.466957	-2.466957	-2.466957	-2.466957	4.317525	6.289200	5.743029	6.437457
6.630	-4.305090	-4.305090	-4.305090	-4.305090	3.416591	4.754905	4.508635	5.429365
6.640	-6.010319	-6.010319	-6.010319	-6.010319	1.676857	3.220611	2.631678	3.046602
6.650	-7.530002	-7.530002	-7.530002	-7.530002	0.201190	1.669995	1.092912	1.342010
6.660	-8.817224	-8.817224	-8.817224	-8.817224	-1.538544	-0.190745	-0.784044	-0.710832
6.670	-9.832246	-9.832246	-9.832246	-9.832246	-3.293811	-2.345286	-2.644091	-3.093595
6.680	-10.543733	-10.543733	-10.543733	-10.543733	-5.328679	-4.189703	-4.487228	-5.146437
6.690	-10.929722	-10.929722	-10.929722	-10.929722	-6.788813	-5.740319	-6.364184	-6.832700
6.700	-10.978295	-10.978295	-10.978295	-10.978295	-8.544080	-7.601059	-8.224231	-8.867213
6.710	-10.687954	-10.687954	-10.687954	-10.687954	-9.724614	-9.102709	-9.458626	-10.223555
6.720	-10.067662	-10.067662	-10.067662	-10.067662	-10.594481	-10.359524	-10.371740	-11.231647
6.730	-9.136567	-9.136567	-9.136567	-9.136567	-10.889614	-10.963449	-11.014301	-11.928147
6.740	-7.923415	-7.923415	-7.923415	-7.923415	-11.200281	-10.963449	-11.014301	-11.598226
6.750	-6.465656	-6.465656	-6.465656	-6.465656	-11.184748	-10.963449	-10.709930	-11.598226
6.760	-4.808294	-4.808294	-4.808294	-4.808294	-10.889614	-10.685970	-10.388649	-11.268305
6.770	-3.002493	-3.002493	-3.002493	-3.002493	-10.004214	-10.049401	-10.067368	-10.590134
6.780	-1.104001	-1.104001	-1.104001	-1.104001	-9.429480	-9.119031	-9.154254	-9.545384
6.790	0.828573	0.828573	0.828573	0.828573	-8.264480	-8.188661	-8.207321	-8.189042
6.800	2.735567	2.735567	2.735567	2.735567	-7.099479	-6.654367	-6.668555	-6.484450
6.810	4.558111	4.558111	4.558111	4.558111	-5.934479	-5.413874	-5.434161	-4.779858
6.820	6.239940	6.239940	6.239940	6.239940	-3.884078	-3.879580	-3.574114	-2.745345
6.830	7.729134	7.729134	7.729134	7.729134	-2.703545	-2.345286	-1.697158	-0.692503
6.840	8.979719	8.979719	8.979719	8.979719	-0.668677	-0.500868	0.162889	1.342010
6.850	9.953088	9.953088	9.953088	9.953088	1.102123	1.376194	2.006026	3.724773
6.860	10.619192	10.619192	10.619192	10.619192	2.841857	3.204289	4.170444	5.466023
6.870	10.957468	10.957468	10.957468	10.957468	4.892258	5.081351	6.047401	7.133957
6.880	10.957472	10.957472	10.957472	10.957472	6.352392	6.925768	7.586167	9.168470
6.890	10.619204	10.619204	10.619204	10.619204	7.812526	8.770186	9.141842	10.543141
6.900	9.953107	9.953107	9.953107	9.953107	8.682393	10.010679	10.071865	10.873062
6.910	8.979745	8.979745	8.979745	8.979745	8.977526	10.598281	10.697518	11.221312
6.920	7.729166	7.729166	7.729166	7.729166	8.682393	10.614603	10.697518	11.221312
6.930	6.239977	6.239977	6.239977	6.239977	8.697926	10.304480	10.680608	10.873062
6.940	4.558152	4.558152	4.558152	4.558152	8.402793	10.320802	10.054956	10.873062
6.950	2.735611	2.735611	2.735611	2.735611	7.517392	9.374110	9.141842	10.194891
6.960	0.828618	0.828618	0.828618	0.828618	6.631992	8.460063	8.194909	9.186799
6.970	-1.103956	-1.103956	-1.103956	-1.103956	5.498058	7.529693	6.977424	7.812128
6.980	-3.002449	-3.002449	-3.002449	-3.002449	4.006858	5.995399	5.421749	6.107536
6.990	-4.808253	-4.808253	-4.808253	-4.808253	2.857391	4.444782	4.170444	4.732865
7.000	-6.465619	-6.465619	-6.465619	-6.465619	1.086590	2.910488	2.310398	3.046602
7.010	-7.923383	-7.923383	-7.923383	-7.923383	-0.373544	1.066070	0.771632	0.993760
7.020	-9.136542	-9.136542	-9.136542	-9.136542	-2.128811	-0.484546	-1.409696	-1.389003
7.030	-10.067644	-10.067644	-10.067644	-10.067644	-4.163678	-2.655409	-3.269743	-3.441845
7.040	-10.687944	-10.687944	-10.687944	-10.687944	-5.623812	-4.499826	-5.112880	-5.806279
7.050	-10.978293	-10.978293	-10.978293	-10.978293	-7.379080	-6.344244	-6.989836	-7.529200
7.060	-10.929727	-10.929727	-10.929727	-10.929727	-9.134347	-8.204984	-8.528602	-9.215463
7.070	-10.543746	-10.543746	-10.543746	-10.543746	-10.019747	-9.755600	-9.762997	-10.571805
7.080	-9.832266	-9.832266	-9.832266	-9.832266	-10.889614	-10.653325	-10.371740	-11.616555
7.090	-8.817251	-8.817251	-8.817251	-8.817251	-11.479881	-10.963449	-10.693020	-11.928147
7.100	-7.530035	-7.530035	-7.530035	-7.530035	-11.479881	-10.947126	-11.014301	-11.928147
7.110	-6.010357	-6.010357	-6.010357	-6.010357	-10.905147	-10.963449	-10.693020	-11.598226
7.120	-4.305132	-4.305132	-4.305132	-4.305132	-10.889614	-10.359524	-10.405559	-11.268305
7.130	-2.467001	-2.467001	-2.467001	-2.467001	-9.709080	-9.722955	-9.779906	-10.223555
7.140	-0.552711	-0.552711	-0.552711	-0.552711	-9.134347	-8.792586	-8.849883	-8.885542
7.150	1.378642	1.378642	1.378642	1.378642	-8.280013	-7.894860	-7.919860	-7.510871
7.160	3.267435	3.267435	3.267435	3.267435	-6.509213	-6.344244	-6.076722	-5.824608
7.170	5.055357	5.055357	5.055357	5.055357	-5.344212	-5.413874	-4.825418	-4.101687
7.180	6.687214	6.687214	6.687214	6.687214	-3.573412	-3.259333	-2.965371	-2.397095
7.190	8.112628	8.112628	8.112628	8.112628	-2.113278	-2.035162	-1.105325	-0.362582
7.200	9.287594	9.287594	9.287594	9.287594	-0.062877	-0.174423	0.754722	1.690260
7.210	10.175840	10.175840	10.175840	10.175840	1.676857	1.963796	2.614769	4.073023
7.220	10.749944	10.749944	10.749944	10.749944	3.432124	3.824536	4.796096	6.107536
7.230	10.992183	10.992183	10.992183	10.992183	5.482525	5.358830	6.639234	8.142049
7.240	10.895079	10.895079	10.895079	10.895079	7.237792	7.219569	8.516190	10.194891
7.250	10.461629	10.461629	10.461629	10.461629	8.107659	8.753864	9.141842	10.873062
7.260	9.705215	9.705215	9.705215	9.705215	8.697926	9.994357	10.376237	11.221312
7.270	8.649188	8.649188	8.649188	8.649188	8.993060	10.304480	10.359327	11.551233
7.280	7.326148	7.326148	7.326148	7.326148	8.697926	10.304480	10.697518	11.221312
7.290	5.776941	5.776941	5.776941	5.776941	8.682393	10.304480	10.680608	10.891391
7.300	4.049392	4.049392	4.049392	4.049392	7.812526	9.684233	10.038046	10.543141
7.310	2.196833	2.196833	2.196833	2.196833	7.222259	9.080309	9.124933	9.864970
7.320	0.276455	0.276455	0.276455	0.276455	6.352392	7.839816	8.211819	8.490299
7.330	-1.652458	-1.652458	-1.652458	-1.652458	4.892258	6.909446	6.960514	7.482207
7.340	-3.530357	-3.530357	-3.530357	-3.530357	3.727258	5.685275	5.100468	5.429365
7.350	-5.299269	-5.299269	-5.299269	-5.299269	2.546724	3.840858	3.561702	4.054694
7.360	-6.904586	-6.904586	-6.904586	-6.904586	0.791457	2.290241	2.006026	2.386760
7.370	-8.296749	-8.296749	-8.296749	-8.296749	-0.963811	0.445824	0.145979	0.333918
7.380	-9.432781	-9.432781	-9.432781	-9.432781	-2.719078	-1.398594	-1.714067	-1.737253
7.390	-10.277610	-10.277610	-10.277610	-10.277610	-4.474345	-3.259333	-3.574114	-4.120016
7.400	-10.805155	-10.805155	-10.805155	-10.805155	-6.229612	-5.413874	-5.738532	-5.806279
7.410	-10.999131	-10.999131	-10.999131	-10.999131	-7.674213	-6.948168	-7.294208	-8.207371
7.420	-10.853549	-10.853549	-10.853549	-10.853549	-9.429480	-8.498785	-9.458626	-9.545384
7.430	-10.372904	-10.372904	-10.372904	-10.372904	-10.330414	-9.412832	-10.084278	-10.571805
7.440	-9.572033	-9.572033	-9.572033	-9.572033	-11.184748	-10.359524	-10.405559	-11.268305
7.450	-8.475661	-8.475661	-8.475661	-8.475661	-11.495414	-10.979771	-10.709930	-11.598226
7.460	-7.117634	-7.117634	-7.117634	-7.117634	-11.169214	-10.637003	-10.405559	-11.249976
7.470	-5.539877	-5.539877	-5.539877	-5.539877	-10.889614	-10.669648	-10.388649	-11.268305
7.480	-3.791095	-3.791095	-3.791095	-3.791095	-10.594481	-10.049401	-10.084278	-10.901726
7.490	-1.925278	-1.925278	-1.925278	-1.925278	-9.724614	-9.429154	-9.475535	-10.260213
7.510	1.925229	1.925229	1.925229	1.925229	-7.674213	-7.584737	-7.311117	-7.180950
7.520	3.791049	3.791049	3.791049	3.791049	-6.214079	-6.034121	-5.755442	-5.458029
7.530	5.539834	5.539834	5.539834	5.539834	-5.049079	-4.793627	-4.199766	-3.423516
7.540	7.117597	7.117597	7.117597	7.117597	-2.998678	-2.965532	-2.339719	-1.718924
7.550	8.475630	8.475630	8.475630	8.475630	-1.243411	-1.398594	-0.479673	-0.014332
7.560	9.572009	9.572009	9.572009	9.572009	0.496323	0.755947	1.076003	2.350102
7.570	10.372888	10.372888	10.372888	10.372888	1.971990	2.306564	3.257330	4.421273
7.580	10.853541	10.853541	10.853541	10.853541	4.301991	4.444782	5.421749	6.804036
7.590	10.999132	10.999132	10.999132	10.999132	5.777658	6.305522	6.960514	8.508628
7.600	10.805164	10.805164	10.805164	10.805164	7.253326	7.823494	8.820561	10.194891
7.610	10.277627	10.277627	10.277627	10.277627	8.402793	9.096631	9.750585	11.202983
7.620	9.432806	9.432806	9.432806	9.432806	8.418326	10.010679	10.071865	11.202983
7.630	8.296782	8.296782	8.296782	8.296782	8.697926	10.010679	10.393146	11.202983
7.640	6.904625	6.904625	6.904625	6.904625	8.697926	10.320802	10.393146	11.221312
7.650	5.299313	5.299313	5.299313	5.299313	8.418326	9.994357	10.071865	10.873062
7.660	3.530404	3.530404	3.530404	3.530404	7.828059	9.390432	9.750585	10.524812
7.670	1.652507	1.652507	1.652507	1.652507	6.942659	8.770186	8.820561	9.516720
7.680	-0.276406	-0.276406	-0.276406	-0.276406	5.777658	7.529693	7.890538	8.160378
7.690	-2.196785	-2.196785	-2.196785	-2.196785	4.907791	6.599323	6.656143	7.463878
7.700	-4.049346	-4.049346	-4.049346	-4.049346	3.432124	5.081351	4.796096	5.099444
7.710	-5.776899	-5.776899	-5.776899	-5.776899	1.971990	3.530735	3.257330	4.073023
7.720	-7.326112	-7.326112	-7.326112	-7.326112	0.511857	1.980118	1.684745	1.690260
7.730	-8.649157	-8.649157	-8.649157	-8.649157	-1.243411	0.119378	-0.175301	-0.710832
7.740	-9.705191	-9.705191	-9.705191	-9.705191	-2.998678	-2.018840	-2.339719	-2.397095
7.750	-10.461614	-10.461614	-10.461614	-10.461614	-4.738412	-3.569457	-4.504137	-4.779858
7.760	-10.895072	-10.895072	-10.895072	-10.895072	-6.493679	-5.430196	-6.042903	-6.484450
7.770	-10.992185	-10.992185	-10.992185	-10.992185	-8.264480	-7.584737	-8.224231	-8.867213
7.780	-10.749955	-10.749955	-10.749955	-10.749955	-10.004214	-9.119031	-9.779906	-10.571805
7.790	-10.175859	-10.175859	-10.175859	-10.175859	-10.299347	-9.739278	-10.388649	-10.920055
7.800	-9.287621	-9.287621	-9.287621	-9.287621	-10.594481	-10.049401	-11.031211	-11.249976
7.810	-8.112662	-8.112662	-8.112662	-8.112662	-11.169214	-10.359524	-10.709930	-11.598226
7.820	-6.687254	-6.687254	-6.687254	-6.687254	-10.889614	-10.669648	-10.726839	-11.249976
7.830	-5.055401	-5.055401	-5.055401	-5.055401	-10.874081	-10.359524	-10.405559	-11.249976
7.840	-3.267482	-3.267482	-3.267482	-3.267482	-10.594481	-10.033079	-9.779906	-10.571805
7.850	-1.378691	-1.378691	-1.378691	-1.378691	-9.429480	-9.119031	-9.171164	-9.563713
7.860	0.552662	0.552662	0.552662	0.552662	-8.264480	-8.172339	-8.224231	-8.189042
7.870	2.466953	2.466953	2.466953	2.466953	-7.379080	-7.258291	-6.685465	-6.814371
7.880	4.305086	4.305086	4.305086	4.305086	-5.623812	-5.707675	-5.434161	-5.146437
7.890	6.010316	6.010316	6.010316	6.010316	-4.458812	-4.206025	-3.895395	-3.441845
7.900	7.529999	7.529999	7.529999	7.529999	-2.703545	-2.312641	-2.018439	-1.407332
7.910	8.817221	8.817221	8.817221	8.817221	-0.948277	-0.810991	-0.175301	0.645510
7.920	9.832244	9.832244	9.832244	9.832244	1.102123	1.066070	1.701655	3.046602
7.930	10.543732	10.543732	10.543732	10.543732	2.841857	2.926810	3.544792	5.081115
7.940	10.929721	10.929721	10.929721	10.929721	4.597125	4.771228	5.726120	7.152286
7.950	10.978296	10.978296	10.978296	10.978296	6.352392	6.615645	7.247976	9.168470
7.960	10.687955	10.687955	10.687955	10.687955	7.812526	8.443740	9.124933	11.221312
7.970	10.067663	10.067663	10.067663	10.067663	8.697926	9.080309	10.071865	11.899483
7.980	9.136570	9.136570	9.136570	9.136570	8.697926	10.010679	10.376237	11.899483
7.990	7.923418	7.923418	7.923418	7.923418	8.977526	9.994357	10.054956	11.551233
8.000	6.465659	6.465659	6.465659	6.465659	8.697926	10.010679	10.071865	11.569562
8.010	4.808297	4.808297	4.808297	4.808297	8.402793	10.010679	10.054956	10.854733
8.020	3.002497	3.002497	3.002497	3.002497	7.828059	9.374110	9.767494	10.194891
8.030	1.104005	1.104005	1.104005	1.104005	6.663059	8.460063	8.820561	9.168470
8.040	-0.828568	-0.828568	-0.828568	-0.828568	5.793192	7.203247	7.586167	7.812128
8.050	-2.735563	-2.735563	-2.735563	-2.735563	4.612658	6.321844	6.351772	6.804036
8.060	-4.558107	-4.558107	-4.558107	-4.558107	2.857391	4.771228	4.474816	4.402944
8.070	-6.239937	-6.239937	-6.239937	-6.239937	1.397257	3.220611	2.936050	3.046602
8.080	-7.729131	-7.729131	-7.729131	-7.729131	-0.062877	1.376194	1.076003	1.012089
8.090	-8.979716	-8.979716	-8.979716	-8.979716	-1.818144	-0.174423	-0.784044	-1.040753
8.100	-9.953086	-9.953086	-9.953086	-9.953086	-3.573412	-2.328963	-2.965371	-3.093595
8.110	-10.619191	-10.619191	-10.619191	-10.619191	-5.328679	-4.189703	-4.808509	-5.128108
8.120	-10.957467	-10.957467	-10.957467	-10.957467	-7.394613	-6.034121	-6.685465	-7.510871
8.130	-10.957472	-10.957472	-10.957472	-10.957472	-8.839213	-7.894860	-8.224231	-9.215463
8.140	-10.619205	-10.619205	-10.619205	-10.619205	-10.299347	-9.722955	-10.101187	-10.571805
8.150	-9.953109	-9.953109	-9.953109	-9.953109	-10.578947	-10.359524	-10.709930	-11.579897
8.160	-8.979747	-8.979747	-8.979747	-8.979747	-10.889614	-10.343202	-10.709930	-11.249976
8.170	-7.729169	-7.729169	-7.729169	-7.729169	-11.184748	-10.375847	-10.709930	-11.616555
8.180	-6.239981	-6.239981	-6.239981	-6.239981	-10.889614	-10.669648	-10.709930	-11.268305
8.190	-4.558156	-4.558156	-4.558156	-4.558156	-10.578947	-10.033079	-10.422468	-11.268305
8.200	-2.735615	-2.735615	-2.735615	-2.735615	-10.019747	-9.429154	-9.762997	-10.590134
8.210	-0.828622	-0.828622	-0.828622	-0.828622	-9.445014	-8.808908	-9.154254	-9.545384
8.220	1.103952	1.103952	1.103952	1.103952	-8.264480	-7.894860	-8.224231	-8.189042
8.230	3.002445	3.002445	3.002445	3.002445	-7.099479	-6.638045	-6.364184	-6.851029
8.240	4.808249	4.808249	4.808249	4.808249	-5.344212	-5.413874	-5.129790	-4.798187
8.250	6.465616	6.465616	6.465616	6.465616	-4.163678	-4.189703	-3.574114	-2.745345
8.260	7.923380	7.923380	7.923380	7.923380	-2.113278	-2.018840	-1.392786	-0.710832
8.270	9.136540	9.136540	9.136540	9.136540	-0.358010	-0.484546	0.450351	1.323681
8.280	10.067642	10.067642	10.067642	10.067642	1.397257	1.376194	2.310398	3.376523
8.290	10.687943	10.687943	10.687943	10.687943	3.447658	3.514412	4.153535	5.777615
8.300	10.978292	10.978292	10.978292	10.978292	5.187392	5.375152	6.334862	7.812128
8.310	10.929728	10.929728	10.929728	10.929728	6.958192	6.925768	7.890538	9.535049
8.320	10.543748	10.543748	10.543748	10.543748	8.402793	8.786508	9.429304	10.891391
8.330	9.832268	9.832268	9.832268	9.832268	8.993060	9.390432	10.376237	11.221312
8.340	8.817253	8.817253	8.817253	8.817253	8.993060	10.010679	10.376237	11.569562
8.350	7.530038	7.530038	7.530038	7.530038	8.993060	10.304480	10.359327	11.221312
8.360	6.010361	6.010361	6.010361	6.010361	8.697926	9.994357	10.376237	11.221312
8.370	4.305136	4.305136	4.305136	4.305136	8.107659	9.700556	9.767494	10.873062
8.380	2.467005	2.467005	2.467005	2.467005	7.237792	9.096631	9.141842	9.846641
8.390	0.552715	0.552715	0.552715	0.552715	6.352392	8.460063	8.211819	8.490299
8.400	-1.378638	-1.378638	-1.378638	-1.378638	5.187392	7.235892	6.656143	7.482207
8.410	-3.267431	-3.267431	-3.267431	-3.267431	4.022391	5.995399	5.726120	6.125865
8.420	-5.055354	-5.055354	-5.055354	-5.055354	2.857391	4.444782	3.882983	4.054694
8.430	-6.687211	-6.687211	-6.687211	-6.687211	1.086590	2.600365	2.327307	2.698352
8.440	-8.112625	-8.112625	-8.112625	-8.112625	-0.668677	1.049748	0.467260	0.663839
8.450	-9.287592	-9.287592	-9.287592	-9.287592	-2.392878	-1.104792	-1.697158	-1.700595
8.460	-10.175839	-10.175839	-10.175839	-10.175839	-3.884078	-2.622764	-3.269743	-3.423516
8.470	-10.749943	-10.749943	-10.749943	-10.749943	-5.934479	-4.793627	-5.434161	-5.458029
8.480	-10.992183	-10.992183	-10.992183	-10.992183	-7.689746	-6.670689	-6.989836	-7.529200
8.490	-10.895080	-10.895080	-10.895080	-10.895080	-9.118814	-8.515107	-8.849883	-9.545384
8.500	-10.461630	-10.461630	-10.461630	-10.461630	-10.889614	-9.739278	-10.371740	-11.268305
8.510	-9.705217	-9.705217	-9.705217	-9.705217	-11.464348	-10.359524	-11.318672	-11.598226
8.520	-8.649190	-8.649190	-8.649190	-8.649190	-11.169214	-10.653325	-11.014301	-11.598226
8.530	-7.326152	-7.326152	-7.326152	-7.326152	-11.479881	-10.653325	-11.318672	-11.598226
8.540	-5.776945	-5.776945	-5.776945	-5.776945	-11.464348	-10.669648	-11.014301	-11.579897
8.550	-4.049396	-4.049396	-4.049396	-4.049396	-10.594481	-10.359524	-10.676111	-11.268305
8.560	-2.196837	-2.196837	-2.196837	-2.196837	-10.004214	-9.429154	-9.762997	-10.241884
8.570	-0.276459	-0.276459	-0.276459	-0.276459	-9.149880	-8.792586	-8.849883	-8.867213
8.580	1.652453	1.652453	1.652453	1.652453	-7.969346	-7.878538	-7.598579	-7.510871
8.590	3.530353	3.530353	3.530353	3.530353	-6.819879	-6.654367	-6.059813	-5.806279
8.600	5.299266	5.299266	5.299266	5.299266	-4.753945	-4.793627	-4.521047	-4.101687
8.610	6.904583	6.904583	6.904583	6.904583	-3.588945	-3.259333	-2.661000	-2.067174
8.620	8.296747	8.296747	8.296747	8.296747	-1.833678	-1.708717	-1.105325	-0.014332
8.630	9.432779	9.432779	9.432779	9.432779	-0.078410	0.152023	0.754722	2.020181
8.640	10.277608	10.277608	10.277608	10.277608	1.971990	1.980118	2.919140	4.073023
8.650	10.805154	10.805154	10.805154	10.805154	3.727258	3.840858	5.100468	6.107536
8.660	10.999131	10.999131	10.999131	10.999131	5.482525	5.685275	6.960514	8.142049
8.670	10.853550	10.853550	10.853550	10.853550	7.237792	7.235892	8.516190	9.516720
8.680	10.372905	10.372905	10.372905	10.372905	8.993060	9.096631	10.376237	10.854733
8.690	9.572035	9.572035	9.572035	9.572035	9.272660	9.700556	11.001889	11.202983
8.700	8.475664	8.475664	8.475664	8.475664	9.272660	10.010679	11.001889	11.239641
8.710	7.117637	7.117637	7.117637	7.117637	9.288193	10.320802	11.001889	11.221312
8.720	5.539880	5.539880	5.539880	5.539880	8.697926	10.320802	10.697518	11.202983
8.730	3.791099	3.791099	3.791099	3.791099	7.828059	9.994357	9.446213	10.524812
8.740	1.925282	1.925282	1.925282	1.925282	7.237792	8.770186	9.141842	9.516720
8.750	0.000029	0.000029	0.000029	0.000029	6.072792	8.166262	7.586167	8.490299
8.760	-1.925225	-1.925225	-1.925225	-1.925225	4.317525	6.321844	5.421749	6.455786
8.770	-3.791045	-3.791045	-3.791045	-3.791045	3.432124	5.685275	5.100468	5.777615
8.780	-5.539830	-5.539830	-5.539830	-5.539830	1.971990	3.824536	2.936050	4.091352
8.790	-7.117593	-7.117593	-7.117593	-7.117593	-0.373544	1.376194	0.771632	0.993760
8.800	-8.475627	-8.475627	-8.475627	-8.475627	-1.243411	0.429502	-0.158392	-0.014332
8.810	-9.572007	-9.572007	-9.572007	-9.572007	-3.868545	-2.328963	-2.948462	-3.423516
8.820	-10.372886	-10.372886	-10.372886	-10.372886	-5.639346	-4.173381	-5.129790	-4.798187
8.830	-10.853541	-10.853541	-10.853541	-10.853541	-7.099479	-6.327922	-6.668555	-7.144292
8.840	-10.999132	-10.999132	-10.999132	-10.999132	-8.854747	-8.204984	-8.528602	-9.215463
8.850	-10.805165	-10.805165	-10.805165	-10.805165	-10.314881	-9.445477	-9.779906	-10.590134
8.860	-10.277629	-10.277629	-10.277629	-10.277629	-11.479881	-10.653325	-10.693020	-11.928147
8.870	-9.432808	-9.432808	-9.432808	-9.432808	-11.200281	-10.963449	-10.693020	-11.946476
8.880	-8.296784	-8.296784	-8.296784	-8.296784	-11.479881	-10.963449	-10.693020	-11.946476
8.890	-6.904628	-6.904628	-6.904628	-6.904628	-11.479881	-10.669648	-10.693020	-11.928147
8.900	-5.299316	-5.299316	-5.299316	-5.299316	-10.889614	-10.359524	-10.693020	-11.249976
8.910	-3.530408	-3.530408	-3.530408	-3.530408	-10.004214	-9.739278	-9.762997	-10.223555
8.920	-1.652511	-1.652511	-1.652511	-1.652511	-9.429480	-8.792586	-8.832974	-9.215463
8.930	0.276402	0.276402	0.276402	0.276402	-7.969346	-7.568415	-7.902950	-7.510871
8.940	2.196781	2.196781	2.196781	2.196781	-7.099479	-6.654367	-6.364184	-5.806279
8.950	4.049343	4.049343	4.049343	4.049343	-5.049079	-5.120073	-4.825418	-4.449937
8.960	5.776896	5.776896	5.776896	5.776896	-3.884078	-3.569457	-3.269743	-2.397095
8.970	7.326108	7.326108	7.326108	7.326108	-2.128811	-2.018840	-1.392786	-0.344253
8.980	8.649154	8.649154	8.649154	8.649154	-0.078410	-0.174423	0.450351	1.671931
8.990	9.705190	9.705190	9.705190	9.705190	1.381724	1.669995	2.631678	4.054694
9.000	10.461612	10.461612	10.461612	10.461612	3.152524	3.514412	4.491725	6.107536
9.010	10.895072	10.895072	10.895072	10.895072	5.187392	5.685275	6.656143	7.812128
9.020	10.992185	10.992185	10.992185	10.992185	6.942659	7.219569	8.211819	9.498391
9.030	10.749956	10.749956	10.749956	10.749956	7.828059	8.770186	10.071865	10.873062
9.040	10.175861	10.175861	10.175861	10.175861	8.977526	10.010679	11.306260	11.221312
9.050	9.287623	9.287623	9.287623	9.287623	8.993060	10.010679	11.323170	11.202983
9.060	8.112664	8.112664	8.112664	8.112664	8.993060	10.304480	11.289351	11.202983
9.070	6.687257	6.687257	6.687257	6.687257	8.697926	10.320802	10.697518	11.202983
9.080	5.055405	5.055405	5.055405	5.055405	8.107659	10.010679	10.071865	10.873062
9.090	3.267486	3.267486	3.267486	3.267486	7.237792	9.063987	9.141842	9.864970
9.100	1.378695	1.378695	1.378695	1.378695	6.647525	8.133617	8.194909	8.838549
9.110	-0.552657	-0.552657	-0.552657	-0.552657	5.187392	6.909446	6.639234	7.463878
9.120	-2.466949	-2.466949	-2.466949	-2.466949	3.711724	5.685275	5.404839	5.795944
9.130	-4.305083	-4.305083	-4.305083	-4.305083	2.267124	4.150981	3.866073	4.402944
9.140	-6.010313	-6.010313	-6.010313	-6.010313	1.102123	2.616687	1.989117	2.368431
9.150	-7.529996	-7.529996	-7.529996	-7.529996	-0.948277	0.755947	0.450351	0.315589
9.160	-8.817219	-8.817219	-8.817219	-8.817219	-2.408411	-1.104792	-1.730977	-1.737253
9.170	-9.832242	-9.832242	-9.832242	-9.832242	-4.163678	-3.259333	-3.574114	-4.101687
9.180	-10.543731	-10.543731	-10.543731	-10.543731	-6.214079	-4.777305	-5.755442	-6.136200
9.190	-10.929721	-10.929721	-10.929721	-10.929721	-7.969346	-6.621723	-7.294208	-7.840792
9.200	-10.978296	-10.978296	-10.978296	-10.978296	-9.134347	-8.498785	-9.171164	-9.545384
9.210	-10.687956	-10.687956	-10.687956	-10.687956	-10.314881	-9.722955	-10.084278	-10.571805
9.220	-10.067665	-10.067665	-10.067665	-10.067665	-11.200281	-10.669648	-10.693020	-11.249976
9.230	-9.136572	-9.136572	-9.136572	-9.136572	-11.184748	-10.653325	-11.014301	-11.598226
9.240	-7.923420	-7.923420	-7.923420	-7.923420	-11.184748	-10.963449	-11.031211	-11.249976
9.250	-6.465662	-6.465662	-6.465662	-6.465662	-11.184748	-10.653325	-10.709930	-11.249976
9.260	-4.808301	-4.808301	-4.808301	-4.808301	-10.905147	-10.343202	-10.405559	-11.231647
9.270	-3.002501	-3.002501	-3.002501	-3.002501	-9.724614	-9.396510	-9.779906	-9.875305
9.280	-1.104009	-1.104009	-1.104009	-1.104009	-9.134347	-8.808908	-8.866793	-8.537292
9.290	0.828564	0.828564	0.828564	0.828564	-7.379080	-7.258291	-7.294208	-7.180950
9.300	2.735559	2.735559	2.735559	2.735559	-6.509213	-6.344244	-5.738532	-5.806279
9.310	4.558103	4.558103	4.558103	4.558103	-5.049079	-4.793627	-4.199766	-4.101687
9.320	6.239933	6.239933	6.239933	6.239933	-3.293811	-3.275655	-2.661000	-2.067174
9.330	7.729128	7.729128	7.729128	7.729128	-1.538544	-1.414916	-0.784044	-0.014332
9.340	8.979714	8.979714	8.979714	8.979714	0.216723	0.152023	1.380374	2.368431
9.350	9.953084	9.953084	9.953084	9.953084	1.971990	2.306564	2.919140	4.402944
9.360	10.619190	10.619190	10.619190	10.619190	4.022391	4.150981	5.100468	6.107536
9.370	10.957467	10.957467	10.957467	10.957467	5.777658	5.995399	6.960514	8.160378
9.380	10.957472	10.957472	10.957472	10.957472	6.927126	7.856138	8.803652	9.846641
9.390	10.619206	10.619206	10.619206	10.619206	8.107659	9.406755	9.446213	10.873062
9.400	9.953111	9.953111	9.953111	9.953111	8.977526	10.614603	10.680608	11.221312
9.410	8.979750	8.979750	8.979750	8.979750	8.993060	10.614603	11.001889	11.221312
9.420	7.729172	7.729172	7.729172	7.729172	8.682393	10.630926	10.680608	11.221312
9.430	6.239984	6.239984	6.239984	6.239984	8.402793	10.304480	10.359327	10.854733
9.440	4.558160	4.558160	4.558160	4.558160	7.828059	9.700556	10.071865	10.506483
9.450	2.735619	2.735619	2.735619	2.735619	6.942659	8.770186	9.141842	9.516720
9.460	0.828626	0.828626	0.828626	0.828626	6.057259	7.839816	7.890538	8.490299
9.470	-1.103948	-1.103948	-1.103948	-1.103948	4.612658	6.615645	6.334862	6.785707
9.480	-3.002441	-3.002441	-3.002441	-3.002441	3.432124	5.375152	5.100468	5.759286
9.490	-4.808245	-4.808245	-4.808245	-4.808245	1.971990	3.857180	2.936050	3.724773
9.500	-6.465612	-6.465612	-6.465612	-6.465612	0.216723	2.012763	1.397284	1.690260
9.510	-7.923377	-7.923377	-7.923377	-7.923377	-1.258944	-0.174423	-0.175301	-0.362582
9.520	-9.136537	-9.136537	-9.136537	-9.136537	-3.014211	-1.708717	-2.339719	-2.067174
9.530	-10.067640	-10.067640	-10.067640	-10.067640	-4.753945	-3.569457	-3.895395	-4.449937
9.540	-10.687942	-10.687942	-10.687942	-10.687942	-6.524746	-5.707675	-6.059813	-6.484450
9.550	-10.978292	-10.978292	-10.978292	-10.978292	-8.264480	-7.258291	-7.902950	-8.537292
9.560	-10.929728	-10.929728	-10.929728	-10.929728	-9.429480	-8.808908	-9.458626	-9.911963
9.570	-10.543749	-10.543749	-10.543749	-10.543749	-10.610014	-10.033079	-10.084278	-10.920055
9.580	-9.832270	-9.832270	-9.832270	-9.832270	-11.495414	-10.963449	-10.405559	-11.946476
9.590	-8.817256	-8.817256	-8.817256	-8.817256	-11.184748	-10.979771	-10.709930	-11.946476
9.600	-7.530041	-7.530041	-7.530041	-7.530041	-11.479881	-10.963449	-10.693020	-11.909818
9.610	-6.010364	-6.010364	-6.010364	-6.010364	-10.889614	-10.343202	-10.709930	-11.579897
9.620	-4.305140	-4.305140	-4.305140	-4.305140	-10.594481	-10.033079	-10.084278	-10.901726
9.630	-2.467009	-2.467009	-2.467009	-2.467009	-9.429480	-9.119031	-9.796816	-9.545384
9.640	-0.552719	-0.552719	-0.552719	-0.552719	-8.839213	-8.482462	-8.241140	-8.170713
9.650	1.378634	1.378634	1.378634	1.378634	-7.394613	-6.948168	-7.294208	-6.814371
9.660	3.267427	3.267427	3.267427	3.267427	-5.934479	-5.723997	-5.738532	-4.779858
9.670	5.055350	5.055350	5.055350	5.055350	-4.458812	-4.499826	-3.895395	-3.423516
9.680	6.687208	6.687208	6.687208	6.687208	-2.998678	-2.639087	-2.322810	-1.370674
9.690	8.112623	8.112623	8.112623	8.112623	-1.243411	-1.104792	-0.479673	0.663839
9.700	9.287590	9.287590	9.287590	9.287590	1.086590	0.755947	1.380374	3.064931
9.710	10.175837	10.175837	10.175837	10.175837	2.562257	2.910488	3.240421	5.099444
9.720	10.749943	10.749943	10.749943	10.749943	4.301991	4.771228	5.404839	6.785707
9.730	10.992183	10.992183	10.992183	10.992183	6.367925	6.631967	7.281795	8.838549
9.740	10.895080	10.895080	10.895080	10.895080	7.532926	8.166262	8.837471	10.873062
9.750	10.461632	10.461632	10.461632	10.461632	8.123193	9.684233	9.750585	11.221312
9.760	9.705219	9.705219	9.705219	9.705219	8.697926	10.614603	10.697518	11.221312
9.770	8.649193	8.649193	8.649193	8.649193	8.697926	10.630926	10.680608	11.569562
9.780	7.326155	7.326155	7.326155	7.326155	8.713459	10.614603	10.376237	11.239641
9.790	5.776948	5.776948	5.776948	5.776948	8.418326	9.994357	10.376237	10.873062
9.800	4.049400	4.049400	4.049400	4.049400	7.532926	9.374110	9.750585	10.194891
9.810	2.196842	2.196842	2.196842	2.196842	6.647525	8.476385	8.516190	9.186799
9.820	0.276463	0.276463	0.276463	0.276463	5.777658	7.235892	7.586167	8.490299
9.830	-1.652449	-1.652449	-1.652449	-1.652449	4.597125	6.305522	6.030491	6.455786
9.840	-3.530349	-3.530349	-3.530349	-3.530349	3.136991	4.771228	4.796096	4.751194
9.850	-5.299262	-5.299262	-5.299262	-5.299262	1.381724	2.910488	2.631678	3.046602
9.860	-6.904580	-6.904580	-6.904580	-6.904580	0.216723	1.376194	1.059093	1.342010
9.870	-8.296744	-8.296744	-8.296744	-8.296744	-1.523011	-0.500868	-1.088415	-0.692503
9.880	-9.432776	-9.432776	-9.432776	-9.432776	-3.573412	-2.328963	-2.965371	-3.075266
9.890	-10.277607	-10.277607	-10.277607	-10.277607	-5.328679	-4.189703	-4.808509	-5.109779
9.900	-10.805154	-10.805154	-10.805154	-10.805154	-6.788813	-6.344244	-6.668555	-6.814371
9.910	-10.999131	-10.999131	-10.999131	-10.999131	-8.544080	-7.878538	-8.528602	-8.867213
9.920	-10.853551	-10.853551	-10.853551	-10.853551	-9.724614	-9.412832	-9.779906	-10.553476
9.930	-10.372907	-10.372907	-10.372907	-10.372907	-10.299347	-10.049401	-10.405559	-11.268305
9.940	-9.572037	-9.572037	-9.572037	-9.572037	-10.874081	-10.979771	-10.709930	-11.598226
9.950	-8.475667	-8.475667	-8.475667	-8.475667	-11.169214	-10.963449	-10.709930	-11.598226
9.960	-7.117641	-7.117641	-7.117641	-7.117641	-11.184748	-10.963449	-10.693020	-11.928147
9.970	-5.539884	-5.539884	-5.539884	-5.539884	-10.594481	-10.343202	-10.405559	-11.249976
9.980	-3.791103	-3.791103	-3.791103	-3.791103	-10.299347	-10.049401	-10.084278	-10.571805
9.990	-1.925286	-1.925286	-1.925286	-1.925286	-9.134347	-8.808908	-9.154254	-9.215463
10.000	-0.000033	-0.000033	-0.000033	-0.000033	-8.544080	-8.188661	-7.919860	-7.840792
10.020	3.791041	3.791041	3.791041	3.791041	-5.328679	-5.413874	-5.146699	-4.449937
10.030	5.539827	5.539827	5.539827	5.539827	-3.884078	-3.585779	-3.591024	-2.727016
10.040	7.117590	7.117590	7.117590	7.117590	-2.408411	-2.328963	-1.714067	-0.710832
10.050	8.475625	8.475625	8.475625	8.475625	-0.358010	-0.468224	0.145979	1.342010
10.060	9.572005	9.572005	9.572005	9.572005	1.397257	1.376194	2.310398	3.376523
10.070	10.372885	10.372885	10.372885	10.372885	2.857391	3.236933	4.170444	5.429365
10.080	10.853540	10.853540	10.853540	10.853540	4.892258	5.358830	6.030491	7.463878
10.090	10.999132	10.999132	10.999132	10.999132	6.647525	6.925768	7.890538	9.168470
10.100	10.805166	10.805166	10.805166	10.805166	7.812526	8.460063	9.124933	11.221312
10.110	10.277630	10.277630	10.277630	10.277630	8.402793	9.700556	9.750585	11.551233
10.120	9.432810	9.432810	9.432810	9.432810	8.697926	10.614603	10.376237	11.239641
10.130	8.296787	8.296787	8.296787	8.296787	8.697926	10.304480	10.376237	11.221312
10.140	6.904631	6.904631	6.904631	6.904631	8.713459	10.304480	10.376237	11.221312
10.150	5.299320	5.299320	5.299320	5.299320	8.107659	9.994357	10.071865	10.873062
10.160	3.530411	3.530411	3.530411	3.530411	7.532926	9.063987	9.463123	10.194891
10.170	1.652515	1.652515	1.652515	1.652515	6.647525	8.476385	8.211819	8.820220
10.180	-0.276397	-0.276397	-0.276397	-0.276397	5.498058	7.219569	7.281795	7.830457
10.190	-2.196777	-2.196777	-2.196777	-2.196777	4.301991	5.685275	5.404839	6.107536
10.200	-4.049339	-4.049339	-4.049339	-4.049339	2.857391	4.150981	4.170444	4.402944
10.210	-5.776892	-5.776892	-5.776892	-5.776892	1.086590	2.600365	2.310398	2.698352
10.220	-7.326105	-7.326105	-7.326105	-7.326105	-0.358010	1.049748	0.771632	0.333918
10.230	-8.649152	-8.649152	-8.649152	-8.649152	-1.833678	-0.778347	-1.409696	-1.389003
10.240	-9.705188	-9.705188	-9.705188	-9.705188	-3.868545	-2.655409	-3.269743	-3.423516
10.250	-10.461611	-10.461611	-10.461611	-10.461611	-5.918946	-4.483504	-5.434161	-5.458029
10.260	-10.895071	-10.895071	-10.895071	-10.895071	-7.674213	-6.638045	-7.311117	-7.510871
10.270	-10.992185	-10.992185	-10.992185	-10.992185	-9.149880	-8.204984	-8.849883	-9.215463
10.280	-10.749957	-10.749957	-10.749957	-10.749957	-10.314881	-9.722955	-10.405559	-10.920055
10.290	-10.175862	-10.175862	-10.175862	-10.175862	-10.594481	-10.653325	-10.388649	-11.249976
10.300	-9.287625	-9.287625	-9.287625	-9.287625	-10.889614	-11.583695	-10.709930	-11.249976
10.310	-8.112667	-8.112667	-8.112667	-8.112667	-10.905147	-11.273572	-10.709930	-11.231647
10.320	-6.687260	-6.687260	-6.687260	-6.687260	-11.184748	-10.963449	-10.709930	-11.249976
10.330	-5.055409	-5.055409	-5.055409	-5.055409	-10.610014	-10.343202	-10.084278	-10.901726
10.340	-3.267490	-3.267490	-3.267490	-3.267490	-10.019747	-9.739278	-9.779906	-9.875305
10.350	-1.378699	-1.378699	-1.378699	-1.378699	-8.854747	-8.808908	-8.832974	-8.867213
10.360	0.552653	0.552653	0.552653	0.552653	-7.984880	-7.894860	-7.615488	-7.492542
10.370	2.466945	2.466945	2.466945	2.466945	-6.509213	-6.360566	-6.059813	-5.787950
10.380	4.305079	4.305079	4.305079	4.305079	-5.033545	-5.120073	-4.504137	-4.449937
10.390	6.010309	6.010309	6.010309	6.010309	-3.309345	-3.259333	-2.965371	-2.067174
10.400	7.529993	7.529993	7.529993	7.529993	-1.818144	-1.725039	-1.105325	-0.362582
10.410	8.817216	8.817216	8.817216	8.817216	-0.078410	0.119378	0.771632	1.690260
10.420	9.832240	9.832240	9.832240	9.832240	1.676857	1.996440	2.631678	4.073023
10.430	10.543730	10.543730	10.543730	10.543730	3.742791	4.150981	4.796096	5.777615
10.440	10.929721	10.929721	10.929721	10.929721	5.466992	5.685275	6.656143	7.812128
10.450	10.978296	10.978296	10.978296	10.978296	6.958192	7.839816	8.516190	9.864970
10.460	10.687957	10.687957	10.687957	10.687957	8.418326	8.770186	9.750585	11.569562
10.470	10.067667	10.067667	10.067667	10.067667	8.697926	9.700556	10.359327	11.551233
10.480	9.136574	9.136574	9.136574	9.136574	8.977526	10.941049	10.393146	11.917812
10.490	7.923423	7.923423	7.923423	7.923423	8.977526	10.614603	10.054956	11.569562
10.500	6.465666	6.465666	6.465666	6.465666	8.697926	10.614603	10.359327	11.551233
10.510	4.808305	4.808305	4.808305	4.808305	8.107659	10.320802	10.071865	10.543141
10.520	3.002505	3.002505	3.002505	3.002505	7.237792	9.080309	9.124933	9.846641
10.530	1.104013	1.104013	1.104013	1.104013	6.352392	8.460063	8.211819	8.490299
10.540	-0.828560	-0.828560	-0.828560	-0.828560	5.187392	6.909446	6.943605	7.152286
10.550	-2.735555	-2.735555	-2.735555	-2.735555	3.727258	5.375152	5.100468	5.777615
10.560	-4.558100	-4.558100	-4.558100	-4.558100	2.251591	3.824536	3.544792	4.073023
10.570	-6.239930	-6.239930	-6.239930	-6.239930	0.511857	2.290241	2.006026	2.038510
10.580	-7.729125	-7.729125	-7.729125	-7.729125	-0.963811	0.445824	0.450351	-0.014332
10.590	-8.979712	-8.979712	-8.979712	-8.979712	-2.703545	-1.414916	-1.714067	-2.415424
10.600	-9.953083	-9.953083	-9.953083	-9.953083	-4.769479	-3.259333	-3.591024	-4.101687
10.610	-10.619189	-10.619189	-10.619189	-10.619189	-6.214079	-5.103751	-5.755442	-5.806279
10.620	-10.957467	-10.957467	-10.957467	-10.957467	-7.969346	-6.964490	-7.615488	-7.840792
