Time(s)	Delta1C(deg)	Delta2C(deg)	Delta3C(deg)	Delta4C(deg)	Delta1(deg)	Delta2(deg)	Delta3(deg)	Delta4(deg)
0.000	0.000000	0.000000	0.000000	0.000000	-1.588780	-0.243532	0.158931	-0.201911
0.010	0.000000	0.000000	0.000000	0.000000	-1.588780	-0.243532	0.158931	-0.201911
0.020	0.000000	0.000000	0.000000	0.000000	1.102123	2.290241	2.327307	2.698352
0.030	0.000000	0.000000	0.000000	0.000000	1.397257	2.306564	2.310398	2.698352
0.040	0.000000	0.000000	0.000000	0.000000	1.086590	2.306564	2.310398	2.698352
0.050	0.000000	0.000000	0.000000	0.000000	0.232256	2.306564	1.701655	1.690260
0.060	0.000000	0.000000	0.000000	0.000000	-0.637611	1.669995	0.754722	0.993760
0.070	0.000000	0.000000	0.000000	0.000000	-0.963811	0.755947	0.129070	0.645510
0.080	0.000000	0.000000	0.000000	0.000000	-0.948277	0.152023	-0.175301	-0.014332
0.090	0.000000	0.000000	0.000000	0.000000	-0.948277	0.152023	0.145979	-0.014332
0.100	0.000000	0.000000	0.000000	0.000000	-0.948277	-0.468224	-0.158392	-0.032661
0.110	0.000000	0.000000	0.000000	0.000000	-0.948277	-0.484546	0.145979	0.315589
0.120	0.000000	0.000000	0.000000	0.000000	-0.963811	-0.468224	0.145979	-0.032661
0.130	0.000000	0.000000	0.000000	0.000000	-0.932744	-0.468224	0.145979	0.297260
0.140	0.000000	0.000000	0.000000	0.000000	-0.948277	-0.468224	-0.158392	-0.014332
0.150	0.000000	0.000000	0.000000	0.000000	-0.948277	-0.484546	0.145979	-0.032661
0.160	0.000000	0.000000	0.000000	0.000000	-0.948277	-0.484546	0.145979	-0.014332
0.170	0.000000	0.000000	0.000000	0.000000	-0.963811	-0.468224	0.145979	-0.014332
0.180	0.000000	0.000000	0.000000	0.000000	-0.948277	-0.174423	-0.158392	-0.032661
0.190	0.000000	0.000000	0.000000	0.000000	-0.948277	-0.158100	-0.158392	-0.014332
0.200	0.000000	0.000000	0.000000	0.000000	-0.963811	-0.174423	0.145979	0.315589
0.210	0.000000	0.000000	0.000000	0.000000	-1.243411	-0.158100	-0.158392	-0.032661
0.220	0.000000	0.000000	0.000000	0.000000	-0.948277	-0.158100	-0.158392	-0.014332
0.230	0.000000	0.000000	0.000000	0.000000	-0.948277	-0.174423	-0.158392	-0.014332
0.240	0.000000	0.000000	0.000000	0.000000	-1.243411	-0.158100	-0.158392	-0.032661
0.250	0.000000	0.000000	0.000000	0.000000	-0.932744	-0.158100	0.145979	0.315589
0.260	0.000000	0.000000	0.000000	0.000000	-0.948277	-0.158100	0.145979	-0.032661
0.270	0.000000	0.000000	0.000000	0.000000	-0.932744	-0.158100	0.129070	0.333918
0.280	0.000000	0.000000	0.000000	0.000000	-0.948277	-0.158100	-0.158392	0.003997
0.290	0.000000	0.000000	0.000000	0.000000	-0.948277	-0.158100	-0.158392	-0.032661
0.300	0.000000	0.000000	0.000000	0.000000	-1.243411	-0.141778	-0.175301	-0.014332
0.310	0.000000	0.000000	0.000000	0.000000	-0.963811	-0.174423	-0.158392	-0.032661
0.320	0.000000	0.000000	0.000000	0.000000	-0.963811	-0.158100	0.129070	-0.362582
0.330	0.000000	0.000000	0.000000	0.000000	-0.948277	-0.158100	-0.158392	0.333918
0.340	0.000000	0.000000	0.000000	0.000000	-0.948277	-0.174423	-0.175301	-0.014332
0.350	0.000000	0.000000	0.000000	0.000000	-0.948277	-0.158100	-0.158392	-0.014332
0.360	0.000000	0.000000	0.000000	0.000000	-0.932744	-0.174423	0.145979	-0.014332
0.370	0.000000	0.000000	0.000000	0.000000	-0.948277	-0.158100	0.145979	-0.032661
0.380	0.000000	0.000000	0.000000	0.000000	-0.948277	-0.174423	-0.158392	-0.014332
0.390	0.000000	0.000000	0.000000	0.000000	-0.948277	-0.174423	0.145979	-0.014332
0.400	0.000000	0.000000	0.000000	0.000000	-0.948277	-0.158100	0.145979	-0.014332
0.410	0.000000	0.000000	0.000000	0.000000	-0.948277	-0.174423	0.145979	0.315589
0.420	0.000000	0.000000	0.000000	0.000000	-0.948277	-0.174423	-0.158392	-0.014332
0.430	0.000000	0.000000	0.000000	0.000000	-0.948277	-0.174423	0.162889	-0.032661
0.440	0.000000	0.000000	0.000000	0.000000	-0.948277	-0.158100	-0.158392	0.315589
0.450	0.000000	0.000000	0.000000	0.000000	-0.948277	-0.174423	-0.175301	-0.014332
0.460	0.000000	0.000000	0.000000	0.000000	-0.948277	-0.174423	0.129070	-0.014332
0.470	0.000000	0.000000	0.000000	0.000000	-0.963811	-0.174423	-0.175301	-0.014332
0.480	0.000000	0.000000	0.000000	0.000000	-0.948277	-0.174423	-0.158392	-0.014332
0.490	0.000000	0.000000	0.000000	0.000000	-0.948277	-0.158100	0.145979	-0.014332
0.500	0.000000	0.000000	0.000000	0.000000	-0.948277	-0.158100	0.145979	0.333918
0.510	0.000000	0.000000	0.000000	0.000000	-0.948277	-0.158100	-0.175301	-0.014332
0.520	0.000000	0.000000	0.000000	0.000000	-0.963811	-0.174423	0.162889	-0.014332
0.530	0.000000	0.000000	0.000000	0.000000	-0.948277	-0.174423	-0.158392	-0.014332
0.540	0.000000	0.000000	0.000000	0.000000	-1.243411	-0.158100	0.145979	-0.014332
0.550	0.000000	0.000000	0.000000	0.000000	-0.932744	-0.174423	-0.158392	0.333918
0.560	0.000000	0.000000	0.000000	0.000000	-0.948277	-0.174423	-0.158392	0.315589
0.570	0.000000	0.000000	0.000000	0.000000	-0.948277	-0.174423	0.162889	0.315589
0.580	0.000000	0.000000	0.000000	0.000000	-0.948277	-0.158100	-0.158392	0.333918
0.590	0.000000	0.000000	0.000000	0.000000	-1.243411	-0.158100	-0.158392	-0.014332
0.600	0.000000	0.000000	0.000000	0.000000	-0.948277	-0.158100	-0.175301	-0.032661
0.610	0.000000	0.000000	0.000000	0.000000	-0.948277	-0.158100	-0.158392	-0.014332
0.620	0.000000	0.000000	0.000000	0.000000	-0.948277	-0.174423	0.145979	-0.014332
0.630	0.000000	0.000000	0.000000	0.000000	-0.963811	-0.174423	-0.158392	-0.014332
0.640	0.000000	0.000000	0.000000	0.000000	-0.948277	-0.158100	0.162889	-0.014332
0.650	0.000000	0.000000	0.000000	0.000000	-0.948277	-0.174423	0.145979	-0.014332
0.660	0.000000	0.000000	0.000000	0.000000	-0.948277	-0.174423	-0.158392	-0.032661
0.670	0.000000	0.000000	0.000000	0.000000	-0.948277	-0.158100	0.145979	-0.014332
0.680	0.000000	0.000000	0.000000	0.000000	-0.963811	-0.190745	-0.158392	-0.014332
0.690	0.000000	0.000000	0.000000	0.000000	-0.948277	-0.158100	0.145979	-0.032661
0.700	0.000000	0.000000	0.000000	0.000000	-0.963811	-0.174423	-0.175301	0.315589
0.710	0.000000	0.000000	0.000000	0.000000	-0.948277	-0.158100	0.145979	0.315589
0.720	0.000000	0.000000	0.000000	0.000000	-1.258944	-0.174423	0.162889	-0.014332
0.730	0.000000	0.000000	0.000000	0.000000	-0.948277	-0.174423	-0.175301	0.315589
0.740	0.000000	0.000000	0.000000	0.000000	-1.243411	-0.174423	0.145979	-0.014332
0.750	0.000000	0.000000	0.000000	0.000000	-0.948277	-0.158100	-0.158392	-0.032661
0.760	0.000000	0.000000	0.000000	0.000000	-0.948277	-0.174423	0.129070	-0.014332
0.770	0.000000	0.000000	0.000000	0.000000	-0.963811	-0.174423	-0.141482	-0.014332
0.780	0.000000	0.000000	0.000000	0.000000	-0.963811	-0.158100	0.145979	-0.014332
0.790	0.000000	0.000000	0.000000	0.000000	-0.948277	-0.158100	0.162889	-0.014332
0.800	0.000000	0.000000	0.000000	0.000000	-1.243411	-0.174423	-0.158392	-0.014332
0.810	0.000000	0.000000	0.000000	0.000000	-0.948277	-0.158100	0.145979	-0.014332
0.820	0.000000	0.000000	0.000000	0.000000	-0.948277	-0.158100	-0.158392	-0.032661
0.830	0.000000	0.000000	0.000000	0.000000	-1.243411	-0.174423	0.145979	-0.014332
0.840	0.000000	0.000000	0.000000	0.000000	-1.243411	-0.174423	-0.158392	0.003997
0.850	0.000000	0.000000	0.000000	0.000000	-0.948277	-0.174423	0.162889	0.333918
0.860	0.000000	0.000000	0.000000	0.000000	-0.948277	-0.158100	0.129070	-0.014332
0.870	0.000000	0.000000	0.000000	0.000000	-0.932744	-0.174423	-0.158392	-0.014332
0.880	0.000000	0.000000	0.000000	0.000000	-0.948277	-0.174423	0.162889	-0.032661
0.890	0.000000	0.000000	0.000000	0.000000	-0.963811	-0.174423	-0.141482	-0.014332
0.900	0.000000	0.000000	0.000000	0.000000	-0.948277	-0.174423	-0.141482	0.315589
0.910	0.000000	0.000000	0.000000	0.000000	-0.948277	-0.158100	0.162889	-0.014332
0.920	0.000000	0.000000	0.000000	0.000000	-0.932744	-0.174423	-0.158392	-0.014332
0.930	0.000000	0.000000	0.000000	0.000000	-0.963811	-0.190745	0.162889	-0.032661
0.940	0.000000	0.000000	0.000000	0.000000	-1.227877	-0.158100	-0.158392	-0.014332
0.950	0.000000	0.000000	0.000000	0.000000	-0.932744	-0.158100	0.145979	-0.014332
0.960	0.000000	0.000000	0.000000	0.000000	-0.948277	-0.158100	-0.158392	-0.014332
0.970	0.000000	0.000000	0.000000	0.000000	-1.227877	-0.158100	0.145979	-0.032661
0.980	0.000000	0.000000	0.000000	0.000000	-0.932744	-0.158100	0.145979	0.003997
0.990	0.000000	0.000000	0.000000	0.000000	-0.948277	-0.158100	-0.158392	-0.014332
1.000	0.000000	0.000000	0.000000	0.000000	-0.948277	-0.174423	0.145979	-0.014332
1.010	2.057759	2.057759	2.057759	2.057759	-0.948277	-0.174423	0.162889	-0.032661
1.020	1.748464	1.748464	1.748464	1.748464	-0.963811	-0.190745	0.162889	-0.014332
1.030	1.425648	1.425648	1.425648	1.425648	-0.948277	-0.174423	-0.158392	-0.014332
1.040	1.091808	1.091808	1.091808	1.091808	-0.653144	-0.174423	0.145979	0.315589
1.050	0.749526	0.749526	0.749526	0.749526	-0.062877	-0.158100	0.788541	1.012089
1.060	0.401447	0.401447	0.401447	0.401447	0.216723	0.119378	1.092912	1.342010
1.070	0.050265	0.050265	0.050265	0.050265	0.232256	0.135701	1.059093	1.690260
1.080	-0.301307	-0.301307	-0.301307	-0.301307	0.232256	0.152023	1.076003	1.690260
1.090	-0.650548	-0.650548	-0.650548	-0.650548	0.216723	0.135701	0.754722	1.342010
1.100	-0.994759	-0.994759	-0.994759	-0.994759	-0.358010	0.135701	0.467260	1.012089
1.110	-1.331278	-1.331278	-1.331278	-1.331278	-0.948277	0.135701	0.467260	0.682168
1.120	-1.657502	-1.657502	-1.657502	-1.657502	-0.948277	0.135701	0.145979	-0.032661
1.130	-1.970909	-1.970909	-1.970909	-1.970909	-1.243411	0.119378	-0.158392	-0.380911
1.140	-2.269075	-2.269075	-2.269075	-2.269075	-1.538544	-0.174423	-0.462763	-0.692503
1.150	-2.549695	-2.549695	-2.549695	-2.549695	-1.818144	-0.484546	-1.088415	-1.022424
1.160	-2.810599	-2.810599	-2.810599	-2.810599	-2.408411	-1.088470	-1.392786	-1.389003
1.170	-3.049770	-3.049770	-3.049770	-3.049770	-2.703545	-1.398594	-1.409696	-1.718924
1.180	-3.265357	-3.265357	-3.265357	-3.265357	-2.983145	-1.725039	-2.018439	-2.067174
1.190	-3.455693	-3.455693	-3.455693	-3.455693	-3.293811	-2.002518	-2.339719	-2.397095
1.200	-3.619308	-3.619308	-3.619308	-3.619308	-3.293811	-2.312641	-2.644091	-2.378766
1.210	-3.754935	-3.754935	-3.754935	-3.754935	-3.588945	-2.345286	-2.644091	-2.727016
1.220	-3.861526	-3.861526	-3.861526	-3.861526	-3.868545	-2.655409	-3.252833	-3.093595
1.230	-3.938257	-3.938257	-3.938257	-3.938257	-3.884078	-2.949210	-3.269743	-2.745345
1.240	-3.984534	-3.984534	-3.984534	-3.984534	-4.163678	-2.949210	-3.252833	-3.441845
1.250	-4.000000	-4.000000	-4.000000	-4.000000	-4.179212	-2.949210	-3.574114	-3.441845
1.260	-3.984535	-3.984535	-3.984535	-3.984535	-4.458812	-3.259333	-3.574114	-3.423516
1.270	-3.938257	-3.938257	-3.938257	-3.938257	-4.163678	-3.569457	-3.878485	-3.441845
1.280	-3.861527	-3.861527	-3.861527	-3.861527	-4.458812	-3.569457	-3.878485	-3.771766
1.290	-3.754936	-3.754936	-3.754936	-3.754936	-4.443279	-3.275655	-3.878485	-3.771766
1.300	-3.619309	-3.619309	-3.619309	-3.619309	-4.458812	-3.569457	-3.878485	-3.441845
1.310	-3.455694	-3.455694	-3.455694	-3.455694	-4.458812	-3.553134	-3.878485	-3.753437
1.320	-3.265357	-3.265357	-3.265357	-3.265357	-4.458812	-3.569457	-3.861576	-3.771766
1.330	-3.049771	-3.049771	-3.049771	-3.049771	-4.458812	-3.569457	-3.878485	-3.423516
1.340	-2.810600	-2.810600	-2.810600	-2.810600	-4.458812	-3.569457	-3.878485	-3.423516
1.350	-2.549697	-2.549697	-2.549697	-2.549697	-4.458812	-3.553134	-3.861576	-3.771766
1.360	-2.269076	-2.269076	-2.269076	-2.269076	-4.458812	-3.553134	-3.878485	-3.423516
1.370	-1.970910	-1.970910	-1.970910	-1.970910	-4.148145	-3.569457	-3.557205	-3.771766
1.380	-1.657503	-1.657503	-1.657503	-1.657503	-3.868545	-3.569457	-3.557205	-3.423516
1.390	-1.331279	-1.331279	-1.331279	-1.331279	-3.573412	-3.569457	-3.252833	-3.423516
1.400	-0.994760	-0.994760	-0.994760	-0.994760	-3.573412	-3.243011	-2.948462	-2.727016
1.410	-0.650549	-0.650549	-0.650549	-0.650549	-3.293811	-2.949210	-2.627181	-2.397095
1.420	-0.301308	-0.301308	-0.301308	-0.301308	-2.998678	-2.639087	-2.322810	-2.067174
1.430	0.050263	0.050263	0.050263	0.050263	-2.719078	-2.312641	-2.018439	-1.700595
1.440	0.401446	0.401446	0.401446	0.401446	-2.423944	-1.708717	-1.714067	-1.370674
1.450	0.749524	0.749524	0.749524	0.749524	-1.818144	-1.088470	-1.392786	-1.040753
1.460	1.091807	1.091807	1.091807	1.091807	-1.538544	-0.778347	-0.784044	-0.710832
1.470	1.425647	1.425647	1.425647	1.425647	-1.243411	-0.484546	-0.462763	-0.692503
1.480	1.748462	1.748462	1.748462	1.748462	-0.948277	-0.174423	-0.158392	-0.380911
1.490	2.057757	2.057757	2.057757	2.057757	-0.668677	0.135701	0.145979	0.663839
1.500	2.351140	2.351140	2.351140	2.351140	-0.358010	0.445824	0.467260	1.012089
1.510	2.626342	2.626342	2.626342	2.626342	-0.078410	0.755947	0.771632	1.360339
1.520	2.881235	2.881235	2.881235	2.881235	0.511857	1.376194	1.397284	1.671931
1.530	3.113849	3.113849	3.113849	3.113849	0.511857	1.359872	1.397284	2.020181
1.540	3.322383	3.322383	3.322383	3.322383	0.806990	1.686317	1.701655	2.386760
1.550	3.505226	3.505226	3.505226	3.505226	1.102123	1.980118	1.701655	2.368431
1.560	3.660964	3.660964	3.660964	3.660964	1.102123	2.290241	2.310398	2.698352
1.570	3.788393	3.788393	3.788393	3.788393	1.397257	2.306564	2.327307	2.698352
1.580	3.886527	3.886527	3.886527	3.886527	1.692390	2.616687	2.648588	3.046602
1.590	3.954607	3.954607	3.954607	3.954607	1.676857	2.600365	2.631678	3.046602
1.600	3.992107	3.992107	3.992107	3.992107	1.676857	2.600365	2.936050	3.724773
1.610	3.998737	3.998737	3.998737	3.998737	1.987524	2.910488	2.952959	4.073023
1.620	3.974445	3.974445	3.974445	3.974445	1.971990	2.926810	2.952959	4.054694
1.630	3.919420	3.919420	3.919420	3.919420	1.971990	2.910488	3.257330	4.073023
1.640	3.834087	3.834087	3.834087	3.834087	2.267124	2.910488	3.240421	4.091352
1.650	3.719106	3.719106	3.719106	3.719106	2.267124	2.910488	3.257330	4.073023
1.660	3.575366	3.575366	3.575366	3.575366	2.267124	2.926810	3.240421	4.073023
1.670	3.403978	3.403978	3.403978	3.403978	2.251591	3.220611	3.240421	4.091352
1.680	3.206269	3.206269	3.206269	3.206269	2.546724	2.910488	3.257330	4.073023
1.690	2.983765	2.983765	2.983765	2.983765	2.562257	2.926810	2.936050	4.073023
1.700	2.738189	2.738189	2.738189	2.738189	2.267124	2.910488	3.257330	4.073023
1.710	2.471439	2.471439	2.471439	2.471439	2.251591	2.910488	3.257330	4.073023
1.720	2.185578	2.185578	2.185578	2.185578	2.267124	2.926810	3.257330	4.073023
1.730	1.882817	1.882817	1.882817	1.882817	2.267124	3.204289	3.257330	3.724773
1.740	1.565496	1.565496	1.565496	1.565496	1.956457	2.910488	2.952959	3.376523
1.750	1.236069	1.236069	1.236069	1.236069	1.381724	2.926810	2.631678	2.698352
1.760	0.897084	0.897084	0.897084	0.897084	1.102123	2.616687	2.310398	2.368431
1.770	0.551162	0.551162	0.551162	0.551162	0.806990	2.306564	2.006026	2.038510
1.780	0.200978	0.200978	0.200978	0.200978	0.496323	2.012763	1.701655	2.020181
1.790	-0.150760	-0.150760	-0.150760	-0.150760	0.216723	1.686317	1.397284	1.690260
1.800	-0.501332	-0.501332	-0.501332	-0.501332	-0.078410	1.066070	0.754722	1.342010
1.810	-0.848027	-0.848027	-0.848027	-0.848027	-0.078410	0.755947	0.788541	0.993760
1.820	-1.188165	-1.188165	-1.188165	-1.188165	-0.653144	0.445824	0.467260	0.663839
1.830	-1.519115	-1.519115	-1.519115	-1.519115	-0.948277	0.135701	0.145979	0.315589
1.840	-1.838318	-1.838318	-1.838318	-1.838318	-1.243411	-0.174423	-0.158392	-0.014332
1.850	-2.143306	-2.143306	-2.143306	-2.143306	-1.538544	-0.468224	-0.175301	-0.692503
1.860	-2.431720	-2.431720	-2.431720	-2.431720	-1.833678	-0.778347	-0.767134	-0.710832
1.870	-2.701330	-2.701330	-2.701330	-2.701330	-2.423944	-0.778347	-1.105325	-1.370674
1.880	-2.950052	-2.950052	-2.950052	-2.950052	-2.703545	-1.104792	-1.697158	-1.389003
1.890	-3.175961	-3.175961	-3.175961	-3.175961	-2.719078	-1.708717	-1.697158	-2.048845
1.900	-3.377311	-3.377311	-3.377311	-3.377311	-3.278278	-1.708717	-2.339719	-2.030516
1.910	-3.552545	-3.552545	-3.552545	-3.552545	-3.293811	-2.018840	-2.356629	-2.378766
1.920	-3.700308	-3.700308	-3.700308	-3.700308	-3.293811	-2.312641	-2.644091	-2.745345
1.930	-3.819458	-3.819458	-3.819458	-3.819458	-3.588945	-2.639087	-2.948462	-3.093595
1.940	-3.909072	-3.909072	-3.909072	-3.909072	-3.868545	-2.932888	-3.269743	-3.441845
1.950	-3.968459	-3.968459	-3.968459	-3.968459	-3.884078	-2.622764	-2.948462	-3.423516
1.960	-3.997158	-3.997158	-3.997158	-3.997158	-4.163678	-2.949210	-3.591024	-3.423516
1.970	-3.994948	-3.994948	-3.994948	-3.994948	-4.179212	-3.243011	-3.574114	-3.771766
1.980	-3.961846	-3.961846	-3.961846	-3.961846	-4.474345	-3.243011	-3.574114	-3.771766
1.990	-3.898108	-3.898108	-3.898108	-3.898108	-4.179212	-3.243011	-3.895395	-3.753437
2.000	-3.804226	-3.804226	-3.804226	-3.804226	-4.458812	-3.553134	-3.591024	-3.753437
2.010	-3.680928	-3.680928	-3.680928	-3.680928	-4.458812	-3.226689	-3.574114	-3.753437
2.020	-3.529165	-3.529165	-3.529165	-3.529165	-4.443279	-3.243011	-3.895395	-3.423516
2.030	-3.350113	-3.350113	-3.350113	-3.350113	-4.443279	-3.569457	-3.878485	-3.753437
2.040	-3.145154	-3.145154	-3.145154	-3.145154	-4.474345	-3.553134	-3.878485	-3.753437
2.050	-2.915875	-2.915875	-2.915875	-2.915875	-4.474345	-3.553134	-3.878485	-3.771766
2.060	-2.664048	-2.664048	-2.664048	-2.664048	-4.163678	-3.569457	-3.878485	-3.423516
2.070	-2.391621	-2.391621	-2.391621	-2.391621	-4.458812	-3.553134	-3.574114	-3.753437
2.080	-2.100700	-2.100700	-2.100700	-2.100700	-4.458812	-3.553134	-3.574114	-3.753437
2.090	-1.793534	-1.793534	-1.793534	-1.793534	-4.163678	-3.243011	-3.557205	-3.753437
2.100	-1.472499	-1.472499	-1.472499	-1.472499	-3.868545	-3.259333	-3.269743	-3.386858
2.110	-1.140078	-1.140078	-1.140078	-1.140078	-3.868545	-2.949210	-3.269743	-3.075266
2.120	-0.798841	-0.798841	-0.798841	-0.798841	-3.278278	-2.639087	-2.965371	-2.378766
2.130	-0.451427	-0.451427	-0.451427	-0.451427	-3.278278	-2.328963	-2.644091	-2.378766
2.140	-0.100522	-0.100522	-0.100522	-0.100522	-2.998678	-2.002518	-2.339719	-1.718924
2.150	0.251161	0.251161	0.251161	0.251161	-2.423944	-1.708717	-2.018439	-1.370674
2.160	0.600901	0.600901	0.600901	0.600901	-2.113278	-1.088470	-1.714067	-1.040753
2.170	0.945995	0.945995	0.945995	0.945995	-1.833678	-0.794669	-0.800953	-1.040753
2.180	1.283773	1.283773	1.283773	1.283773	-1.538544	-0.484546	-0.784044	-0.692503
2.190	1.611625	1.611625	1.611625	1.611625	-1.243411	-0.158100	-0.496582	-0.362582
2.200	1.927014	1.927014	1.927014	1.927014	-0.948277	0.135701	0.145979	0.333918
2.210	2.227501	2.227501	2.227501	2.227501	-0.653144	0.135701	0.145979	0.663839
2.220	2.510764	2.510764	2.510764	2.510764	-0.358010	0.445824	0.771632	1.360339
2.230	2.774612	2.774612	2.774612	2.774612	-0.062877	0.755947	0.771632	1.342010
2.240	3.017005	3.017005	3.017005	3.017005	0.511857	1.376194	1.380374	1.671931
2.250	3.236067	3.236067	3.236067	3.236067	0.791457	1.686317	1.684745	2.020181
2.260	3.430106	3.430106	3.430106	3.430106	0.806990	1.996440	2.006026	2.368431
2.270	3.597620	3.597620	3.597620	3.597620	1.102123	2.290241	2.006026	2.698352
2.280	3.737315	3.737315	3.737315	3.737315	1.086590	2.290241	2.310398	3.046602
2.290	3.848110	3.848110	3.848110	3.848110	1.397257	2.290241	2.631678	3.046602
2.300	3.929149	3.929149	3.929149	3.929149	1.676857	2.600365	2.631678	3.394852
2.310	3.979804	3.979804	3.979804	3.979804	1.676857	2.600365	2.614769	3.394852
2.320	3.999684	3.999684	3.999684	3.999684	1.956457	2.910488	2.936050	3.743102
2.330	3.988636	3.988636	3.988636	3.988636	2.267124	2.926810	2.936050	3.743102
2.340	3.946744	3.946744	3.946744	3.946744	2.251591	3.220611	2.936050	3.724773
2.350	3.874333	3.874333	3.874333	3.874333	2.267124	3.204289	2.936050	4.054694
2.360	3.771963	3.771963	3.771963	3.771963	2.546724	3.204289	2.936050	3.724773
2.370	3.640424	3.640424	3.640424	3.640424	2.546724	3.220611	2.936050	4.073023
2.380	3.480736	3.480736	3.480736	3.480736	2.546724	3.220611	2.936050	4.073023
2.390	3.294131	3.294131	3.294131	3.294131	2.546724	3.236933	3.240421	4.054694
2.400	3.082054	3.082054	3.082054	3.082054	2.546724	3.220611	3.257330	3.743102
2.410	2.846144	2.846144	2.846144	2.846144	2.546724	3.220611	3.223511	3.724773
2.420	2.588225	2.588225	2.588225	2.588225	2.267124	3.220611	2.936050	3.743102
2.430	2.310292	2.310292	2.310292	2.310292	2.251591	3.220611	3.257330	3.724773
2.440	2.014494	2.014494	2.014494	2.014494	2.267124	2.926810	3.240421	4.073023
2.450	1.703118	1.703118	1.703118	1.703118	1.971990	2.910488	2.936050	3.394852
2.460	1.378573	1.378573	1.378573	1.378573	1.676857	2.600365	2.936050	3.028273
2.470	1.043367	1.043367	1.043367	1.043367	1.381724	2.306564	2.631678	2.716681
2.480	0.700094	0.700094	0.700094	0.700094	1.086590	1.980118	2.327307	2.368431
2.490	0.351406	0.351406	0.351406	0.351406	0.791457	1.686317	2.022936	2.020181
2.500	0.000002	0.000002	0.000002	0.000002	0.216723	1.376194	1.701655	1.690260
2.510	-0.351403	-0.351403	-0.351403	-0.351403	0.201190	1.049748	1.059093	1.342010
2.520	-0.700091	-0.700091	-0.700091	-0.700091	-0.078410	0.772269	0.754722	1.012089
2.530	-1.043365	-1.043365	-1.043365	-1.043365	-0.358010	0.755947	0.754722	1.012089
2.540	-1.378570	-1.378570	-1.378570	-1.378570	-0.653144	0.755947	0.145979	0.315589
2.550	-1.703116	-1.703116	-1.703116	-1.703116	-1.243411	0.135701	0.145979	-0.032661
2.560	-2.014491	-2.014491	-2.014491	-2.014491	-1.523011	-0.158100	-0.479673	-0.362582
2.570	-2.310290	-2.310290	-2.310290	-2.310290	-1.833678	-0.484546	-0.479673	-1.022424
2.580	-2.588223	-2.588223	-2.588223	-2.588223	-2.128811	-1.104792	-1.088415	-1.022424
2.590	-2.846142	-2.846142	-2.846142	-2.846142	-2.423944	-1.398594	-1.409696	-1.370674
2.600	-3.082052	-3.082052	-3.082052	-3.082052	-2.998678	-1.692395	-1.714067	-2.048845
2.610	-3.294130	-3.294130	-3.294130	-3.294130	-3.293811	-1.708717	-2.339719	-2.048845
2.620	-3.480734	-3.480734	-3.480734	-3.480734	-3.293811	-2.002518	-2.339719	-2.397095
2.630	-3.640423	-3.640423	-3.640423	-3.640423	-3.293811	-2.328963	-2.661000	-2.745345
2.640	-3.771962	-3.771962	-3.771962	-3.771962	-3.588945	-2.622764	-2.644091	-2.745345
2.650	-3.874332	-3.874332	-3.874332	-3.874332	-3.884078	-2.639087	-2.965371	-2.745345
2.660	-3.946744	-3.946744	-3.946744	-3.946744	-3.884078	-2.949210	-3.269743	-3.075266
2.670	-3.988635	-3.988635	-3.988635	-3.988635	-4.163678	-2.949210	-3.269743	-3.093595
2.680	-3.999684	-3.999684	-3.999684	-3.999684	-4.179212	-2.932888	-3.574114	-3.753437
2.690	-3.979804	-3.979804	-3.979804	-3.979804	-4.163678	-3.243011	-3.574114	-3.423516
2.700	-3.929149	-3.929149	-3.929149	-3.929149	-4.163678	-3.243011	-3.895395	-3.753437
2.710	-3.848111	-3.848111	-3.848111	-3.848111	-4.458812	-3.569457	-3.574114	-3.753437
2.720	-3.737316	-3.737316	-3.737316	-3.737316	-4.458812	-3.553134	-3.878485	-3.753437
2.730	-3.597622	-3.597622	-3.597622	-3.597622	-4.443279	-3.553134	-3.878485	-3.753437
2.740	-3.430107	-3.430107	-3.430107	-3.430107	-4.458812	-3.536812	-3.878485	-4.101687
2.750	-3.236069	-3.236069	-3.236069	-3.236069	-4.458812	-3.569457	-3.878485	-3.753437
2.760	-3.017007	-3.017007	-3.017007	-3.017007	-4.458812	-3.553134	-3.895395	-3.753437
2.770	-2.774614	-2.774614	-2.774614	-2.774614	-4.458812	-3.569457	-3.878485	-3.771766
2.780	-2.510767	-2.510767	-2.510767	-2.510767	-4.474345	-3.569457	-3.895395	-3.753437
2.790	-2.227504	-2.227504	-2.227504	-2.227504	-4.474345	-3.585779	-3.878485	-3.771766
2.800	-1.927016	-1.927016	-1.927016	-1.927016	-4.163678	-3.243011	-3.878485	-3.753437
2.810	-1.611627	-1.611627	-1.611627	-1.611627	-4.163678	-3.243011	-3.269743	-3.423516
2.820	-1.283776	-1.283776	-1.283776	-1.283776	-3.573412	-2.932888	-3.574114	-3.075266
2.830	-0.945998	-0.945998	-0.945998	-0.945998	-3.573412	-2.639087	-2.965371	-2.727016
2.840	-0.600904	-0.600904	-0.600904	-0.600904	-3.293811	-2.328963	-2.644091	-2.397095
2.850	-0.251164	-0.251164	-0.251164	-0.251164	-2.998678	-2.018840	-2.339719	-1.718924
2.860	0.100519	0.100519	0.100519	0.100519	-2.423944	-1.708717	-2.035348	-1.718924
2.870	0.451424	0.451424	0.451424	0.451424	-2.128811	-1.398594	-1.730977	-1.389003
2.880	0.798838	0.798838	0.798838	0.798838	-1.833678	-0.794669	-1.088415	-1.040753
2.890	1.140075	1.140075	1.140075	1.140075	-1.538544	-0.794669	-0.784044	-0.692503
2.900	1.472497	1.472497	1.472497	1.472497	-1.243411	-0.484546	-0.462763	-0.362582
2.910	1.793531	1.793531	1.793531	1.793531	-0.948277	-0.158100	-0.158392	-0.014332
2.920	2.100697	2.100697	2.100697	2.100697	-0.668677	0.119378	0.467260	0.645510
2.930	2.391619	2.391619	2.391619	2.391619	-0.373544	0.462146	0.467260	0.993760
2.940	2.664046	2.664046	2.664046	2.664046	-0.078410	0.755947	0.754722	1.342010
2.950	2.915873	2.915873	2.915873	2.915873	0.496323	1.066070	1.076003	1.690260
2.960	3.145153	3.145153	3.145153	3.145153	0.511857	1.686317	1.701655	2.020181
2.970	3.350111	3.350111	3.350111	3.350111	0.496323	1.686317	1.701655	2.038510
2.980	3.529164	3.529164	3.529164	3.529164	1.102123	1.996440	2.006026	2.698352
2.990	3.680927	3.680927	3.680927	3.680927	1.086590	2.306564	2.310398	2.716681
3.000	3.804226	3.804226	3.804226	3.804226	1.397257	2.616687	2.310398	2.698352
3.010	3.898107	3.898107	3.898107	3.898107	1.676857	2.306564	2.614769	3.046602
3.020	3.961845	3.961845	3.961845	3.961845	1.676857	2.616687	2.631678	3.376523
3.030	3.994948	3.994948	3.994948	3.994948	1.971990	2.910488	2.936050	3.724773
3.040	3.997158	3.997158	3.997158	3.997158	1.971990	2.926810	2.936050	3.724773
3.050	3.968459	3.968459	3.968459	3.968459	1.971990	3.220611	3.257330	3.724773
3.060	3.909073	3.909073	3.909073	3.909073	1.971990	3.220611	3.257330	3.724773
3.070	3.819459	3.819459	3.819459	3.819459	1.971990	3.220611	2.936050	3.724773
3.080	3.700310	3.700310	3.700310	3.700310	1.987524	3.236933	3.240421	3.724773
3.090	3.552547	3.552547	3.552547	3.552547	1.956457	3.236933	3.240421	3.724773
3.100	3.377313	3.377313	3.377313	3.377313	2.267124	3.236933	2.936050	3.724773
3.110	3.175963	3.175963	3.175963	3.175963	1.987524	3.236933	3.257330	4.073023
3.120	2.950054	2.950054	2.950054	2.950054	1.971990	3.220611	3.240421	4.073023
3.130	2.701333	2.701333	2.701333	2.701333	2.267124	3.236933	3.240421	3.724773
3.140	2.431723	2.431723	2.431723	2.431723	2.267124	3.236933	2.936050	4.091352
3.150	2.143309	2.143309	2.143309	2.143309	2.267124	2.926810	2.936050	3.724773
3.160	1.838321	1.838321	1.838321	1.838321	1.971990	2.910488	3.257330	3.724773
3.170	1.519118	1.519118	1.519118	1.519118	1.692390	2.616687	2.936050	3.394852
3.180	1.188168	1.188168	1.188168	1.188168	1.381724	2.290241	2.614769	3.028273
3.190	0.848030	0.848030	0.848030	0.848030	1.102123	1.996440	2.310398	2.698352
3.200	0.501335	0.501335	0.501335	0.501335	0.806990	1.996440	2.293488	2.038510
3.210	0.150763	0.150763	0.150763	0.150763	0.511857	1.376194	1.684745	1.690260
3.220	-0.200975	-0.200975	-0.200975	-0.200975	-0.062877	1.066070	1.380374	1.690260
3.230	-0.551159	-0.551159	-0.551159	-0.551159	-0.373544	1.066070	1.363465	1.360339
3.240	-0.897081	-0.897081	-0.897081	-0.897081	-0.373544	1.066070	0.433441	1.012089
3.250	-1.236066	-1.236066	-1.236066	-1.236066	-0.373544	0.429502	0.450351	0.663839
3.260	-1.565493	-1.565493	-1.565493	-1.565493	-0.948277	0.152023	0.145979	-0.014332
3.270	-1.882814	-1.882814	-1.882814	-1.882814	-1.258944	-0.174423	0.145979	-0.014332
3.280	-2.185576	-2.185576	-2.185576	-2.185576	-1.523011	-0.484546	-0.479673	-0.692503
3.290	-2.471437	-2.471437	-2.471437	-2.471437	-1.818144	-0.778347	-1.088415	-1.022424
3.300	-2.738187	-2.738187	-2.738187	-2.738187	-2.408411	-1.088470	-1.409696	-1.389003
3.310	-2.983763	-2.983763	-2.983763	-2.983763	-2.998678	-1.398594	-1.730977	-1.389003
3.320	-3.206267	-3.206267	-3.206267	-3.206267	-2.998678	-1.725039	-1.714067	-2.085503
3.330	-3.403977	-3.403977	-3.403977	-3.403977	-2.998678	-2.035162	-2.339719	-2.415424
3.340	-3.575365	-3.575365	-3.575365	-3.575365	-3.293811	-2.328963	-2.356629	-2.415424
3.350	-3.719105	-3.719105	-3.719105	-3.719105	-3.573412	-2.312641	-2.644091	-2.763674
3.360	-3.834087	-3.834087	-3.834087	-3.834087	-3.588945	-2.328963	-2.948462	-3.093595
3.370	-3.919420	-3.919420	-3.919420	-3.919420	-3.868545	-2.622764	-2.931552	-3.405187
3.380	-3.974445	-3.974445	-3.974445	-3.974445	-4.163678	-2.932888	-3.252833	-3.075266
3.390	-3.998737	-3.998737	-3.998737	-3.998737	-4.148145	-2.932888	-3.269743	-3.423516
3.400	-3.992107	-3.992107	-3.992107	-3.992107	-4.163678	-3.259333	-3.574114	-3.423516
3.410	-3.954607	-3.954607	-3.954607	-3.954607	-4.458812	-3.259333	-3.574114	-3.771766
3.420	-3.886527	-3.886527	-3.886527	-3.886527	-4.474345	-3.569457	-3.574114	-3.423516
3.430	-3.788394	-3.788394	-3.788394	-3.788394	-4.474345	-3.275655	-3.895395	-3.423516
3.440	-3.660966	-3.660966	-3.660966	-3.660966	-4.458812	-3.569457	-3.912304	-3.771766
3.450	-3.505228	-3.505228	-3.505228	-3.505228	-4.443279	-3.569457	-3.878485	-3.771766
3.460	-3.322385	-3.322385	-3.322385	-3.322385	-4.458812	-3.553134	-3.574114	-3.753437
3.470	-3.113851	-3.113851	-3.113851	-3.113851	-4.458812	-3.553134	-3.574114	-3.753437
3.480	-2.881238	-2.881238	-2.881238	-2.881238	-4.458812	-3.569457	-3.895395	-3.771766
3.490	-2.626345	-2.626345	-2.626345	-2.626345	-4.474345	-3.243011	-3.878485	-3.771766
3.500	-2.351143	-2.351143	-2.351143	-2.351143	-4.458812	-3.569457	-3.574114	-3.753437
3.510	-2.057760	-2.057760	-2.057760	-2.057760	-4.458812	-3.553134	-3.574114	-3.423516
3.520	-1.748465	-1.748465	-1.748465	-1.748465	-4.179212	-3.243011	-3.557205	-3.423516
3.530	-1.425649	-1.425649	-1.425649	-1.425649	-4.163678	-2.949210	-3.269743	-3.423516
3.540	-1.091810	-1.091810	-1.091810	-1.091810	-3.278278	-2.639087	-2.965371	-2.745345
3.550	-0.749527	-0.749527	-0.749527	-0.749527	-3.293811	-2.345286	-2.965371	-2.763674
3.560	-0.401449	-0.401449	-0.401449	-0.401449	-2.998678	-2.328963	-2.644091	-2.048845
3.570	-0.050266	-0.050266	-0.050266	-0.050266	-2.703545	-2.018840	-2.339719	-1.718924
3.580	0.301305	0.301305	0.301305	0.301305	-2.423944	-1.414916	-1.714067	-1.389003
3.590	0.650547	0.650547	0.650547	0.650547	-2.113278	-1.088470	-1.730977	-1.040753
3.600	0.994757	0.994757	0.994757	0.994757	-1.538544	-0.794669	-1.409696	-1.040753
3.610	1.331276	1.331276	1.331276	1.331276	-1.258944	-0.484546	-0.800953	-0.692503
3.620	1.657500	1.657500	1.657500	1.657500	-1.258944	-0.174423	-0.158392	-0.362582
3.630	1.970907	1.970907	1.970907	1.970907	-0.963811	0.135701	0.162889	0.297260
3.640	2.269074	2.269074	2.269074	2.269074	-0.668677	0.445824	0.450351	0.975431
3.650	2.549694	2.549694	2.549694	2.549694	-0.078410	0.445824	0.754722	0.993760
3.660	2.810598	2.810598	2.810598	2.810598	0.216723	1.066070	0.771632	1.690260
3.670	3.049769	3.049769	3.049769	3.049769	0.496323	1.359872	1.076003	1.671931
3.680	3.265356	3.265356	3.265356	3.265356	0.791457	1.686317	1.380374	2.350102
3.690	3.455693	3.455693	3.455693	3.455693	0.791457	1.980118	2.006026	2.350102
3.700	3.619307	3.619307	3.619307	3.619307	1.086590	2.290241	2.006026	2.698352
3.710	3.754935	3.754935	3.754935	3.754935	1.381724	2.306564	2.631678	3.028273
3.720	3.861526	3.861526	3.861526	3.861526	1.676857	2.600365	2.614769	3.028273
3.730	3.938257	3.938257	3.938257	3.938257	1.971990	2.616687	2.327307	3.394852
3.740	3.984534	3.984534	3.984534	3.984534	1.956457	2.910488	2.936050	3.394852
3.750	4.000000	4.000000	4.000000	4.000000	1.971990	2.910488	2.936050	3.724773
3.760	3.984535	3.984535	3.984535	3.984535	1.971990	2.910488	2.936050	3.394852
3.770	3.938258	3.938258	3.938258	3.938258	1.971990	2.910488	3.240421	3.413181
3.780	3.861527	3.861527	3.861527	3.861527	2.267124	2.926810	2.936050	4.073023
3.790	3.754936	3.754936	3.754936	3.754936	2.267124	3.220611	3.257330	3.743102
3.800	3.619309	3.619309	3.619309	3.619309	2.251591	3.220611	2.952959	3.743102
3.810	3.455695	3.455695	3.455695	3.455695	2.546724	3.220611	3.257330	4.073023
3.820	3.265358	3.265358	3.265358	3.265358	2.562257	3.204289	3.240421	4.054694
3.830	3.049772	3.049772	3.049772	3.049772	2.562257	3.220611	3.240421	4.073023
3.840	2.810602	2.810602	2.810602	2.810602	2.267124	3.220611	3.240421	4.073023
3.850	2.549698	2.549698	2.549698	2.549698	2.562257	3.220611	3.257330	4.073023
3.860	2.269078	2.269078	2.269078	2.269078	2.562257	3.220611	3.257330	3.724773
3.870	1.970911	1.970911	1.970911	1.970911	2.267124	2.926810	3.240421	3.743102
3.880	1.657504	1.657504	1.657504	1.657504	1.971990	2.910488	2.936050	3.376523
3.890	1.331280	1.331280	1.331280	1.331280	1.692390	2.926810	2.631678	3.046602
3.900	0.994762	0.994762	0.994762	0.994762	1.381724	2.600365	2.631678	2.716681
3.910	0.650551	0.650551	0.650551	0.650551	1.102123	1.996440	2.293488	2.368431
3.920	0.301310	0.301310	0.301310	0.301310	0.527390	1.980118	1.701655	1.690260
3.930	-0.050262	-0.050262	-0.050262	-0.050262	0.511857	1.376194	1.397284	1.671931
3.940	-0.401445	-0.401445	-0.401445	-0.401445	-0.078410	1.049748	1.076003	1.360339
3.950	-0.749523	-0.749523	-0.749523	-0.749523	-0.373544	0.739625	0.771632	1.360339
3.960	-1.091805	-1.091805	-1.091805	-1.091805	-0.373544	0.445824	0.450351	0.663839
3.970	-1.425645	-1.425645	-1.425645	-1.425645	-0.668677	0.445824	0.162889	0.315589
3.980	-1.748461	-1.748461	-1.748461	-1.748461	-0.963811	0.135701	-0.175301	0.003997
3.990	-2.057756	-2.057756	-2.057756	-2.057756	-1.243411	-0.174423	-0.462763	-0.344253
4.000	-2.351139	-2.351139	-2.351139	-2.351139	-1.538544	-0.468224	-0.784044	-0.710832
4.010	-2.626341	-2.626341	-2.626341	-2.626341	-2.113278	-0.794669	-1.105325	-1.040753
4.020	-2.881234	-2.881234	-2.881234	-2.881234	-2.392878	-1.431238	-1.409696	-1.370674
4.030	-3.113848	-3.113848	-3.113848	-3.113848	-2.998678	-1.708717	-1.714067	-1.737253
4.040	-3.322382	-3.322382	-3.322382	-3.322382	-2.998678	-2.018840	-2.339719	-2.397095
4.050	-3.505226	-3.505226	-3.505226	-3.505226	-3.293811	-2.018840	-2.661000	-2.397095
4.060	-3.660964	-3.660964	-3.660964	-3.660964	-3.293811	-2.018840	-2.644091	-2.397095
4.070	-3.788392	-3.788392	-3.788392	-3.788392	-3.573412	-2.345286	-2.644091	-3.093595
4.080	-3.886526	-3.886526	-3.886526	-3.886526	-3.884078	-2.639087	-2.948462	-3.093595
4.090	-3.954607	-3.954607	-3.954607	-3.954607	-3.884078	-2.949210	-3.574114	-3.093595
4.100	-3.992107	-3.992107	-3.992107	-3.992107	-4.179212	-2.965532	-3.252833	-3.423516
4.110	-3.998737	-3.998737	-3.998737	-3.998737	-4.163678	-3.243011	-3.591024	-3.423516
4.120	-3.974446	-3.974446	-3.974446	-3.974446	-4.179212	-3.243011	-3.591024	-3.771766
4.130	-3.919421	-3.919421	-3.919421	-3.919421	-4.474345	-3.259333	-3.878485	-3.423516
4.140	-3.834088	-3.834088	-3.834088	-3.834088	-4.458812	-3.569457	-3.895395	-3.753437
4.150	-3.719107	-3.719107	-3.719107	-3.719107	-4.458812	-3.569457	-3.878485	-3.771766
4.160	-3.575367	-3.575367	-3.575367	-3.575367	-4.458812	-3.553134	-3.878485	-3.790095
4.170	-3.403979	-3.403979	-3.403979	-3.403979	-4.474345	-3.553134	-3.574114	-3.753437
4.180	-3.206269	-3.206269	-3.206269	-3.206269	-4.458812	-3.585779	-3.878485	-3.753437
4.190	-2.983766	-2.983766	-2.983766	-2.983766	-4.474345	-3.553134	-3.895395	-3.790095
4.200	-2.738190	-2.738190	-2.738190	-2.738190	-4.458812	-3.259333	-3.878485	-3.771766
4.210	-2.471440	-2.471440	-2.471440	-2.471440	-4.458812	-3.553134	-3.878485	-3.753437
4.220	-2.185580	-2.185580	-2.185580	-2.185580	-4.163678	-3.275655	-3.895395	-3.753437
4.230	-1.882818	-1.882818	-1.882818	-1.882818	-4.458812	-3.259333	-3.878485	-3.753437
4.240	-1.565497	-1.565497	-1.565497	-1.565497	-4.163678	-3.259333	-3.574114	-3.441845
4.250	-1.236070	-1.236070	-1.236070	-1.236070	-3.573412	-3.259333	-2.948462	-3.075266
4.260	-0.897086	-0.897086	-0.897086	-0.897086	-3.293811	-2.949210	-2.965371	-2.397095
4.270	-0.551164	-0.551164	-0.551164	-0.551164	-3.293811	-2.639087	-2.644091	-2.378766
4.280	-0.200980	-0.200980	-0.200980	-0.200980	-2.998678	-2.018840	-2.339719	-2.048845
4.290	0.150758	0.150758	0.150758	0.150758	-2.703545	-1.708717	-2.035348	-1.389003
4.300	0.501330	0.501330	0.501330	0.501330	-2.423944	-1.382271	-1.714067	-1.370674
4.310	0.848026	0.848026	0.848026	0.848026	-1.833678	-0.794669	-1.088415	-1.022424
4.320	1.188164	1.188164	1.188164	1.188164	-1.554078	-0.468224	-1.088415	-0.674174
4.330	1.519114	1.519114	1.519114	1.519114	-1.258944	-0.468224	-0.479673	-0.014332
4.340	1.838317	1.838317	1.838317	1.838317	-0.963811	-0.174423	-0.175301	0.315589
4.350	2.143305	2.143305	2.143305	2.143305	-0.668677	0.135701	0.145979	0.663839
4.360	2.431719	2.431719	2.431719	2.431719	-0.373544	0.462146	0.450351	1.012089
4.370	2.701329	2.701329	2.701329	2.701329	-0.078410	0.755947	0.771632	1.342010
4.380	2.950051	2.950051	2.950051	2.950051	0.496323	1.066070	1.059093	1.690260
4.390	3.175960	3.175960	3.175960	3.175960	0.496323	1.376194	1.701655	2.038510
4.400	3.377310	3.377310	3.377310	3.377310	1.086590	1.702639	1.989117	2.368431
4.410	3.552545	3.552545	3.552545	3.552545	0.806990	2.012763	2.327307	2.368431
4.420	3.700308	3.700308	3.700308	3.700308	1.102123	2.322886	2.614769	3.046602
4.430	3.819457	3.819457	3.819457	3.819457	1.381724	2.290241	2.310398	3.064931
4.440	3.909072	3.909072	3.909072	3.909072	1.661324	2.616687	2.614769	3.724773
4.450	3.968458	3.968458	3.968458	3.968458	1.676857	2.910488	2.631678	3.724773
4.460	3.997158	3.997158	3.997158	3.997158	1.971990	2.926810	2.936050	4.073023
4.470	3.994948	3.994948	3.994948	3.994948	2.267124	2.910488	3.257330	4.091352
4.480	3.961846	3.961846	3.961846	3.961846	2.267124	2.910488	3.240421	3.724773
4.490	3.898108	3.898108	3.898108	3.898108	2.267124	3.204289	2.936050	3.724773
4.500	3.804227	3.804227	3.804227	3.804227	2.251591	3.220611	3.240421	3.724773
4.510	3.680928	3.680928	3.680928	3.680928	2.546724	3.220611	3.240421	3.724773
4.520	3.529166	3.529166	3.529166	3.529166	2.562257	3.220611	3.240421	4.073023
4.530	3.350114	3.350114	3.350114	3.350114	2.251591	3.236933	3.257330	4.073023
4.540	3.145155	3.145155	3.145155	3.145155	2.251591	3.220611	3.240421	4.073023
4.550	2.915876	2.915876	2.915876	2.915876	2.267124	3.220611	3.240421	4.073023
4.560	2.664050	2.664050	2.664050	2.664050	2.546724	3.220611	3.240421	4.073023
4.570	2.391622	2.391622	2.391622	2.391622	2.267124	3.236933	3.257330	3.724773
4.580	2.100701	2.100701	2.100701	2.100701	2.267124	2.926810	2.919140	3.724773
4.590	1.793535	1.793535	1.793535	1.793535	1.971990	3.236933	2.919140	3.724773
4.600	1.472501	1.472501	1.472501	1.472501	1.676857	2.616687	2.614769	3.046602
4.610	1.140080	1.140080	1.140080	1.140080	1.397257	2.306564	2.631678	2.698352
4.620	0.798843	0.798843	0.798843	0.798843	1.086590	2.290241	2.310398	2.368431
4.630	0.451428	0.451428	0.451428	0.451428	0.791457	1.996440	1.989117	2.020181
4.640	0.100523	0.100523	0.100523	0.100523	0.511857	1.669995	1.684745	2.020181
4.650	-0.251159	-0.251159	-0.251159	-0.251159	0.216723	1.066070	1.380374	1.690260
4.660	-0.600900	-0.600900	-0.600900	-0.600900	-0.078410	0.755947	1.059093	1.012089
4.670	-0.945993	-0.945993	-0.945993	-0.945993	-0.358010	0.755947	0.771632	0.663839
4.680	-1.283772	-1.283772	-1.283772	-1.283772	-0.653144	0.445824	0.433441	0.315589
4.690	-1.611623	-1.611623	-1.611623	-1.611623	-0.948277	-0.158100	0.145979	-0.032661
4.700	-1.927012	-1.927012	-1.927012	-1.927012	-1.243411	-0.174423	-0.175301	-0.380911
4.710	-2.227500	-2.227500	-2.227500	-2.227500	-1.523011	-0.468224	-0.496582	-0.710832
4.720	-2.510763	-2.510763	-2.510763	-2.510763	-1.833678	-0.778347	-1.105325	-1.059082
4.730	-2.774611	-2.774611	-2.774611	-2.774611	-2.423944	-1.398594	-1.088415	-1.389003
4.740	-3.017004	-3.017004	-3.017004	-3.017004	-2.688011	-1.414916	-1.714067	-1.389003
4.750	-3.236066	-3.236066	-3.236066	-3.236066	-3.293811	-1.725039	-1.714067	-2.067174
4.760	-3.430105	-3.430105	-3.430105	-3.430105	-3.278278	-2.328963	-2.035348	-2.397095
4.770	-3.597620	-3.597620	-3.597620	-3.597620	-3.278278	-2.312641	-2.661000	-2.433753
4.780	-3.737315	-3.737315	-3.737315	-3.737315	-3.573412	-2.328963	-2.661000	-2.763674
4.790	-3.848110	-3.848110	-3.848110	-3.848110	-3.868545	-2.622764	-3.252833	-3.093595
4.800	-3.929148	-3.929148	-3.929148	-3.929148	-3.868545	-2.639087	-3.269743	-3.093595
4.810	-3.979804	-3.979804	-3.979804	-3.979804	-3.868545	-2.949210	-3.252833	-3.093595
4.820	-3.999684	-3.999684	-3.999684	-3.999684	-4.163678	-3.243011	-3.557205	-3.423516
4.830	-3.988636	-3.988636	-3.988636	-3.988636	-4.458812	-3.243011	-3.574114	-3.771766
4.840	-3.946744	-3.946744	-3.946744	-3.946744	-4.443279	-3.243011	-3.878485	-3.423516
4.850	-3.874333	-3.874333	-3.874333	-3.874333	-4.458812	-3.569457	-3.878485	-3.753437
4.860	-3.771963	-3.771963	-3.771963	-3.771963	-4.443279	-3.569457	-3.878485	-3.790095
4.870	-3.640425	-3.640425	-3.640425	-3.640425	-4.458812	-3.553134	-3.878485	-3.753437
4.880	-3.480736	-3.480736	-3.480736	-3.480736	-4.443279	-3.553134	-3.878485	-3.753437
4.890	-3.294132	-3.294132	-3.294132	-3.294132	-4.458812	-3.553134	-3.895395	-3.771766
4.900	-3.082055	-3.082055	-3.082055	-3.082055	-4.458812	-3.536812	-3.878485	-3.771766
4.910	-2.846145	-2.846145	-2.846145	-2.846145	-4.458812	-3.553134	-3.878485	-3.753437
4.920	-2.588226	-2.588226	-2.588226	-2.588226	-4.443279	-3.569457	-3.895395	-3.771766
4.930	-2.310293	-2.310293	-2.310293	-2.310293	-4.458812	-3.553134	-3.895395	-3.423516
4.940	-2.014495	-2.014495	-2.014495	-2.014495	-4.163678	-3.553134	-3.895395	-3.441845
4.950	-1.703120	-1.703120	-1.703120	-1.703120	-4.163678	-3.569457	-3.591024	-3.405187
4.960	-1.378574	-1.378574	-1.378574	-1.378574	-3.868545	-2.949210	-3.269743	-3.423516
4.970	-1.043369	-1.043369	-1.043369	-1.043369	-3.573412	-2.655409	-2.965371	-2.745345
4.980	-0.700095	-0.700095	-0.700095	-0.700095	-3.278278	-2.328963	-2.661000	-2.415424
4.990	-0.351408	-0.351408	-0.351408	-0.351408	-2.998678	-2.018840	-2.339719	-2.397095
5.000	-0.000003	-0.000003	-0.000003	-0.000003	-2.688011	-1.692395	-2.035348	-1.718924
5.010	0.351402	0.351402	0.351402	0.351402	-2.408411	-1.708717	-1.714067	-1.370674
5.020	0.700089	0.700089	0.700089	0.700089	-1.818144	-1.088470	-1.392786	-1.040753
5.030	1.043363	1.043363	1.043363	1.043363	-1.818144	-0.794669	-1.105325	-0.710832
5.040	1.378569	1.378569	1.378569	1.378569	-1.523011	-0.484546	-0.800953	-0.014332
5.050	1.703114	1.703114	1.703114	1.703114	-0.963811	-0.158100	-0.158392	0.315589
5.060	2.014490	2.014490	2.014490	2.014490	-0.948277	0.168345	0.129070	0.663839
5.070	2.310288	2.310288	2.310288	2.310288	-0.668677	0.445824	0.450351	0.663839
5.080	2.588222	2.588222	2.588222	2.588222	-0.078410	0.445824	0.754722	1.342010
5.090	2.846141	2.846141	2.846141	2.846141	-0.078410	1.066070	0.754722	1.671931
5.100	3.082051	3.082051	3.082051	3.082051	0.511857	1.376194	1.076003	2.020181
5.110	3.294129	3.294129	3.294129	3.294129	1.086590	1.669995	1.684745	2.020181
5.120	3.480734	3.480734	3.480734	3.480734	1.102123	1.980118	1.989117	2.350102
5.130	3.640423	3.640423	3.640423	3.640423	1.102123	2.290241	2.310398	2.680023
5.140	3.771961	3.771961	3.771961	3.771961	1.397257	2.290241	2.310398	2.698352
5.150	3.874332	3.874332	3.874332	3.874332	1.676857	2.600365	2.631678	3.046602
5.160	3.946743	3.946743	3.946743	3.946743	1.676857	2.910488	2.614769	3.046602
5.170	3.988635	3.988635	3.988635	3.988635	1.692390	2.910488	2.631678	3.376523
5.180	3.999684	3.999684	3.999684	3.999684	1.971990	2.926810	2.936050	3.724773
5.190	3.979804	3.979804	3.979804	3.979804	1.971990	2.926810	2.936050	3.724773
5.200	3.929150	3.929150	3.929150	3.929150	1.987524	2.910488	2.936050	4.054694
5.210	3.848112	3.848112	3.848112	3.848112	1.971990	2.926810	2.936050	4.054694
5.220	3.737317	3.737317	3.737317	3.737317	1.971990	3.204289	3.240421	4.073023
5.230	3.597622	3.597622	3.597622	3.597622	2.267124	2.910488	2.936050	4.054694
5.240	3.430108	3.430108	3.430108	3.430108	2.267124	3.220611	3.240421	4.073023
5.250	3.236070	3.236070	3.236070	3.236070	2.267124	2.926810	3.257330	4.073023
5.260	3.017008	3.017008	3.017008	3.017008	2.267124	3.220611	3.240421	4.073023
5.270	2.774616	2.774616	2.774616	2.774616	2.267124	3.220611	3.257330	4.073023
5.280	2.510768	2.510768	2.510768	2.510768	2.267124	2.910488	3.240421	4.054694
5.290	2.227505	2.227505	2.227505	2.227505	2.251591	3.220611	3.240421	4.073023
5.300	1.927017	1.927017	1.927017	1.927017	1.971990	3.220611	2.936050	3.743102
5.310	1.611629	1.611629	1.611629	1.611629	1.956457	2.616687	2.919140	3.046602
5.320	1.283777	1.283777	1.283777	1.283777	1.676857	2.306564	2.631678	3.046602
5.330	0.945999	0.945999	0.945999	0.945999	1.086590	2.306564	2.310398	2.716681
5.340	0.600906	0.600906	0.600906	0.600906	1.086590	1.996440	2.310398	2.350102
5.350	0.251165	0.251165	0.251165	0.251165	0.806990	1.669995	1.989117	2.020181
5.360	-0.100517	-0.100517	-0.100517	-0.100517	0.216723	1.376194	1.380374	1.671931
5.370	-0.451422	-0.451422	-0.451422	-0.451422	-0.062877	1.066070	1.076003	1.342010
5.380	-0.798837	-0.798837	-0.798837	-0.798837	-0.358010	0.755947	0.754722	0.993760
5.390	-1.140074	-1.140074	-1.140074	-1.140074	-0.668677	0.772269	0.433441	0.645510
5.400	-1.472495	-1.472495	-1.472495	-1.472495	-0.948277	0.445824	0.129070	0.315589
5.410	-1.793530	-1.793530	-1.793530	-1.793530	-1.243411	-0.174423	-0.175301	-0.380911
5.420	-2.100696	-2.100696	-2.100696	-2.100696	-1.538544	-0.158100	-0.175301	-0.710832
5.430	-2.391617	-2.391617	-2.391617	-2.391617	-1.833678	-0.778347	-0.800953	-0.710832
5.440	-2.664045	-2.664045	-2.664045	-2.664045	-2.128811	-1.088470	-1.105325	-1.022424
5.450	-2.915872	-2.915872	-2.915872	-2.915872	-2.703545	-1.088470	-1.409696	-1.389003
5.460	-3.145152	-3.145152	-3.145152	-3.145152	-2.703545	-1.398594	-1.697158	-2.067174
5.470	-3.350110	-3.350110	-3.350110	-3.350110	-2.998678	-2.018840	-2.018439	-2.048845
5.480	-3.529163	-3.529163	-3.529163	-3.529163	-2.998678	-2.018840	-2.035348	-2.397095
5.490	-3.680926	-3.680926	-3.680926	-3.680926	-3.293811	-2.639087	-2.356629	-2.727016
5.500	-3.804225	-3.804225	-3.804225	-3.804225	-3.588945	-2.639087	-2.965371	-2.745345
5.510	-3.898107	-3.898107	-3.898107	-3.898107	-3.884078	-2.655409	-3.269743	-3.056937
5.520	-3.961845	-3.961845	-3.961845	-3.961845	-4.179212	-2.639087	-3.269743	-3.423516
5.530	-3.994948	-3.994948	-3.994948	-3.994948	-4.179212	-2.932888	-3.286652	-3.441845
5.540	-3.997158	-3.997158	-3.997158	-3.997158	-4.458812	-3.259333	-3.591024	-3.423516
5.550	-3.968459	-3.968459	-3.968459	-3.968459	-4.458812	-3.259333	-3.574114	-3.771766
5.560	-3.909073	-3.909073	-3.909073	-3.909073	-4.458812	-3.569457	-3.878485	-3.771766
5.570	-3.819459	-3.819459	-3.819459	-3.819459	-4.474345	-3.569457	-3.878485	-3.753437
5.580	-3.700310	-3.700310	-3.700310	-3.700310	-4.458812	-3.569457	-3.895395	-3.771766
5.590	-3.552547	-3.552547	-3.552547	-3.552547	-4.458812	-3.569457	-3.895395	-3.771766
5.600	-3.377314	-3.377314	-3.377314	-3.377314	-4.458812	-3.585779	-3.895395	-3.771766
5.610	-3.175964	-3.175964	-3.175964	-3.175964	-4.474345	-3.243011	-3.895395	-4.101687
5.620	-2.950055	-2.950055	-2.950055	-2.950055	-4.458812	-3.569457	-3.895395	-4.101687
5.630	-2.701334	-2.701334	-2.701334	-2.701334	-4.753945	-3.569457	-3.895395	-3.735108
5.640	-2.431724	-2.431724	-2.431724	-2.431724	-4.458812	-3.553134	-3.895395	-3.771766
5.650	-2.143310	-2.143310	-2.143310	-2.143310	-4.474345	-3.569457	-3.895395	-3.771766
5.660	-1.838322	-1.838322	-1.838322	-1.838322	-4.179212	-3.243011	-3.574114	-3.771766
5.670	-1.519120	-1.519120	-1.519120	-1.519120	-3.868545	-3.569457	-3.269743	-3.405187
5.680	-1.188170	-1.188170	-1.188170	-1.188170	-3.588945	-3.243011	-3.252833	-3.093595
5.690	-0.848032	-0.848032	-0.848032	-0.848032	-3.588945	-2.932888	-2.965371	-2.745345
5.700	-0.501336	-0.501336	-0.501336	-0.501336	-3.293811	-2.639087	-2.644091	-2.397095
5.710	-0.150764	-0.150764	-0.150764	-0.150764	-2.998678	-2.328963	-2.339719	-1.700595
5.720	0.200974	0.200974	0.200974	0.200974	-2.703545	-1.725039	-2.018439	-1.718924
5.730	0.551158	0.551158	0.551158	0.551158	-2.423944	-1.414916	-1.730977	-1.389003
5.740	0.897080	0.897080	0.897080	0.897080	-1.818144	-0.778347	-1.088415	-1.040753
5.750	1.236065	1.236065	1.236065	1.236065	-1.538544	-0.468224	-0.784044	-0.710832
5.760	1.565491	1.565491	1.565491	1.565491	-1.243411	-0.174423	-0.479673	-0.362582
5.770	1.882813	1.882813	1.882813	1.882813	-0.948277	0.135701	-0.175301	0.315589
5.780	2.185574	2.185574	2.185574	2.185574	-0.668677	0.429502	0.450351	0.663839
5.790	2.471436	2.471436	2.471436	2.471436	-0.373544	0.755947	0.754722	0.993760
5.800	2.738186	2.738186	2.738186	2.738186	-0.093944	1.066070	0.754722	1.323681
5.810	2.983762	2.983762	2.983762	2.983762	0.511857	1.066070	1.076003	1.342010
5.820	3.206266	3.206266	3.206266	3.206266	0.806990	1.669995	1.380374	2.001852
5.830	3.403976	3.403976	3.403976	3.403976	1.086590	1.669995	1.684745	2.020181
5.840	3.575364	3.575364	3.575364	3.575364	1.102123	1.996440	2.006026	2.716681
5.850	3.719105	3.719105	3.719105	3.719105	1.381724	2.290241	2.614769	2.698352
5.860	3.834086	3.834086	3.834086	3.834086	1.676857	2.306564	2.310398	3.028273
5.870	3.919420	3.919420	3.919420	3.919420	1.676857	2.616687	2.631678	3.376523
5.880	3.974445	3.974445	3.974445	3.974445	1.676857	2.926810	2.936050	3.394852
5.890	3.998737	3.998737	3.998737	3.998737	1.676857	2.894166	2.936050	3.724773
5.900	3.992107	3.992107	3.992107	3.992107	1.971990	3.204289	3.240421	3.724773
5.910	3.954608	3.954608	3.954608	3.954608	2.267124	3.236933	3.240421	4.073023
5.920	3.886528	3.886528	3.886528	3.886528	1.971990	3.530735	3.257330	3.724773
5.930	3.788394	3.788394	3.788394	3.788394	2.267124	3.236933	3.240421	3.706444
5.940	3.660966	3.660966	3.660966	3.660966	2.267124	3.220611	3.257330	4.073023
5.950	3.505228	3.505228	3.505228	3.505228	2.267124	3.220611	3.257330	4.073023
5.960	3.322386	3.322386	3.322386	3.322386	2.267124	3.220611	3.240421	3.743102
5.970	3.113851	3.113851	3.113851	3.113851	2.251591	3.204289	3.257330	4.054694
5.980	2.881239	2.881239	2.881239	2.881239	2.251591	3.220611	3.240421	4.073023
5.990	2.626346	2.626346	2.626346	2.626346	2.267124	3.236933	3.223511	3.724773
6.000	2.351144	2.351144	2.351144	2.351144	2.251591	3.220611	3.240421	4.054694
6.010	2.057761	2.057761	2.057761	2.057761	2.251591	3.204289	3.240421	3.743102
6.020	1.748466	1.748466	1.748466	1.748466	1.971990	2.894166	3.240421	3.724773
6.030	1.425651	1.425651	1.425651	1.425651	1.676857	2.910488	2.936050	3.064931
6.040	1.091811	1.091811	1.091811	1.091811	1.381724	2.894166	2.614769	2.735010
6.050	0.749529	0.749529	0.749529	0.749529	1.086590	2.600365	2.310398	2.368431
6.060	0.401450	0.401450	0.401450	0.401450	0.791457	2.306564	1.989117	2.038510
6.070	0.050268	0.050268	0.050268	0.050268	0.201190	1.702639	1.989117	1.690260
6.080	-0.301304	-0.301304	-0.301304	-0.301304	-0.062877	1.066070	1.363465	1.323681
6.090	-0.650545	-0.650545	-0.650545	-0.650545	-0.373544	0.755947	0.754722	1.012089
6.100	-0.994756	-0.994756	-0.994756	-0.994756	-0.668677	0.755947	0.754722	1.030418
6.110	-1.331275	-1.331275	-1.331275	-1.331275	-0.948277	0.445824	0.433441	0.315589
6.120	-1.657499	-1.657499	-1.657499	-1.657499	-1.243411	0.152023	0.145979	0.315589
6.130	-1.970906	-1.970906	-1.970906	-1.970906	-1.258944	0.152023	-0.496582	-0.344253
6.140	-2.269073	-2.269073	-2.269073	-2.269073	-1.833678	-0.158100	-0.496582	-0.710832
6.150	-2.549693	-2.549693	-2.549693	-2.549693	-2.128811	-0.468224	-1.105325	-1.059082
6.160	-2.810597	-2.810597	-2.810597	-2.810597	-2.423944	-0.778347	-1.426606	-1.389003
6.170	-3.049768	-3.049768	-3.049768	-3.049768	-2.703545	-0.778347	-1.714067	-1.718924
6.180	-3.265355	-3.265355	-3.265355	-3.265355	-2.703545	-1.398594	-2.035348	-2.048845
6.190	-3.455692	-3.455692	-3.455692	-3.455692	-2.998678	-1.725039	-2.339719	-2.397095
6.200	-3.619307	-3.619307	-3.619307	-3.619307	-3.309345	-2.002518	-2.661000	-2.745345
6.210	-3.754934	-3.754934	-3.754934	-3.754934	-3.293811	-2.328963	-2.982281	-2.745345
6.220	-3.861526	-3.861526	-3.861526	-3.861526	-3.868545	-2.639087	-3.252833	-3.075266
6.230	-3.938257	-3.938257	-3.938257	-3.938257	-3.868545	-2.949210	-3.591024	-3.423516
6.240	-3.984534	-3.984534	-3.984534	-3.984534	-4.163678	-2.949210	-3.269743	-3.423516
6.250	-4.000000	-4.000000	-4.000000	-4.000000	-4.163678	-3.259333	-3.269743	-3.423516
6.260	-3.984535	-3.984535	-3.984535	-3.984535	-4.458812	-3.259333	-3.557205	-3.423516
6.270	-3.938258	-3.938258	-3.938258	-3.938258	-4.458812	-2.949210	-3.878485	-3.790095
6.280	-3.861528	-3.861528	-3.861528	-3.861528	-4.474345	-3.243011	-3.591024	-3.423516
6.290	-3.754937	-3.754937	-3.754937	-3.754937	-4.458812	-3.259333	-3.878485	-3.441845
6.300	-3.619310	-3.619310	-3.619310	-3.619310	-4.458812	-3.259333	-3.895395	-3.423516
6.310	-3.455696	-3.455696	-3.455696	-3.455696	-4.474345	-3.259333	-3.912304	-3.441845
6.320	-3.265359	-3.265359	-3.265359	-3.265359	-4.474345	-3.243011	-3.895395	-3.771766
6.330	-3.049773	-3.049773	-3.049773	-3.049773	-4.474345	-3.259333	-3.895395	-3.771766
6.340	-2.810603	-2.810603	-2.810603	-2.810603	-4.474345	-3.259333	-3.878485	-3.771766
6.350	-2.549699	-2.549699	-2.549699	-2.549699	-4.474345	-3.259333	-3.574114	-3.423516
6.360	-2.269079	-2.269079	-2.269079	-2.269079	-4.474345	-3.259333	-3.878485	-3.771766
6.370	-1.970913	-1.970913	-1.970913	-1.970913	-4.474345	-3.275655	-3.557205	-3.441845
6.380	-1.657506	-1.657506	-1.657506	-1.657506	-3.884078	-3.259333	-3.591024	-3.405187
6.390	-1.331282	-1.331282	-1.331282	-1.331282	-3.884078	-3.243011	-3.252833	-3.075266
6.400	-0.994763	-0.994763	-0.994763	-0.994763	-3.588945	-3.243011	-2.965371	-2.745345
6.410	-0.650552	-0.650552	-0.650552	-0.650552	-3.293811	-3.259333	-2.644091	-2.048845
6.420	-0.301311	-0.301311	-0.301311	-0.301311	-2.998678	-3.243011	-2.322810	-2.067174
6.430	0.050260	0.050260	0.050260	0.050260	-2.719078	-3.243011	-2.018439	-1.718924
6.440	0.401443	0.401443	0.401443	0.401443	-2.408411	-2.639087	-1.730977	-1.352345
6.450	0.749521	0.749521	0.749521	0.749521	-1.833678	-2.328963	-1.392786	-0.710832
6.460	1.091804	1.091804	1.091804	1.091804	-1.538544	-1.708717	-1.088415	-0.692503
6.470	1.425644	1.425644	1.425644	1.425644	-1.227877	-0.778347	-0.479673	-0.692503
6.480	1.748460	1.748460	1.748460	1.748460	-0.963811	-0.468224	-0.158392	-0.014332
6.490	2.057755	2.057755	2.057755	2.057755	-0.653144	-0.174423	0.145979	0.315589
6.500	2.351138	2.351138	2.351138	2.351138	-0.373544	0.462146	0.450351	0.663839
6.510	2.626340	2.626340	2.626340	2.626340	-0.078410	1.049748	0.754722	0.993760
6.520	2.881233	2.881233	2.881233	2.881233	0.216723	1.392516	1.059093	1.690260
6.530	3.113847	3.113847	3.113847	3.113847	0.511857	1.686317	1.397284	2.020181
6.540	3.322381	3.322381	3.322381	3.322381	0.806990	1.980118	1.667836	2.368431
6.550	3.505225	3.505225	3.505225	3.505225	1.102123	1.980118	2.006026	2.350102
6.560	3.660963	3.660963	3.660963	3.660963	1.381724	2.600365	2.293488	2.698352
6.570	3.788392	3.788392	3.788392	3.788392	1.676857	2.600365	2.614769	3.028273
6.580	3.886526	3.886526	3.886526	3.886526	1.676857	2.616687	2.631678	3.046602
6.590	3.954606	3.954606	3.954606	3.954606	1.971990	2.926810	2.614769	3.376523
6.600	3.992107	3.992107	3.992107	3.992107	1.971990	2.910488	2.936050	3.394852
6.610	3.998737	3.998737	3.998737	3.998737	1.971990	2.910488	2.936050	3.724773
6.620	3.974446	3.974446	3.974446	3.974446	1.971990	2.910488	2.936050	4.073023
6.630	3.919421	3.919421	3.919421	3.919421	1.971990	2.926810	3.240421	4.054694
6.640	3.834088	3.834088	3.834088	3.834088	2.267124	2.926810	3.240421	3.724773
6.650	3.719107	3.719107	3.719107	3.719107	2.267124	2.894166	3.257330	4.073023
6.660	3.575367	3.575367	3.575367	3.575367	2.267124	2.926810	3.257330	4.073023
6.670	3.403980	3.403980	3.403980	3.403980	2.267124	2.910488	3.257330	3.724773
6.680	3.206270	3.206270	3.206270	3.206270	2.251591	2.926810	3.257330	3.724773
6.690	2.983767	2.983767	2.983767	2.983767	2.267124	2.926810	3.257330	4.091352
6.700	2.738191	2.738191	2.738191	2.738191	2.267124	2.926810	3.240421	3.724773
6.710	2.471442	2.471442	2.471442	2.471442	2.267124	2.926810	3.240421	4.091352
6.720	2.185581	2.185581	2.185581	2.185581	2.267124	2.926810	3.240421	3.743102
6.730	1.882819	1.882819	1.882819	1.882819	2.251591	2.910488	2.936050	3.743102
6.740	1.565498	1.565498	1.565498	1.565498	1.676857	2.926810	2.648588	3.394852
6.750	1.236072	1.236072	1.236072	1.236072	1.676857	2.926810	2.631678	2.698352
6.760	0.897087	0.897087	0.897087	0.897087	1.086590	2.600365	2.327307	2.386760
6.770	0.551165	0.551165	0.551165	0.551165	0.791457	2.306564	2.310398	2.350102
6.780	0.200981	0.200981	0.200981	0.200981	0.511857	2.012763	1.989117	2.020181
6.790	-0.150757	-0.150757	-0.150757	-0.150757	-0.078410	1.669995	1.380374	1.671931
6.800	-0.501329	-0.501329	-0.501329	-0.501329	-0.358010	1.066070	1.076003	1.342010
6.810	-0.848024	-0.848024	-0.848024	-0.848024	-0.668677	0.755947	0.771632	0.993760
6.820	-1.188162	-1.188162	-1.188162	-1.188162	-0.963811	0.445824	0.433441	0.645510
6.830	-1.519113	-1.519113	-1.519113	-1.519113	-0.668677	0.152023	0.145979	0.333918
6.840	-1.838316	-1.838316	-1.838316	-1.838316	-1.243411	-0.174423	-0.479673	-0.032661
6.850	-2.143304	-2.143304	-2.143304	-2.143304	-1.538544	-0.484546	-0.479673	-0.362582
6.860	-2.431718	-2.431718	-2.431718	-2.431718	-1.833678	-0.778347	-0.784044	-1.022424
6.870	-2.701328	-2.701328	-2.701328	-2.701328	-2.423944	-0.794669	-1.105325	-1.370674
6.880	-2.950050	-2.950050	-2.950050	-2.950050	-2.703545	-1.398594	-1.714067	-1.370674
6.890	-3.175959	-3.175959	-3.175959	-3.175959	-2.998678	-1.708717	-1.730977	-1.718924
6.900	-3.377309	-3.377309	-3.377309	-3.377309	-3.293811	-2.018840	-2.018439	-2.397095
6.910	-3.552544	-3.552544	-3.552544	-3.552544	-3.293811	-2.328963	-2.339719	-2.397095
6.920	-3.700307	-3.700307	-3.700307	-3.700307	-3.588945	-2.639087	-2.644091	-2.727016
6.930	-3.819457	-3.819457	-3.819457	-3.819457	-3.588945	-2.328963	-2.965371	-2.727016
6.940	-3.909072	-3.909072	-3.909072	-3.909072	-3.884078	-2.622764	-3.252833	-3.075266
6.950	-3.968458	-3.968458	-3.968458	-3.968458	-3.884078	-2.639087	-3.269743	-3.405187
6.960	-3.997158	-3.997158	-3.997158	-3.997158	-4.179212	-2.932888	-3.252833	-3.790095
6.970	-3.994948	-3.994948	-3.994948	-3.994948	-4.458812	-3.243011	-3.557205	-3.771766
6.980	-3.961846	-3.961846	-3.961846	-3.961846	-4.458812	-3.243011	-3.574114	-3.423516
6.990	-3.898108	-3.898108	-3.898108	-3.898108	-4.458812	-3.259333	-3.878485	-3.753437
7.000	-3.804227	-3.804227	-3.804227	-3.804227	-4.458812	-3.243011	-3.895395	-3.771766
7.010	-3.680929	-3.680929	-3.680929	-3.680929	-4.458812	-3.553134	-3.878485	-3.771766
7.020	-3.529167	-3.529167	-3.529167	-3.529167	-4.474345	-3.259333	-3.878485	-3.771766
7.030	-3.350114	-3.350114	-3.350114	-3.350114	-4.458812	-3.553134	-3.574114	-3.753437
7.040	-3.145156	-3.145156	-3.145156	-3.145156	-4.458812	-3.553134	-3.878485	-3.771766
7.050	-2.915877	-2.915877	-2.915877	-2.915877	-4.753945	-3.259333	-3.878485	-3.771766
7.060	-2.664051	-2.664051	-2.664051	-2.664051	-4.458812	-3.569457	-3.878485	-3.771766
7.070	-2.391623	-2.391623	-2.391623	-2.391623	-4.458812	-3.243011	-3.895395	-3.441845
7.080	-2.100702	-2.100702	-2.100702	-2.100702	-4.179212	-3.569457	-3.574114	-3.753437
7.090	-1.793537	-1.793537	-1.793537	-1.793537	-4.179212	-3.536812	-3.574114	-3.753437
7.100	-1.472502	-1.472502	-1.472502	-1.472502	-3.868545	-3.569457	-3.574114	-3.423516
7.110	-1.140081	-1.140081	-1.140081	-1.140081	-3.588945	-3.259333	-3.269743	-2.745345
7.120	-0.798844	-0.798844	-0.798844	-0.798844	-3.309345	-3.259333	-2.644091	-2.727016
7.130	-0.451430	-0.451430	-0.451430	-0.451430	-3.309345	-2.949210	-2.644091	-2.067174
7.140	-0.100525	-0.100525	-0.100525	-0.100525	-3.014211	-2.639087	-2.339719	-1.737253
7.150	0.251158	0.251158	0.251158	0.251158	-2.423944	-1.708717	-2.018439	-1.389003
7.160	0.600898	0.600898	0.600898	0.600898	-2.128811	-1.414916	-1.697158	-1.389003
7.170	0.945992	0.945992	0.945992	0.945992	-1.833678	-0.794669	-1.105325	-1.040753
7.180	1.283770	1.283770	1.283770	1.283770	-1.538544	-0.484546	-0.800953	-0.710832
7.190	1.611622	1.611622	1.611622	1.611622	-1.258944	-0.484546	-0.800953	-0.362582
7.200	1.927011	1.927011	1.927011	1.927011	-0.948277	0.135701	0.145979	0.315589
7.210	2.227499	2.227499	2.227499	2.227499	-0.668677	0.135701	0.467260	0.645510
7.220	2.510762	2.510762	2.510762	2.510762	-0.389077	0.755947	0.754722	1.342010
7.230	2.774610	2.774610	2.774610	2.774610	0.232256	1.066070	1.076003	1.342010
7.240	3.017003	3.017003	3.017003	3.017003	0.496323	1.359872	1.380374	1.671931
7.250	3.236065	3.236065	3.236065	3.236065	0.791457	1.669995	1.701655	2.350102
7.260	3.430104	3.430104	3.430104	3.430104	1.071057	1.980118	2.006026	2.698352
7.270	3.597619	3.597619	3.597619	3.597619	1.102123	2.290241	2.022936	2.698352
7.280	3.737314	3.737314	3.737314	3.737314	1.381724	2.290241	2.327307	3.064931
7.290	3.848109	3.848109	3.848109	3.848109	1.397257	2.600365	2.614769	2.698352
7.300	3.929148	3.929148	3.929148	3.929148	1.676857	2.600365	2.631678	3.064931
7.310	3.979804	3.979804	3.979804	3.979804	1.971990	2.926810	2.936050	3.376523
7.320	3.999684	3.999684	3.999684	3.999684	1.956457	2.910488	2.936050	3.724773
7.330	3.988636	3.988636	3.988636	3.988636	1.956457	2.910488	2.919140	4.054694
7.340	3.946744	3.946744	3.946744	3.946744	2.251591	3.236933	2.952959	4.073023
7.350	3.874334	3.874334	3.874334	3.874334	1.956457	2.926810	2.936050	4.073023
7.360	3.771964	3.771964	3.771964	3.771964	2.546724	2.926810	3.240421	4.054694
7.370	3.640426	3.640426	3.640426	3.640426	2.562257	3.220611	2.952959	4.073023
7.380	3.480737	3.480737	3.480737	3.480737	2.546724	2.910488	2.936050	4.402944
7.390	3.294133	3.294133	3.294133	3.294133	2.546724	3.236933	2.936050	4.073023
7.400	3.082056	3.082056	3.082056	3.082056	2.267124	3.236933	3.257330	4.073023
7.410	2.846146	2.846146	2.846146	2.846146	2.267124	3.236933	3.257330	4.073023
7.420	2.588227	2.588227	2.588227	2.588227	2.267124	3.236933	2.952959	4.073023
7.430	2.310294	2.310294	2.310294	2.310294	2.267124	3.220611	3.240421	3.743102
7.440	2.014497	2.014497	2.014497	2.014497	1.956457	3.236933	2.952959	3.724773
7.450	1.703121	1.703121	1.703121	1.703121	1.956457	2.926810	2.936050	3.394852
7.460	1.378576	1.378576	1.378576	1.378576	1.676857	2.910488	2.919140	3.046602
7.470	1.043370	1.043370	1.043370	1.043370	1.381724	2.600365	2.631678	3.046602
7.480	0.700097	0.700097	0.700097	0.700097	1.086590	2.306564	2.614769	2.368431
7.490	0.351409	0.351409	0.351409	0.351409	0.791457	1.996440	2.006026	2.368431
7.500	0.000005	0.000005	0.000005	0.000005	0.232256	1.376194	1.701655	1.690260
7.510	-0.351400	-0.351400	-0.351400	-0.351400	-0.078410	1.049748	1.380374	1.671931
7.520	-0.700088	-0.700088	-0.700088	-0.700088	-0.078410	0.755947	1.059093	1.360339
7.530	-1.043362	-1.043362	-1.043362	-1.043362	-0.373544	0.772269	0.450351	0.663839
7.540	-1.378567	-1.378567	-1.378567	-1.378567	-0.668677	0.445824	0.129070	0.663839
7.550	-1.703113	-1.703113	-1.703113	-1.703113	-0.963811	-0.174423	0.145979	0.333918
7.560	-2.014489	-2.014489	-2.014489	-2.014489	-1.538544	-0.484546	-0.158392	-0.362582
7.570	-2.310287	-2.310287	-2.310287	-2.310287	-1.538544	-0.468224	-0.479673	-0.710832
7.580	-2.588220	-2.588220	-2.588220	-2.588220	-1.833678	-1.104792	-1.105325	-1.040753
7.590	-2.846140	-2.846140	-2.846140	-2.846140	-2.408411	-1.398594	-1.409696	-1.370674
7.600	-3.082050	-3.082050	-3.082050	-3.082050	-2.998678	-1.692395	-1.714067	-1.718924
7.610	-3.294128	-3.294128	-3.294128	-3.294128	-3.293811	-2.018840	-2.018439	-2.067174
7.620	-3.480733	-3.480733	-3.480733	-3.480733	-3.293811	-2.018840	-2.339719	-2.397095
7.630	-3.640422	-3.640422	-3.640422	-3.640422	-3.293811	-2.328963	-2.644091	-2.727016
7.640	-3.771961	-3.771961	-3.771961	-3.771961	-3.573412	-2.328963	-2.661000	-2.745345
7.650	-3.874332	-3.874332	-3.874332	-3.874332	-3.884078	-2.639087	-2.948462	-3.093595
7.660	-3.946743	-3.946743	-3.946743	-3.946743	-3.899612	-2.932888	-2.948462	-3.075266
7.670	-3.988635	-3.988635	-3.988635	-3.988635	-4.179212	-2.949210	-3.574114	-3.423516
7.680	-3.999684	-3.999684	-3.999684	-3.999684	-4.179212	-3.243011	-3.574114	-3.423516
7.690	-3.979805	-3.979805	-3.979805	-3.979805	-3.868545	-3.553134	-3.574114	-3.753437
7.700	-3.929150	-3.929150	-3.929150	-3.929150	-4.458812	-3.569457	-3.895395	-3.771766
7.710	-3.848112	-3.848112	-3.848112	-3.848112	-4.458812	-3.553134	-3.895395	-3.771766
7.720	-3.737317	-3.737317	-3.737317	-3.737317	-4.458812	-3.553134	-3.895395	-3.771766
7.730	-3.597623	-3.597623	-3.597623	-3.597623	-4.458812	-3.553134	-3.895395	-3.790095
7.740	-3.430109	-3.430109	-3.430109	-3.430109	-4.458812	-3.553134	-3.895395	-3.771766
7.750	-3.236071	-3.236071	-3.236071	-3.236071	-4.458812	-3.553134	-3.878485	-3.753437
7.760	-3.017009	-3.017009	-3.017009	-3.017009	-4.458812	-3.553134	-3.895395	-3.771766
7.770	-2.774617	-2.774617	-2.774617	-2.774617	-4.474345	-3.569457	-3.895395	-3.753437
7.780	-2.510769	-2.510769	-2.510769	-2.510769	-4.474345	-3.553134	-3.895395	-3.771766
7.790	-2.227506	-2.227506	-2.227506	-2.227506	-4.163678	-3.569457	-3.895395	-3.771766
7.800	-1.927019	-1.927019	-1.927019	-1.927019	-4.179212	-3.569457	-3.591024	-3.771766
7.810	-1.611630	-1.611630	-1.611630	-1.611630	-4.163678	-3.553134	-3.574114	-3.441845
7.820	-1.283779	-1.283779	-1.283779	-1.283779	-3.868545	-3.259333	-3.574114	-3.423516
7.830	-0.946001	-0.946001	-0.946001	-0.946001	-3.588945	-3.553134	-2.965371	-2.745345
7.840	-0.600907	-0.600907	-0.600907	-0.600907	-3.293811	-2.932888	-2.644091	-2.397095
7.850	-0.251167	-0.251167	-0.251167	-0.251167	-2.998678	-2.622764	-2.339719	-1.718924
7.860	0.100516	0.100516	0.100516	0.100516	-2.703545	-2.328963	-2.035348	-1.370674
7.870	0.451421	0.451421	0.451421	0.451421	-2.128811	-1.708717	-1.730977	-1.040753
7.880	0.798835	0.798835	0.798835	0.798835	-1.833678	-1.398594	-1.105325	-1.040753
7.890	1.140073	1.140073	1.140073	1.140073	-1.538544	-0.794669	-0.800953	-0.692503
7.900	1.472494	1.472494	1.472494	1.472494	-1.243411	-0.468224	-0.479673	-0.362582
7.910	1.793529	1.793529	1.793529	1.793529	-0.948277	-0.174423	-0.158392	-0.032661
7.920	2.100694	2.100694	2.100694	2.100694	-0.653144	0.445824	0.129070	0.645510
7.930	2.391616	2.391616	2.391616	2.391616	-0.373544	0.462146	0.450351	1.012089
7.940	2.664044	2.664044	2.664044	2.664044	-0.078410	1.066070	1.076003	1.671931
7.950	2.915871	2.915871	2.915871	2.915871	0.216723	1.376194	1.076003	1.671931
7.960	3.145151	3.145151	3.145151	3.145151	0.511857	1.669995	1.397284	2.020181
7.970	3.350110	3.350110	3.350110	3.350110	0.806990	1.686317	1.989117	2.368431
7.980	3.529163	3.529163	3.529163	3.529163	1.086590	2.290241	2.293488	2.350102
7.990	3.680926	3.680926	3.680926	3.680926	1.086590	2.290241	2.614769	2.350102
8.000	3.804225	3.804225	3.804225	3.804225	1.381724	2.616687	2.310398	2.716681
8.010	3.898106	3.898106	3.898106	3.898106	1.676857	2.600365	2.614769	2.716681
8.020	3.961845	3.961845	3.961845	3.961845	1.676857	2.616687	2.919140	3.376523
8.030	3.994948	3.994948	3.994948	3.994948	1.971990	2.910488	2.919140	3.376523
8.040	3.997158	3.997158	3.997158	3.997158	2.251591	2.910488	2.919140	3.724773
8.050	3.968459	3.968459	3.968459	3.968459	2.267124	2.910488	3.223511	4.073023
8.060	3.909074	3.909074	3.909074	3.909074	2.267124	2.910488	2.936050	4.054694
8.070	3.819460	3.819460	3.819460	3.819460	2.267124	2.910488	3.240421	3.724773
8.080	3.700311	3.700311	3.700311	3.700311	2.546724	3.220611	3.240421	4.054694
8.090	3.552548	3.552548	3.552548	3.552548	2.267124	3.236933	3.544792	4.073023
8.100	3.377314	3.377314	3.377314	3.377314	2.267124	3.236933	3.223511	4.073023
8.110	3.175965	3.175965	3.175965	3.175965	2.562257	3.204289	3.240421	4.073023
8.120	2.950056	2.950056	2.950056	2.950056	2.267124	3.236933	3.240421	4.054694
8.130	2.701335	2.701335	2.701335	2.701335	2.267124	3.220611	3.561702	4.073023
8.140	2.431725	2.431725	2.431725	2.431725	2.562257	2.910488	3.561702	4.073023
8.150	2.143311	2.143311	2.143311	2.143311	2.267124	2.894166	3.544792	4.054694
8.160	1.838324	1.838324	1.838324	1.838324	1.971990	2.926810	3.240421	3.394852
8.170	1.519121	1.519121	1.519121	1.519121	1.971990	2.910488	2.936050	3.394852
8.180	1.188171	1.188171	1.188171	1.188171	1.381724	2.926810	2.631678	2.698352
8.190	0.848033	0.848033	0.848033	0.848033	1.086590	2.584042	2.327307	2.020181
8.200	0.501338	0.501338	0.501338	0.501338	0.822523	1.996440	2.022936	2.020181
8.210	0.150766	0.150766	0.150766	0.150766	0.216723	1.669995	1.989117	2.038510
8.220	-0.200972	-0.200972	-0.200972	-0.200972	-0.062877	1.376194	1.380374	1.360339
8.230	-0.551156	-0.551156	-0.551156	-0.551156	0.216723	1.066070	1.059093	1.342010
8.240	-0.897078	-0.897078	-0.897078	-0.897078	-0.373544	0.755947	0.754722	1.012089
8.250	-1.236063	-1.236063	-1.236063	-1.236063	-0.653144	0.445824	0.450351	0.663839
8.260	-1.565490	-1.565490	-1.565490	-1.565490	-0.948277	0.135701	0.145979	0.315589
8.270	-1.882811	-1.882811	-1.882811	-1.882811	-1.243411	-0.174423	0.145979	-0.362582
8.280	-2.185573	-2.185573	-2.185573	-2.185573	-1.538544	-0.468224	-0.496582	-0.692503
8.290	-2.471435	-2.471435	-2.471435	-2.471435	-2.128811	-0.794669	-0.784044	-1.022424
8.300	-2.738185	-2.738185	-2.738185	-2.738185	-2.408411	-1.088470	-1.105325	-1.040753
8.310	-2.983761	-2.983761	-2.983761	-2.983761	-2.703545	-1.414916	-1.409696	-1.718924
8.320	-3.206265	-3.206265	-3.206265	-3.206265	-2.998678	-2.018840	-1.730977	-2.048845
8.330	-3.403975	-3.403975	-3.403975	-3.403975	-3.293811	-2.312641	-2.035348	-2.067174
8.340	-3.575363	-3.575363	-3.575363	-3.575363	-3.278278	-2.328963	-2.322810	-2.415424
8.350	-3.719104	-3.719104	-3.719104	-3.719104	-3.588945	-2.328963	-2.339719	-3.093595
8.360	-3.834086	-3.834086	-3.834086	-3.834086	-3.573412	-2.328963	-2.948462	-3.093595
8.370	-3.919419	-3.919419	-3.919419	-3.919419	-3.868545	-2.345286	-3.269743	-3.423516
8.380	-3.974445	-3.974445	-3.974445	-3.974445	-3.884078	-2.639087	-3.269743	-3.423516
8.390	-3.998737	-3.998737	-3.998737	-3.998737	-4.163678	-2.949210	-3.591024	-3.441845
8.400	-3.992107	-3.992107	-3.992107	-3.992107	-4.458812	-3.259333	-3.878485	-3.771766
8.410	-3.954608	-3.954608	-3.954608	-3.954608	-4.458812	-3.569457	-3.591024	-3.771766
8.420	-3.886528	-3.886528	-3.886528	-3.886528	-4.458812	-3.553134	-3.591024	-4.120016
8.430	-3.788395	-3.788395	-3.788395	-3.788395	-4.458812	-3.553134	-3.574114	-3.771766
8.440	-3.660967	-3.660967	-3.660967	-3.660967	-4.458812	-3.553134	-3.878485	-3.771766
8.450	-3.505229	-3.505229	-3.505229	-3.505229	-4.458812	-3.553134	-3.895395	-3.753437
8.460	-3.322386	-3.322386	-3.322386	-3.322386	-4.753945	-3.553134	-3.574114	-3.771766
8.470	-3.113852	-3.113852	-3.113852	-3.113852	-4.458812	-3.863258	-3.895395	-3.771766
8.480	-2.881240	-2.881240	-2.881240	-2.881240	-4.443279	-3.553134	-3.895395	-4.083358
8.490	-2.626347	-2.626347	-2.626347	-2.626347	-4.474345	-3.553134	-3.895395	-3.753437
8.500	-2.351145	-2.351145	-2.351145	-2.351145	-4.458812	-3.553134	-3.895395	-3.753437
8.510	-2.057763	-2.057763	-2.057763	-2.057763	-4.458812	-3.553134	-3.895395	-3.753437
8.520	-1.748468	-1.748468	-1.748468	-1.748468	-4.179212	-3.243011	-3.895395	-3.753437
8.530	-1.425652	-1.425652	-1.425652	-1.425652	-3.884078	-3.243011	-3.269743	-3.405187
8.540	-1.091813	-1.091813	-1.091813	-1.091813	-3.588945	-2.622764	-3.269743	-2.745345
8.550	-0.749530	-0.749530	-0.749530	-0.749530	-3.293811	-2.328963	-2.965371	-2.397095
8.560	-0.401452	-0.401452	-0.401452	-0.401452	-3.293811	-2.002518	-2.339719	-2.048845
8.570	-0.050269	-0.050269	-0.050269	-0.050269	-2.703545	-1.725039	-2.018439	-1.737253
8.580	0.301302	0.301302	0.301302	0.301302	-2.408411	-1.708717	-2.018439	-1.718924
8.590	0.650544	0.650544	0.650544	0.650544	-2.128811	-1.088470	-1.392786	-1.370674
8.600	0.994755	0.994755	0.994755	0.994755	-1.538544	-0.778347	-1.105325	-1.022424
8.610	1.331273	1.331273	1.331273	1.331273	-1.243411	-0.484546	-0.800953	-0.692503
8.620	1.657498	1.657498	1.657498	1.657498	-0.948277	-0.174423	-0.479673	-0.344253
8.630	1.970905	1.970905	1.970905	1.970905	-0.948277	0.152023	0.145979	0.352247
8.640	2.269072	2.269072	2.269072	2.269072	-0.373544	0.135701	0.433441	0.663839
8.650	2.549692	2.549692	2.549692	2.549692	-0.078410	0.755947	0.771632	1.012089
8.660	2.810596	2.810596	2.810596	2.810596	0.216723	1.066070	0.771632	1.342010
8.670	3.049767	3.049767	3.049767	3.049767	0.496323	1.049748	1.380374	2.020181
8.680	3.265354	3.265354	3.265354	3.265354	0.791457	1.669995	1.684745	2.368431
8.690	3.455691	3.455691	3.455691	3.455691	0.806990	1.996440	1.684745	2.368431
8.700	3.619306	3.619306	3.619306	3.619306	1.086590	2.306564	2.310398	2.698352
8.710	3.754934	3.754934	3.754934	3.754934	1.381724	2.290241	2.631678	2.735010
8.720	3.861525	3.861525	3.861525	3.861525	1.692390	2.600365	2.614769	3.046602
8.730	3.938256	3.938256	3.938256	3.938256	1.692390	2.584042	2.952959	3.413181
8.740	3.984534	3.984534	3.984534	3.984534	1.971990	2.926810	2.936050	3.724773
8.750	4.000000	4.000000	4.000000	4.000000	1.971990	2.910488	2.936050	4.073023
8.760	3.984535	3.984535	3.984535	3.984535	1.971990	2.910488	2.936050	4.073023
8.770	3.938258	3.938258	3.938258	3.938258	2.267124	2.910488	2.936050	4.054694
8.780	3.861528	3.861528	3.861528	3.861528	1.971990	2.926810	2.936050	4.073023
8.790	3.754937	3.754937	3.754937	3.754937	2.267124	2.926810	3.240421	4.073023
8.800	3.619310	3.619310	3.619310	3.619310	2.267124	3.220611	3.240421	4.073023
8.810	3.455696	3.455696	3.455696	3.455696	2.251591	2.910488	3.240421	4.054694
8.820	3.265360	3.265360	3.265360	3.265360	2.267124	2.926810	3.240421	4.073023
8.830	3.049773	3.049773	3.049773	3.049773	2.267124	2.926810	3.240421	4.073023
8.840	2.810604	2.810604	2.810604	2.810604	2.282657	3.236933	3.240421	4.073023
8.850	2.549700	2.549700	2.549700	2.549700	2.267124	3.236933	3.240421	4.073023
8.860	2.269080	2.269080	2.269080	2.269080	2.267124	3.220611	3.240421	3.743102
8.870	1.970914	1.970914	1.970914	1.970914	1.987524	3.236933	3.240421	3.724773
8.880	1.657507	1.657507	1.657507	1.657507	1.971990	2.926810	2.936050	3.376523
8.890	1.331283	1.331283	1.331283	1.331283	1.692390	2.616687	2.614769	3.028273
8.900	0.994765	0.994765	0.994765	0.994765	1.381724	2.290241	2.310398	2.368431
8.910	0.650554	0.650554	0.650554	0.650554	1.102123	1.996440	1.989117	2.350102
8.920	0.301313	0.301313	0.301313	0.301313	0.791457	1.686317	1.989117	1.690260
8.930	-0.050259	-0.050259	-0.050259	-0.050259	0.511857	1.669995	1.380374	1.671931
8.940	-0.401442	-0.401442	-0.401442	-0.401442	-0.078410	1.392516	1.380374	1.342010
8.950	-0.749520	-0.749520	-0.749520	-0.749520	-0.373544	0.755947	0.771632	1.360339
8.960	-1.091803	-1.091803	-1.091803	-1.091803	-0.358010	0.445824	0.450351	0.663839
8.970	-1.425642	-1.425642	-1.425642	-1.425642	-0.668677	0.462146	0.145979	0.315589
8.980	-1.748458	-1.748458	-1.748458	-1.748458	-0.948277	-0.174423	-0.175301	-0.014332
8.990	-2.057754	-2.057754	-2.057754	-2.057754	-1.538544	-0.484546	-0.496582	-0.362582
9.000	-2.351137	-2.351137	-2.351137	-2.351137	-1.833678	-0.484546	-0.800953	-0.692503
9.010	-2.626339	-2.626339	-2.626339	-2.626339	-1.833678	-1.088470	-1.088415	-1.040753
9.020	-2.881232	-2.881232	-2.881232	-2.881232	-2.408411	-1.398594	-1.409696	-1.370674
9.030	-3.113846	-3.113846	-3.113846	-3.113846	-2.719078	-1.725039	-1.730977	-1.718924
9.040	-3.322381	-3.322381	-3.322381	-3.322381	-2.998678	-2.018840	-2.339719	-2.048845
9.050	-3.505224	-3.505224	-3.505224	-3.505224	-3.293811	-2.018840	-2.322810	-2.378766
9.060	-3.660962	-3.660962	-3.660962	-3.660962	-3.293811	-2.328963	-2.948462	-2.397095
9.070	-3.788391	-3.788391	-3.788391	-3.788391	-3.588945	-2.328963	-2.965371	-2.727016
9.080	-3.886526	-3.886526	-3.886526	-3.886526	-3.899612	-2.639087	-3.252833	-3.075266
9.090	-3.954606	-3.954606	-3.954606	-3.954606	-3.899612	-2.639087	-3.269743	-3.075266
9.100	-3.992107	-3.992107	-3.992107	-3.992107	-4.179212	-2.965532	-3.574114	-3.075266
9.110	-3.998737	-3.998737	-3.998737	-3.998737	-4.163678	-3.243011	-3.269743	-3.405187
9.120	-3.974446	-3.974446	-3.974446	-3.974446	-4.163678	-3.259333	-3.591024	-3.386858
9.130	-3.919421	-3.919421	-3.919421	-3.919421	-4.474345	-3.259333	-3.895395	-3.753437
9.140	-3.834089	-3.834089	-3.834089	-3.834089	-4.474345	-3.259333	-3.895395	-3.753437
9.150	-3.719108	-3.719108	-3.719108	-3.719108	-4.458812	-3.243011	-3.912304	-3.423516
9.160	-3.575368	-3.575368	-3.575368	-3.575368	-4.474345	-3.569457	-3.574114	-3.771766
9.170	-3.403981	-3.403981	-3.403981	-3.403981	-4.474345	-3.569457	-3.878485	-3.771766
9.180	-3.206271	-3.206271	-3.206271	-3.206271	-4.458812	-3.569457	-3.878485	-3.753437
9.190	-2.983768	-2.983768	-2.983768	-2.983768	-4.458812	-3.569457	-3.895395	-3.753437
9.200	-2.738192	-2.738192	-2.738192	-2.738192	-4.458812	-3.569457	-3.895395	-3.753437
9.210	-2.471443	-2.471443	-2.471443	-2.471443	-4.753945	-3.569457	-3.895395	-3.771766
9.220	-2.185582	-2.185582	-2.185582	-2.185582	-4.458812	-3.569457	-3.591024	-3.771766
9.230	-1.882821	-1.882821	-1.882821	-1.882821	-4.179212	-3.569457	-3.574114	-3.423516
9.240	-1.565500	-1.565500	-1.565500	-1.565500	-3.884078	-3.259333	-3.591024	-3.423516
9.250	-1.236073	-1.236073	-1.236073	-1.236073	-3.884078	-3.569457	-2.965371	-3.093595
9.260	-0.897088	-0.897088	-0.897088	-0.897088	-3.293811	-2.965532	-2.644091	-2.727016
9.270	-0.551167	-0.551167	-0.551167	-0.551167	-3.309345	-2.655409	-2.644091	-2.397095
9.280	-0.200983	-0.200983	-0.200983	-0.200983	-2.998678	-2.345286	-2.339719	-2.067174
9.290	0.150755	0.150755	0.150755	0.150755	-2.703545	-1.708717	-2.018439	-1.370674
9.300	0.501327	0.501327	0.501327	0.501327	-2.128811	-1.398594	-1.714067	-1.040753
9.310	0.848023	0.848023	0.848023	0.848023	-1.833678	-1.121115	-1.088415	-1.040753
9.320	1.188161	1.188161	1.188161	1.188161	-1.538544	-0.468224	-0.784044	-0.710832
9.330	1.519111	1.519111	1.519111	1.519111	-1.243411	-0.174423	-0.479673	-0.362582
9.340	1.838314	1.838314	1.838314	1.838314	-0.963811	-0.174423	-0.158392	0.315589
9.350	2.143302	2.143302	2.143302	2.143302	-0.653144	0.429502	0.145979	0.993760
9.360	2.431717	2.431717	2.431717	2.431717	-0.358010	0.429502	0.450351	0.993760
9.370	2.701327	2.701327	2.701327	2.701327	-0.078410	0.755947	0.754722	1.012089
9.380	2.950049	2.950049	2.950049	2.950049	0.216723	1.376194	1.380374	1.342010
9.390	3.175958	3.175958	3.175958	3.175958	0.806990	1.376194	1.684745	1.671931
9.400	3.377309	3.377309	3.377309	3.377309	0.806990	1.669995	2.006026	2.020181
9.410	3.552543	3.552543	3.552543	3.552543	1.102123	1.996440	2.310398	2.698352
9.420	3.700307	3.700307	3.700307	3.700307	1.381724	2.290241	2.310398	3.046602
9.430	3.819456	3.819456	3.819456	3.819456	1.381724	2.306564	2.293488	3.028273
9.440	3.909071	3.909071	3.909071	3.909071	1.676857	2.584042	2.614769	3.376523
9.450	3.968458	3.968458	3.968458	3.968458	1.676857	2.600365	2.614769	3.394852
9.460	3.997158	3.997158	3.997158	3.997158	1.971990	2.910488	2.919140	4.054694
9.470	3.994948	3.994948	3.994948	3.994948	2.251591	2.926810	2.919140	3.743102
9.480	3.961846	3.961846	3.961846	3.961846	1.971990	3.220611	2.919140	4.073023
9.490	3.898109	3.898109	3.898109	3.898109	1.971990	3.236933	3.240421	4.054694
9.500	3.804228	3.804228	3.804228	3.804228	2.267124	3.220611	2.919140	3.724773
9.510	3.680930	3.680930	3.680930	3.680930	2.267124	3.220611	3.240421	4.054694
9.520	3.529168	3.529168	3.529168	3.529168	2.267124	3.204289	3.240421	4.073023
9.530	3.350115	3.350115	3.350115	3.350115	2.251591	2.910488	3.240421	4.054694
9.540	3.145157	3.145157	3.145157	3.145157	2.251591	3.220611	3.240421	4.054694
9.550	2.915878	2.915878	2.915878	2.915878	2.267124	3.220611	3.223511	3.743102
9.560	2.664052	2.664052	2.664052	2.664052	2.267124	3.220611	3.257330	3.724773
9.570	2.391625	2.391625	2.391625	2.391625	2.251591	3.204289	3.240421	3.724773
9.580	2.100703	2.100703	2.100703	2.100703	1.956457	3.220611	3.240421	3.724773
9.590	1.793538	1.793538	1.793538	1.793538	1.971990	3.220611	3.240421	3.394852
9.600	1.472504	1.472504	1.472504	1.472504	1.676857	2.894166	2.936050	3.376523
9.610	1.140083	1.140083	1.140083	1.140083	1.381724	2.910488	2.614769	3.046602
9.620	0.798846	0.798846	0.798846	0.798846	1.086590	2.894166	2.310398	2.368431
9.630	0.451431	0.451431	0.451431	0.451431	1.086590	2.290241	1.989117	2.350102
9.640	0.100526	0.100526	0.100526	0.100526	0.511857	1.996440	1.989117	2.020181
9.650	-0.251156	-0.251156	-0.251156	-0.251156	0.201190	1.376194	1.684745	1.690260
9.660	-0.600897	-0.600897	-0.600897	-0.600897	-0.078410	1.066070	1.059093	1.342010
9.670	-0.945990	-0.945990	-0.945990	-0.945990	-0.358010	0.755947	0.433441	0.663839
9.680	-1.283769	-1.283769	-1.283769	-1.283769	-0.668677	0.445824	0.450351	0.333918
9.690	-1.611620	-1.611620	-1.611620	-1.611620	-1.258944	0.135701	-0.175301	-0.014332
9.700	-1.927010	-1.927010	-1.927010	-1.927010	-1.258944	-0.158100	-0.175301	-0.032661
9.710	-2.227498	-2.227498	-2.227498	-2.227498	-1.554078	-0.468224	-0.479673	-0.692503
9.720	-2.510761	-2.510761	-2.510761	-2.510761	-2.128811	-0.794669	-0.784044	-1.040753
9.730	-2.774609	-2.774609	-2.774609	-2.774609	-2.408411	-1.088470	-1.409696	-1.370674
9.740	-3.017002	-3.017002	-3.017002	-3.017002	-2.703545	-1.414916	-1.714067	-1.718924
9.750	-3.236065	-3.236065	-3.236065	-3.236065	-2.998678	-1.708717	-1.714067	-2.067174
9.760	-3.430104	-3.430104	-3.430104	-3.430104	-3.293811	-2.018840	-2.322810	-2.415424
9.770	-3.597618	-3.597618	-3.597618	-3.597618	-3.293811	-2.328963	-2.339719	-2.397095
9.780	-3.737314	-3.737314	-3.737314	-3.737314	-3.588945	-2.312641	-2.661000	-2.745345
9.790	-3.848109	-3.848109	-3.848109	-3.848109	-3.573412	-2.328963	-3.269743	-3.423516
9.800	-3.929148	-3.929148	-3.929148	-3.929148	-3.868545	-2.639087	-2.982281	-3.075266
9.810	-3.979803	-3.979803	-3.979803	-3.979803	-4.179212	-2.932888	-3.574114	-3.093595
9.820	-3.999684	-3.999684	-3.999684	-3.999684	-4.179212	-2.949210	-3.591024	-3.423516
9.830	-3.988636	-3.988636	-3.988636	-3.988636	-4.458812	-2.949210	-3.591024	-3.423516
9.840	-3.946745	-3.946745	-3.946745	-3.946745	-4.474345	-3.259333	-3.895395	-3.771766
9.850	-3.874334	-3.874334	-3.874334	-3.874334	-4.474345	-3.553134	-3.895395	-3.441845
9.860	-3.771964	-3.771964	-3.771964	-3.771964	-4.474345	-3.553134	-3.878485	-3.771766
9.870	-3.640426	-3.640426	-3.640426	-3.640426	-4.474345	-3.553134	-3.878485	-3.423516
9.880	-3.480738	-3.480738	-3.480738	-3.480738	-4.769479	-3.553134	-3.878485	-3.423516
9.890	-3.294134	-3.294134	-3.294134	-3.294134	-4.474345	-3.553134	-3.878485	-3.753437
9.900	-3.082057	-3.082057	-3.082057	-3.082057	-4.474345	-3.569457	-3.574114	-3.790095
9.910	-2.846147	-2.846147	-2.846147	-2.846147	-4.458812	-3.553134	-3.895395	-3.771766
9.920	-2.588228	-2.588228	-2.588228	-2.588228	-4.458812	-3.569457	-3.895395	-3.771766
9.930	-2.310296	-2.310296	-2.310296	-2.310296	-4.474345	-3.259333	-3.878485	-3.771766
9.940	-2.014498	-2.014498	-2.014498	-2.014498	-4.458812	-3.259333	-3.895395	-3.735108
9.950	-1.703123	-1.703123	-1.703123	-1.703123	-4.179212	-3.259333	-3.574114	-3.441845
9.960	-1.378577	-1.378577	-1.378577	-1.378577	-3.899612	-3.553134	-3.269743	-3.075266
9.970	-1.043372	-1.043372	-1.043372	-1.043372	-3.588945	-3.259333	-2.948462	-2.763674
9.980	-0.700098	-0.700098	-0.700098	-0.700098	-3.293811	-3.243011	-2.948462	-2.415424
9.990	-0.351411	-0.351411	-0.351411	-0.351411	-3.293811	-3.243011	-2.339719	-2.067174
10.000	-0.000006	-0.000006	-0.000006	-0.000006	-2.423944	-2.639087	-2.339719	-2.067174
10.010	0.351399	0.351399	0.351399	0.351399	-2.408411	-2.639087	-1.714067	-1.389003
10.020	0.700086	0.700086	0.700086	0.700086	-2.128811	-2.018840	-1.409696	-1.040753
10.030	1.043360	1.043360	1.043360	1.043360	-1.833678	-1.398594	-0.784044	-1.040753
10.040	1.378566	1.378566	1.378566	1.378566	-1.538544	-0.778347	-0.462763	-0.362582
10.050	1.703112	1.703112	1.703112	1.703112	-0.963811	-0.174423	-0.158392	0.315589
10.060	2.014488	2.014488	2.014488	2.014488	-0.963811	0.135701	0.145979	0.645510
10.070	2.310286	2.310286	2.310286	2.310286	-0.668677	0.462146	0.467260	1.012089
10.080	2.588219	2.588219	2.588219	2.588219	-0.078410	1.049748	0.754722	1.342010
10.090	2.846138	2.846138	2.846138	2.846138	0.216723	1.376194	0.771632	1.342010
10.100	3.082049	3.082049	3.082049	3.082049	0.496323	1.686317	1.380374	1.690260
10.110	3.294127	3.294127	3.294127	3.294127	0.791457	1.996440	1.684745	2.020181
10.120	3.480732	3.480732	3.480732	3.480732	1.086590	1.980118	1.701655	2.368431
10.130	3.640421	3.640421	3.640421	3.640421	1.381724	2.012763	2.327307	2.698352
10.140	3.771960	3.771960	3.771960	3.771960	1.381724	2.306564	2.310398	3.046602
10.150	3.874331	3.874331	3.874331	3.874331	1.676857	2.616687	2.631678	3.046602
10.160	3.946743	3.946743	3.946743	3.946743	1.676857	2.600365	2.919140	3.394852
10.170	3.988635	3.988635	3.988635	3.988635	1.661324	2.894166	2.919140	3.376523
10.180	3.999684	3.999684	3.999684	3.999684	1.971990	2.910488	2.936050	3.376523
10.190	3.979805	3.979805	3.979805	3.979805	1.971990	2.910488	2.936050	3.724773
10.200	3.929150	3.929150	3.929150	3.929150	2.251591	2.894166	3.257330	4.054694
10.210	3.848112	3.848112	3.848112	3.848112	2.267124	2.910488	3.240421	3.724773
10.220	3.737318	3.737318	3.737318	3.737318	2.251591	2.910488	3.240421	4.073023
10.230	3.597624	3.597624	3.597624	3.597624	2.562257	2.910488	3.544792	4.073023
10.240	3.430110	3.430110	3.430110	3.430110	2.267124	3.236933	3.240421	4.054694
10.250	3.236072	3.236072	3.236072	3.236072	2.251591	3.220611	3.240421	4.073023
10.260	3.017010	3.017010	3.017010	3.017010	2.562257	3.220611	3.257330	4.073023
10.270	2.774618	2.774618	2.774618	2.774618	2.546724	3.236933	3.240421	4.054694
10.280	2.510770	2.510770	2.510770	2.510770	2.267124	3.220611	3.240421	4.073023
10.290	2.227508	2.227508	2.227508	2.227508	2.251591	3.220611	3.223511	3.706444
10.300	1.927020	1.927020	1.927020	1.927020	1.971990	3.236933	2.936050	3.376523
10.310	1.611631	1.611631	1.611631	1.611631	1.661324	3.236933	2.631678	3.394852
10.320	1.283780	1.283780	1.283780	1.283780	1.676857	2.926810	2.614769	2.716681
10.330	0.946002	0.946002	0.946002	0.946002	1.102123	2.616687	2.310398	2.698352
10.340	0.600908	0.600908	0.600908	0.600908	1.102123	2.290241	2.310398	2.368431
10.350	0.251168	0.251168	0.251168	0.251168	0.791457	1.686317	2.006026	2.020181
10.360	-0.100514	-0.100514	-0.100514	-0.100514	0.201190	1.376194	1.701655	1.690260
10.370	-0.451419	-0.451419	-0.451419	-0.451419	-0.078410	1.359872	1.380374	1.671931
10.380	-0.798834	-0.798834	-0.798834	-0.798834	-0.358010	0.739625	0.754722	0.993760
10.390	-1.140071	-1.140071	-1.140071	-1.140071	-0.373544	0.445824	0.450351	0.663839
10.400	-1.472492	-1.472492	-1.472492	-1.472492	-0.963811	0.135701	0.145979	0.315589
10.410	-1.793527	-1.793527	-1.793527	-1.793527	-1.243411	0.152023	-0.175301	-0.032661
10.420	-2.100693	-2.100693	-2.100693	-2.100693	-1.538544	-0.484546	-0.462763	-0.362582
10.430	-2.391615	-2.391615	-2.391615	-2.391615	-1.818144	-0.468224	-0.784044	-0.710832
10.440	-2.664043	-2.664043	-2.664043	-2.664043	-2.408411	-0.794669	-0.784044	-1.370674
10.450	-2.915870	-2.915870	-2.915870	-2.915870	-2.423944	-1.398594	-1.714067	-1.389003
10.460	-3.145150	-3.145150	-3.145150	-3.145150	-2.703545	-1.708717	-1.714067	-1.737253
10.470	-3.350109	-3.350109	-3.350109	-3.350109	-2.998678	-2.035162	-2.035348	-2.048845
10.480	-3.529162	-3.529162	-3.529162	-3.529162	-3.293811	-2.328963	-2.322810	-2.397095
10.490	-3.680925	-3.680925	-3.680925	-3.680925	-3.293811	-2.639087	-2.644091	-2.745345
10.500	-3.804224	-3.804224	-3.804224	-3.804224	-3.588945	-2.639087	-2.661000	-3.056937
10.510	-3.898106	-3.898106	-3.898106	-3.898106	-3.868545	-2.655409	-2.965371	-3.075266
10.520	-3.961845	-3.961845	-3.961845	-3.961845	-3.868545	-2.639087	-3.252833	-3.423516
10.530	-3.994948	-3.994948	-3.994948	-3.994948	-4.163678	-2.639087	-3.591024	-3.423516
10.540	-3.997158	-3.997158	-3.997158	-3.997158	-4.474345	-2.949210	-3.591024	-3.423516
10.550	-3.968460	-3.968460	-3.968460	-3.968460	-4.474345	-3.259333	-3.591024	-3.423516
10.560	-3.909074	-3.909074	-3.909074	-3.909074	-4.753945	-3.243011	-3.878485	-3.771766
10.570	-3.819460	-3.819460	-3.819460	-3.819460	-4.458812	-3.553134	-3.895395	-3.771766
10.580	-3.700311	-3.700311	-3.700311	-3.700311	-4.458812	-3.553134	-3.591024	-3.771766
10.590	-3.552549	-3.552549	-3.552549	-3.552549	-4.769479	-3.553134	-3.878485	-3.771766
10.600	-3.377315	-3.377315	-3.377315	-3.377315	-4.474345	-3.536812	-3.895395	-3.753437
10.610	-3.175965	-3.175965	-3.175965	-3.175965	-4.458812	-3.553134	-3.574114	-3.771766
10.620	-2.950057	-2.950057	-2.950057	-2.950057	-4.458812	-3.553134	-3.591024	-3.753437
10.630	-2.701336	-2.701336	-2.701336	-2.701336	-4.474345	-3.553134	-3.878485	-3.753437
10.640	-2.431726	-2.431726	-2.431726	-2.431726	-4.458812	-3.585779	-3.591024	-3.771766
10.650	-2.143313	-2.143313	-2.143313	-2.143313	-4.474345	-3.569457	-3.895395	-3.423516
10.660	-1.838325	-1.838325	-1.838325	-1.838325	-4.179212	-3.569457	-3.591024	-3.771766
10.670	-1.519122	-1.519122	-1.519122	-1.519122	-3.868545	-3.553134	-3.269743	-3.093595
10.680	-1.188172	-1.188172	-1.188172	-1.188172	-3.588945	-3.259333	-2.948462	-3.093595
10.690	-0.848035	-0.848035	-0.848035	-0.848035	-3.293811	-3.243011	-2.644091	-2.433753
10.700	-0.501339	-0.501339	-0.501339	-0.501339	-3.309345	-2.655409	-2.661000	-2.085503
10.710	-0.150767	-0.150767	-0.150767	-0.150767	-3.014211	-2.345286	-2.322810	-2.067174
10.720	0.200971	0.200971	0.200971	0.200971	-2.423944	-1.708717	-2.035348	-1.718924
10.730	0.551155	0.551155	0.551155	0.551155	-2.128811	-1.398594	-1.714067	-1.389003
10.740	0.897077	0.897077	0.897077	0.897077	-1.849211	-1.104792	-1.426606	-0.692503
10.750	1.236062	1.236062	1.236062	1.236062	-1.554078	-0.794669	-0.784044	-0.710832
10.760	1.565489	1.565489	1.565489	1.565489	-1.258944	-0.484546	-0.158392	-0.362582
10.770	1.882810	1.882810	1.882810	1.882810	-0.963811	0.135701	-0.158392	-0.014332
10.780	2.185572	2.185572	2.185572	2.185572	-0.389077	0.135701	0.145979	0.663839
10.790	2.471433	2.471433	2.471433	2.471433	-0.373544	0.445824	0.754722	0.975431
10.800	2.738184	2.738184	2.738184	2.738184	0.201190	1.066070	1.059093	1.323681
10.810	2.983760	2.983760	2.983760	2.983760	0.496323	1.359872	1.059093	1.690260
10.820	3.206264	3.206264	3.206264	3.206264	0.496323	1.376194	1.380374	2.020181
10.830	3.403975	3.403975	3.403975	3.403975	0.791457	1.686317	1.684745	2.350102
10.840	3.575363	3.575363	3.575363	3.575363	1.086590	1.980118	2.006026	2.350102
10.850	3.719104	3.719104	3.719104	3.719104	1.102123	2.290241	2.310398	2.698352
10.860	3.834085	3.834085	3.834085	3.834085	1.381724	2.616687	2.310398	3.394852
10.870	3.919419	3.919419	3.919419	3.919419	1.676857	2.616687	2.614769	3.376523
10.880	3.974445	3.974445	3.974445	3.974445	1.692390	2.910488	2.614769	3.724773
