Time(s)	Delta1C(deg)	Delta2C(deg)	Delta3C(deg)	Delta4C(deg)	Delta1(deg)	Delta2(deg)	Delta3(deg)	Delta4(deg)
0.000	0.000000	0.000000	0.000000	0.000000	-1.588780	-0.243532	0.158931	-0.201911
0.010	0.000000	0.000000	0.000000	0.000000	-1.588780	-0.243532	0.158931	-0.201911
0.020	0.000000	0.000000	0.000000	0.000000	-2.983145	-2.018840	-2.035348	-2.067174
0.030	0.000000	0.000000	0.000000	0.000000	-2.998678	-2.018840	-2.018439	-1.718924
0.040	0.000000	0.000000	0.000000	0.000000	-2.392878	-1.414916	-1.730977	-1.718924
0.050	0.000000	0.000000	0.000000	0.000000	-1.818144	-0.778347	-1.105325	-1.022424
0.060	0.000000	0.000000	0.000000	0.000000	-1.538544	-0.500868	-0.784044	-0.362582
0.070	0.000000	0.000000	0.000000	0.000000	-1.243411	-0.190745	-0.479673	-0.032661
0.080	0.000000	0.000000	0.000000	0.000000	-1.227877	0.152023	-0.462763	0.315589
0.090	0.000000	0.000000	0.000000	0.000000	-1.243411	0.135701	-0.141482	-0.014332
0.100	0.000000	0.000000	0.000000	0.000000	-1.243411	0.135701	-0.141482	-0.032661
0.110	0.000000	0.000000	0.000000	0.000000	-0.963811	0.135701	-0.158392	0.315589
0.120	0.000000	0.000000	0.000000	0.000000	-1.243411	0.119378	0.145979	-0.032661
0.130	0.000000	0.000000	0.000000	0.000000	-0.948277	0.152023	-0.158392	-0.014332
0.140	0.000000	0.000000	0.000000	0.000000	-0.932744	0.135701	-0.175301	-0.014332
0.150	0.000000	0.000000	0.000000	0.000000	-1.227877	0.135701	-0.158392	-0.014332
0.160	0.000000	0.000000	0.000000	0.000000	-1.227877	0.119378	-0.158392	-0.032661
0.170	0.000000	0.000000	0.000000	0.000000	-1.243411	0.135701	-0.158392	-0.032661
0.180	0.000000	0.000000	0.000000	0.000000	-1.243411	0.135701	-0.158392	-0.362582
0.190	0.000000	0.000000	0.000000	0.000000	-1.243411	0.135701	-0.158392	0.315589
0.200	0.000000	0.000000	0.000000	0.000000	-1.243411	0.135701	-0.141482	-0.014332
0.210	0.000000	0.000000	0.000000	0.000000	-1.243411	0.135701	0.162889	-0.014332
0.220	0.000000	0.000000	0.000000	0.000000	-1.243411	0.135701	-0.158392	-0.032661
0.230	0.000000	0.000000	0.000000	0.000000	-1.258944	0.152023	-0.141482	-0.014332
0.240	0.000000	0.000000	0.000000	0.000000	-1.243411	0.119378	-0.158392	-0.032661
0.250	0.000000	0.000000	0.000000	0.000000	-1.243411	0.119378	-0.158392	-0.032661
0.260	0.000000	0.000000	0.000000	0.000000	-0.948277	0.462146	-0.158392	-0.362582
0.270	0.000000	0.000000	0.000000	0.000000	-0.948277	0.135701	-0.158392	0.315589
0.280	0.000000	0.000000	0.000000	0.000000	-1.227877	0.119378	-0.158392	-0.032661
0.290	0.000000	0.000000	0.000000	0.000000	-0.948277	0.135701	0.145979	-0.014332
0.300	0.000000	0.000000	0.000000	0.000000	-1.243411	0.135701	-0.158392	-0.014332
0.310	0.000000	0.000000	0.000000	0.000000	-1.243411	0.119378	0.145979	-0.032661
0.320	0.000000	0.000000	0.000000	0.000000	-1.243411	0.152023	-0.175301	-0.032661
0.330	0.000000	0.000000	0.000000	0.000000	-1.243411	0.135701	-0.158392	-0.032661
0.340	0.000000	0.000000	0.000000	0.000000	-1.243411	0.135701	-0.158392	-0.050990
0.350	0.000000	0.000000	0.000000	0.000000	-1.243411	0.152023	-0.175301	-0.014332
0.360	0.000000	0.000000	0.000000	0.000000	-1.227877	0.152023	-0.158392	-0.032661
0.370	0.000000	0.000000	0.000000	0.000000	-1.243411	0.135701	-0.158392	0.315589
0.380	0.000000	0.000000	0.000000	0.000000	-1.243411	0.135701	-0.158392	-0.032661
0.390	0.000000	0.000000	0.000000	0.000000	-1.243411	0.135701	-0.175301	-0.380911
0.400	0.000000	0.000000	0.000000	0.000000	-1.243411	0.135701	-0.175301	-0.032661
0.410	0.000000	0.000000	0.000000	0.000000	-0.948277	0.152023	-0.158392	-0.014332
0.420	0.000000	0.000000	0.000000	0.000000	-1.227877	0.152023	-0.158392	-0.362582
0.430	0.000000	0.000000	0.000000	0.000000	-1.243411	0.462146	0.162889	0.315589
0.440	0.000000	0.000000	0.000000	0.000000	-0.948277	0.152023	-0.158392	-0.014332
0.450	0.000000	0.000000	0.000000	0.000000	-1.227877	0.152023	0.162889	-0.014332
0.460	0.000000	0.000000	0.000000	0.000000	-1.243411	0.135701	-0.158392	-0.362582
0.470	0.000000	0.000000	0.000000	0.000000	-1.227877	0.135701	0.145979	-0.032661
0.480	0.000000	0.000000	0.000000	0.000000	-0.948277	0.135701	-0.158392	0.315589
0.490	0.000000	0.000000	0.000000	0.000000	-1.227877	0.152023	-0.141482	-0.014332
0.500	0.000000	0.000000	0.000000	0.000000	-1.227877	0.135701	0.162889	-0.014332
0.510	0.000000	0.000000	0.000000	0.000000	-1.227877	0.135701	-0.158392	0.003997
0.520	0.000000	0.000000	0.000000	0.000000	-1.243411	0.135701	0.162889	0.003997
0.530	0.000000	0.000000	0.000000	0.000000	-1.243411	0.152023	0.145979	-0.014332
0.540	0.000000	0.000000	0.000000	0.000000	-1.227877	-0.174423	0.162889	-0.014332
0.550	0.000000	0.000000	0.000000	0.000000	-1.227877	0.135701	-0.158392	-0.014332
0.560	0.000000	0.000000	0.000000	0.000000	-1.243411	0.152023	-0.175301	-0.014332
0.570	0.000000	0.000000	0.000000	0.000000	-1.243411	0.152023	-0.158392	-0.014332
0.580	0.000000	0.000000	0.000000	0.000000	-1.227877	0.152023	-0.158392	-0.032661
0.590	0.000000	0.000000	0.000000	0.000000	-0.948277	0.135701	-0.175301	-0.032661
0.600	0.000000	0.000000	0.000000	0.000000	-1.243411	0.135701	-0.158392	-0.362582
0.610	0.000000	0.000000	0.000000	0.000000	-1.243411	0.135701	0.145979	-0.014332
0.620	0.000000	0.000000	0.000000	0.000000	-0.948277	0.119378	-0.158392	0.003997
0.630	0.000000	0.000000	0.000000	0.000000	-1.243411	0.152023	-0.158392	0.003997
0.640	0.000000	0.000000	0.000000	0.000000	-1.243411	0.152023	-0.175301	0.333918
0.650	0.000000	0.000000	0.000000	0.000000	-1.227877	0.152023	-0.158392	-0.014332
0.660	0.000000	0.000000	0.000000	0.000000	-1.243411	0.135701	0.129070	-0.014332
0.670	0.000000	0.000000	0.000000	0.000000	-1.227877	0.135701	-0.158392	0.003997
0.680	0.000000	0.000000	0.000000	0.000000	-1.243411	0.152023	-0.158392	-0.014332
0.690	0.000000	0.000000	0.000000	0.000000	-1.243411	0.135701	-0.158392	-0.032661
0.700	0.000000	0.000000	0.000000	0.000000	-1.243411	0.135701	0.129070	-0.014332
0.710	0.000000	0.000000	0.000000	0.000000	-1.243411	0.152023	-0.175301	-0.014332
0.720	0.000000	0.000000	0.000000	0.000000	-1.227877	0.135701	-0.158392	0.315589
0.730	0.000000	0.000000	0.000000	0.000000	-1.243411	0.168345	-0.158392	-0.344253
0.740	0.000000	0.000000	0.000000	0.000000	-0.932744	0.135701	-0.158392	-0.014332
0.750	0.000000	0.000000	0.000000	0.000000	-1.227877	0.152023	-0.175301	0.003997
0.760	0.000000	0.000000	0.000000	0.000000	-1.243411	0.135701	0.145979	-0.014332
0.770	0.000000	0.000000	0.000000	0.000000	-1.243411	0.152023	-0.175301	0.333918
0.780	0.000000	0.000000	0.000000	0.000000	-0.948277	0.135701	0.145979	-0.014332
0.790	0.000000	0.000000	0.000000	0.000000	-1.227877	0.152023	-0.158392	-0.014332
0.800	0.000000	0.000000	0.000000	0.000000	-0.948277	0.119378	-0.158392	-0.014332
0.810	0.000000	0.000000	0.000000	0.000000	-1.243411	0.135701	-0.158392	-0.344253
0.820	0.000000	0.000000	0.000000	0.000000	-1.243411	0.152023	-0.158392	-0.014332
0.830	0.000000	0.000000	0.000000	0.000000	-0.948277	0.152023	-0.158392	0.003997
0.840	0.000000	0.000000	0.000000	0.000000	-1.243411	0.152023	-0.158392	-0.014332
0.850	0.000000	0.000000	0.000000	0.000000	-1.243411	0.152023	-0.175301	-0.014332
0.860	0.000000	0.000000	0.000000	0.000000	-0.948277	0.152023	-0.175301	-0.014332
0.870	0.000000	0.000000	0.000000	0.000000	-1.227877	0.135701	-0.158392	-0.032661
0.880	0.000000	0.000000	0.000000	0.000000	-1.258944	0.152023	-0.158392	-0.032661
0.890	0.000000	0.000000	0.000000	0.000000	-1.243411	0.152023	0.145979	-0.014332
0.900	0.000000	0.000000	0.000000	0.000000	-1.243411	0.135701	-0.158392	-0.014332
0.910	0.000000	0.000000	0.000000	0.000000	-1.243411	0.152023	0.145979	-0.014332
0.920	0.000000	0.000000	0.000000	0.000000	-1.243411	0.135701	0.129070	-0.014332
0.930	0.000000	0.000000	0.000000	0.000000	-1.227877	0.135701	-0.158392	0.315589
0.940	0.000000	0.000000	0.000000	0.000000	-1.243411	0.152023	-0.175301	-0.014332
0.950	0.000000	0.000000	0.000000	0.000000	-1.243411	0.135701	-0.158392	-0.032661
0.960	0.000000	0.000000	0.000000	0.000000	-1.243411	0.135701	0.145979	-0.014332
0.970	0.000000	0.000000	0.000000	0.000000	-1.243411	0.135701	-0.158392	-0.014332
0.980	0.000000	0.000000	0.000000	0.000000	-1.243411	0.135701	-0.158392	-0.032661
0.990	0.000000	0.000000	0.000000	0.000000	-1.243411	0.135701	0.129070	-0.014332
1.000	0.000000	0.000000	0.000000	0.000000	-1.243411	0.152023	-0.158392	-0.014332
1.010	-5.460636	-5.460636	-5.460636	-5.460636	-0.948277	0.119378	-0.158392	-0.014332
1.020	-5.145161	-5.145161	-5.145161	-5.145161	-1.243411	0.152023	0.145979	-0.032661
1.030	-4.763943	-4.763943	-4.763943	-4.763943	-0.948277	0.135701	-0.158392	0.315589
1.040	-4.321855	-4.321855	-4.321855	-4.321855	-1.818144	-0.158100	-0.175301	-0.710832
1.050	-3.824545	-3.824545	-3.824545	-3.824545	-3.278278	-1.382271	-2.018439	-2.415424
1.060	-3.278367	-3.278367	-3.278367	-3.278367	-4.474345	-2.949210	-3.269743	-3.423516
1.070	-2.690300	-2.690300	-2.690300	-2.690300	-5.344212	-4.173381	-4.504137	-4.798187
1.080	-2.067859	-2.067859	-2.067859	-2.067859	-5.344212	-4.809950	-4.791599	-4.816516
1.090	-1.418995	-1.418995	-1.418995	-1.418995	-5.033545	-5.740319	-4.504137	-4.449937
1.100	-0.752001	-0.752001	-0.752001	-0.752001	-4.458812	-6.344244	-4.199766	-4.120016
1.110	-0.075398	-0.075398	-0.075398	-0.075398	-3.868545	-6.964490	-3.557205	-3.441845
1.120	0.602169	0.602169	0.602169	0.602169	-3.278278	-7.258291	-2.644091	-2.397095
1.130	1.272041	1.272041	1.272041	1.272041	-2.719078	-7.568415	-2.035348	-1.737253
1.140	1.925660	1.925660	1.925660	1.925660	-1.849211	-7.258291	-1.409696	-1.040753
1.150	2.554675	2.554675	2.554675	2.554675	-1.523011	-6.654367	-0.462763	-0.362582
1.160	3.151047	3.151047	3.151047	3.151047	-0.653144	-5.707675	0.145979	0.663839
1.170	3.707157	3.707157	3.707157	3.707157	-0.062877	-4.189703	0.771632	1.342010
1.180	4.215899	4.215899	4.215899	4.215899	0.806990	-2.622764	1.701655	2.056839
1.190	4.670773	4.670773	4.670773	4.670773	1.086590	-1.088470	2.327307	2.698352
1.200	5.065967	5.065967	5.065967	5.065967	1.676857	1.049748	2.936050	3.376523
1.210	5.396431	5.396431	5.396431	5.396431	2.267124	2.290241	3.240421	3.743102
1.220	5.657943	5.657943	5.657943	5.657943	2.562257	3.530735	3.866073	4.402944
1.230	5.847161	5.847161	5.847161	5.847161	2.841857	4.738583	4.187354	4.732865
1.240	5.961668	5.961668	5.961668	5.961668	3.432124	4.771228	4.491725	5.429365
1.250	6.000000	6.000000	6.000000	6.000000	3.727258	4.771228	4.779187	5.429365
1.260	5.961668	5.961668	5.961668	5.961668	4.006858	5.065029	5.134287	5.777615
1.270	5.847162	5.847162	5.847162	5.847162	4.317525	5.081351	5.117377	6.107536
1.280	5.657944	5.657944	5.657944	5.657944	4.317525	4.771228	5.117377	6.107536
1.290	5.396432	5.396432	5.396432	5.396432	4.301991	5.065029	5.117377	6.107536
1.300	5.065968	5.065968	5.065968	5.065968	4.597125	5.081351	5.117377	6.107536
1.310	4.670775	4.670775	4.670775	4.670775	4.301991	5.065029	5.117377	6.107536
1.320	4.215901	4.215901	4.215901	4.215901	4.301991	5.065029	5.117377	6.125865
1.330	3.707159	3.707159	3.707159	3.707159	4.317525	4.754905	5.117377	6.107536
1.340	3.151049	3.151049	3.151049	3.151049	3.727258	4.771228	5.117377	5.777615
1.350	2.554677	2.554677	2.554677	2.554677	3.432124	4.754905	5.117377	5.429365
1.360	1.925663	1.925663	1.925663	1.925663	2.857391	4.167303	4.508635	4.402944
1.370	1.272044	1.272044	1.272044	1.272044	2.562257	3.530735	4.187354	4.421273
1.380	0.602172	0.602172	0.602172	0.602172	1.676857	2.926810	3.257330	3.394852
1.390	-0.075395	-0.075395	-0.075395	-0.075395	1.676857	2.290241	2.614769	2.698352
1.400	-0.751998	-0.751998	-0.751998	-0.751998	0.806990	1.686317	2.006026	2.020181
1.410	-1.418992	-1.418992	-1.418992	-1.418992	-0.777411	1.392516	1.076003	1.342010
1.420	-2.067856	-2.067856	-2.067856	-2.067856	-0.358010	0.755947	0.467260	0.645510
1.430	-2.690298	-2.690298	-2.690298	-2.690298	-0.948277	0.135701	0.162889	-0.014332
1.440	-3.278365	-3.278365	-3.278365	-3.278365	-1.523011	-0.484546	-0.462763	-0.710832
1.450	-3.824543	-3.824543	-3.824543	-3.824543	-2.113278	-1.104792	-1.409696	-1.059082
1.460	-4.321853	-4.321853	-4.321853	-4.321853	-2.998678	-1.725039	-1.714067	-2.067174
1.470	-4.763941	-4.763941	-4.763941	-4.763941	-3.573412	-2.328963	-2.627181	-2.745345
1.480	-5.145159	-5.145159	-5.145159	-5.145159	-3.884078	-3.259333	-2.931552	-3.423516
1.490	-5.460635	-5.460635	-5.460635	-5.460635	-4.458812	-3.569457	-3.878485	-3.753437
1.500	-5.706339	-5.706339	-5.706339	-5.706339	-4.753945	-4.173381	-4.182857	-4.101687
1.510	-5.879130	-5.879130	-5.879130	-5.879130	-5.328679	-4.499826	-4.487228	-4.449937
1.520	-5.976802	-5.976802	-5.976802	-5.976802	-5.623812	-4.793627	-5.095970	-5.128108
1.530	-5.998105	-5.998105	-5.998105	-5.998105	-5.934479	-5.120073	-5.434161	-5.458029
1.540	-5.942769	-5.942769	-5.942769	-5.942769	-5.934479	-5.413874	-5.738532	-5.806279
1.550	-5.811499	-5.811499	-5.811499	-5.811499	-6.229612	-5.723997	-6.042903	-5.806279
1.560	-5.605974	-5.605974	-5.605974	-5.605974	-6.214079	-5.723997	-6.042903	-5.806279
1.570	-5.328820	-5.328820	-5.328820	-5.328820	-6.214079	-5.723997	-6.042903	-5.806279
1.580	-4.983576	-4.983576	-4.983576	-4.983576	-6.214079	-5.723997	-6.042903	-5.787950
1.590	-4.574656	-4.574656	-4.574656	-4.574656	-6.214079	-5.707675	-6.042903	-5.806279
1.600	-4.107284	-4.107284	-4.107284	-4.107284	-6.214079	-5.707675	-6.042903	-5.787950
1.610	-3.587431	-3.587431	-3.587431	-3.587431	-6.198546	-5.723997	-5.721623	-5.806279
1.620	-3.021741	-3.021741	-3.021741	-3.021741	-5.639346	-5.413874	-5.434161	-5.476358
1.630	-2.417440	-2.417440	-2.417440	-2.417440	-5.623812	-5.723997	-5.434161	-5.128108
1.640	-1.782251	-1.782251	-1.782251	-1.782251	-5.049079	-5.120073	-4.825418	-4.431608
1.650	-1.124290	-1.124290	-1.124290	-1.124290	-4.458812	-4.793627	-4.199766	-3.771766
1.660	-0.451963	-0.451963	-0.451963	-0.451963	-3.868545	-4.173381	-3.878485	-3.093595
1.670	0.226139	0.226139	0.226139	0.226139	-3.573412	-3.259333	-2.931552	-2.727016
1.680	0.901352	0.901352	0.901352	0.901352	-2.998678	-2.655409	-2.322810	-2.048845
1.690	1.565047	1.565047	1.565047	1.565047	-2.408411	-1.708717	-1.697158	-1.389003
1.700	2.208745	2.208745	2.208745	2.208745	-1.538544	-0.762025	-1.088415	-0.692503
1.710	2.824222	2.824222	2.824222	2.824222	-0.948277	-0.484546	-0.158392	-0.032661
1.720	3.403612	3.403612	3.403612	3.403612	-0.668677	0.445824	0.467260	0.682168
1.730	3.939513	3.939513	3.939513	3.939513	0.216723	1.066070	1.076003	1.690260
1.740	4.425077	4.425077	4.425077	4.425077	0.806990	1.686317	1.684745	2.350102
1.750	4.854101	4.854101	4.854101	4.854101	1.397257	2.290241	2.614769	2.716681
1.760	5.221102	5.221102	5.221102	5.221102	1.971990	2.926810	2.936050	3.394852
1.770	5.521390	5.521390	5.521390	5.521390	2.267124	3.220611	3.561702	4.073023
1.780	5.751130	5.751130	5.751130	5.751130	2.857391	3.857180	3.866073	4.402944
1.790	5.907386	5.907386	5.907386	5.907386	3.152524	4.150981	4.170444	4.732865
1.800	5.988160	5.988160	5.988160	5.988160	3.432124	4.461104	4.813006	5.429365
1.810	5.992422	5.992422	5.992422	5.992422	4.006858	4.771228	5.117377	5.759286
1.820	5.920116	5.920116	5.920116	5.920116	4.022391	4.771228	5.117377	6.089207
1.830	5.772167	5.772167	5.772167	5.772167	4.022391	4.754905	5.117377	6.455786
1.840	5.550464	5.550464	5.550464	5.550464	4.006858	5.065029	5.117377	6.125865
1.850	5.257841	5.257841	5.257841	5.257841	4.022391	4.754905	5.117377	6.455786
1.860	4.898037	4.898037	4.898037	4.898037	4.006858	4.754905	5.117377	6.455786
1.870	4.475648	4.475648	4.475648	4.475648	4.333058	5.065029	5.117377	6.107536
1.880	3.996073	3.996073	3.996073	3.996073	4.022391	4.771228	5.117377	6.107536
1.890	3.465438	3.465438	3.465438	3.465438	4.022391	4.754905	5.117377	6.107536
1.900	2.890524	2.890524	2.890524	2.890524	3.432124	4.771228	5.100468	5.411036
1.910	2.278677	2.278677	2.278677	2.278677	3.152524	4.771228	4.813006	4.751194
1.920	1.637714	1.637714	1.637714	1.637714	2.857391	4.150981	4.187354	4.402944
1.930	0.975825	0.975825	0.975825	0.975825	2.267124	3.530735	3.561702	4.054694
1.940	0.301468	0.301468	0.301468	0.301468	1.987524	2.600365	2.936050	3.358194
1.950	-0.376741	-0.376741	-0.376741	-0.376741	1.397257	2.306564	2.327307	2.350102
1.960	-1.050136	-1.050136	-1.050136	-1.050136	0.806990	1.669995	1.380374	1.690260
1.970	-1.710113	-1.710113	-1.710113	-1.710113	-0.062877	1.082393	0.771632	1.342010
1.980	-2.348240	-2.348240	-2.348240	-2.348240	-0.668677	0.445824	0.145979	0.315589
1.990	-2.956362	-2.956362	-2.956362	-2.956362	-1.538544	-0.174423	-0.479673	-0.362582
2.000	-3.526710	-3.526710	-3.526710	-3.526710	-2.113278	-0.794669	-0.784044	-1.040753
2.010	-4.051995	-4.051995	-4.051995	-4.051995	-2.703545	-1.414916	-1.409696	-1.718924
2.020	-4.525507	-4.525507	-4.525507	-4.525507	-2.998678	-2.002518	-2.018439	-2.415424
2.030	-4.941194	-4.941194	-4.941194	-4.941194	-3.573412	-2.639087	-2.931552	-3.075266
2.040	-5.293746	-5.293746	-5.293746	-5.293746	-4.163678	-3.243011	-3.252833	-3.423516
2.050	-5.578658	-5.578658	-5.578658	-5.578658	-4.458812	-3.553134	-3.895395	-4.101687
2.060	-5.792289	-5.792289	-5.792289	-5.792289	-5.344212	-4.157059	-4.504137	-4.449937
2.070	-5.931910	-5.931910	-5.931910	-5.931910	-5.328679	-4.793627	-5.112880	-5.146437
2.080	-5.995737	-5.995737	-5.995737	-5.995737	-5.623812	-5.103751	-5.434161	-5.476358
2.090	-5.982954	-5.982954	-5.982954	-5.982954	-5.903412	-5.087428	-5.738532	-5.806279
2.100	-5.893724	-5.893724	-5.893724	-5.893724	-6.214079	-5.413874	-6.059813	-5.806279
2.110	-5.729188	-5.729188	-5.729188	-5.729188	-6.198546	-5.413874	-6.042903	-5.806279
2.120	-5.491448	-5.491448	-5.491448	-5.491448	-6.198546	-5.413874	-6.025994	-5.806279
2.130	-5.183542	-5.183542	-5.183542	-5.183542	-6.214079	-5.413874	-6.042903	-5.806279
2.140	-4.809403	-4.809403	-4.809403	-4.809403	-6.198546	-5.413874	-5.738532	-5.806279
2.150	-4.373813	-4.373813	-4.373813	-4.373813	-5.918946	-5.413874	-6.042903	-5.806279
2.160	-3.882338	-3.882338	-3.882338	-3.882338	-6.198546	-5.397552	-6.042903	-5.806279
2.170	-3.341256	-3.341256	-3.341256	-3.341256	-6.214079	-5.413874	-5.721623	-5.806279
2.180	-2.757481	-2.757481	-2.757481	-2.757481	-5.623812	-5.413874	-5.434161	-5.458029
2.190	-2.138474	-2.138474	-2.138474	-2.138474	-5.328679	-5.397552	-5.112880	-5.109779
2.200	-1.492142	-1.492142	-1.492142	-1.492142	-4.753945	-5.413874	-4.182857	-4.431608
2.210	-0.826744	-0.826744	-0.826744	-0.826744	-4.458812	-5.397552	-3.878485	-3.423516
2.220	-0.150783	-0.150783	-0.150783	-0.150783	-3.588945	-5.723997	-3.574114	-3.405187
2.230	0.527105	0.527105	0.527105	0.527105	-3.278278	-5.397552	-2.627181	-2.415424
2.240	1.198257	1.198257	1.198257	1.198257	-2.408411	-5.397552	-2.001529	-1.718924
2.250	1.854099	1.854099	1.854099	1.854099	-2.113278	-5.413874	-1.714067	-1.040753
2.260	2.486251	2.486251	2.486251	2.486251	-1.258944	-4.467182	-0.800953	-0.362582
2.270	3.086635	3.086635	3.086635	3.086635	-0.948277	-2.949210	-0.175301	0.315589
2.280	3.647580	3.647580	3.647580	3.647580	-0.078410	-2.002518	0.467260	0.993760
2.290	4.161918	4.161918	4.161918	4.161918	0.511857	-0.484546	1.397284	2.020181
2.300	4.623078	4.623078	4.623078	4.623078	1.102123	1.066070	2.022936	2.368431
2.310	5.025167	5.025167	5.025167	5.025167	1.676857	2.306564	2.631678	3.046602
2.320	5.363047	5.363047	5.363047	5.363047	2.267124	3.236933	3.257330	4.073023
2.330	5.632402	5.632402	5.632402	5.632402	2.546724	4.150981	3.561702	4.073023
2.340	5.829790	5.829790	5.829790	5.829790	3.136991	4.461104	4.187354	4.769523
2.350	5.952688	5.952688	5.952688	5.952688	3.136991	4.754905	4.491725	4.751194
2.360	5.999526	5.999526	5.999526	5.999526	3.432124	5.081351	4.491725	5.429365
2.370	5.969706	5.969706	5.969706	5.969706	4.022391	5.081351	4.796096	5.429365
2.380	5.863609	5.863609	5.863609	5.863609	4.022391	5.081351	5.134287	5.777615
2.390	5.682591	5.682591	5.682591	5.682591	4.022391	5.081351	5.421749	6.107536
2.400	5.428963	5.428963	5.428963	5.428963	4.317525	5.097673	5.117377	6.125865
2.410	5.105968	5.105968	5.105968	5.105968	4.317525	5.065029	5.438658	6.437457
2.420	4.717732	4.717732	4.717732	4.717732	4.301991	5.375152	5.117377	6.437457
2.430	4.269216	4.269216	4.269216	4.269216	4.317525	5.081351	5.117377	6.107536
2.440	3.766150	3.766150	3.766150	3.766150	4.022391	5.081351	5.421749	6.107536
2.450	3.214963	3.214963	3.214963	3.214963	4.006858	5.081351	5.100468	6.107536
2.460	2.622697	2.622697	2.622697	2.622697	3.432124	4.771228	4.813006	5.099444
2.470	1.996920	1.996920	1.996920	1.996920	3.152524	4.150981	4.491725	4.751194
2.480	1.345627	1.345627	1.345627	1.345627	2.562257	3.840858	3.544792	4.054694
2.490	0.677141	0.677141	0.677141	0.677141	1.971990	2.926810	3.240421	3.376523
2.500	0.000003	0.000003	0.000003	0.000003	1.381724	2.616687	2.631678	3.046602
2.510	-0.677135	-0.677135	-0.677135	-0.677135	1.102123	2.306564	2.022936	2.368431
2.520	-1.345622	-1.345622	-1.345622	-1.345622	0.232256	1.376194	1.092912	1.671931
2.530	-1.996915	-1.996915	-1.996915	-1.996915	-0.653144	0.772269	0.771632	1.012089
2.540	-2.622692	-2.622692	-2.622692	-2.622692	-0.948277	0.152023	-0.141482	0.315589
2.550	-3.214958	-3.214958	-3.214958	-3.214958	-1.538544	-0.174423	-0.784044	-0.710832
2.560	-3.766146	-3.766146	-3.766146	-3.766146	-2.408411	-1.088470	-1.392786	-1.389003
2.570	-4.269212	-4.269212	-4.269212	-4.269212	-2.983145	-1.708717	-1.697158	-2.067174
2.580	-4.717729	-4.717729	-4.717729	-4.717729	-3.573412	-2.328963	-2.322810	-2.745345
2.590	-5.105965	-5.105965	-5.105965	-5.105965	-4.163678	-2.916565	-2.948462	-3.441845
2.600	-5.428961	-5.428961	-5.428961	-5.428961	-4.163678	-3.243011	-3.878485	-3.771766
2.610	-5.682589	-5.682589	-5.682589	-5.682589	-4.753945	-3.863258	-4.199766	-4.120016
2.620	-5.863608	-5.863608	-5.863608	-5.863608	-5.344212	-4.157059	-4.504137	-4.798187
2.630	-5.969706	-5.969706	-5.969706	-5.969706	-5.608279	-4.483504	-5.129790	-4.779858
2.640	-5.999526	-5.999526	-5.999526	-5.999526	-5.623812	-4.793627	-5.129790	-5.806279
2.650	-5.952689	-5.952689	-5.952689	-5.952689	-6.214079	-5.087428	-5.434161	-5.806279
2.660	-5.829791	-5.829791	-5.829791	-5.829791	-6.198546	-5.087428	-5.738532	-5.806279
2.670	-5.632404	-5.632404	-5.632404	-5.632404	-6.214079	-5.430196	-6.042903	-5.787950
2.680	-5.363050	-5.363050	-5.363050	-5.363050	-6.198546	-5.413874	-5.755442	-5.806279
2.690	-5.025170	-5.025170	-5.025170	-5.025170	-6.214079	-5.413874	-6.059813	-5.787950
2.700	-4.623081	-4.623081	-4.623081	-4.623081	-6.509213	-5.103751	-5.738532	-6.154529
2.710	-4.161922	-4.161922	-4.161922	-4.161922	-6.198546	-5.397552	-6.059813	-5.806279
2.720	-3.647584	-3.647584	-3.647584	-3.647584	-6.214079	-5.397552	-5.738532	-5.787950
2.730	-3.086640	-3.086640	-3.086640	-3.086640	-6.214079	-5.103751	-5.738532	-5.806279
2.740	-2.486256	-2.486256	-2.486256	-2.486256	-5.344212	-5.397552	-5.434161	-5.128108
2.750	-1.854105	-1.854105	-1.854105	-1.854105	-5.344212	-5.103751	-4.808509	-4.779858
2.760	-1.198263	-1.198263	-1.198263	-1.198263	-4.753945	-4.483504	-4.182857	-4.101687
2.770	-0.527110	-0.527110	-0.527110	-0.527110	-4.179212	-3.863258	-3.574114	-3.441845
2.780	0.150777	0.150777	0.150777	0.150777	-3.293811	-3.243011	-2.948462	-2.745345
2.790	0.826739	0.826739	0.826739	0.826739	-2.998678	-2.328963	-2.322810	-2.067174
2.800	1.492136	1.492136	1.492136	1.492136	-2.423944	-1.708717	-2.018439	-1.718924
2.810	2.138468	2.138468	2.138468	2.138468	-1.818144	-0.778347	-1.409696	-0.710832
2.820	2.757476	2.757476	2.757476	2.757476	-1.243411	-0.174423	-0.462763	-0.014332
2.830	3.341251	3.341251	3.341251	3.341251	-0.653144	0.135701	0.145979	0.645510
2.840	3.882333	3.882333	3.882333	3.882333	0.232256	1.082393	0.771632	1.342010
2.850	4.373810	4.373810	4.373810	4.373810	0.806990	1.376194	1.718564	2.350102
2.860	4.809400	4.809400	4.809400	4.809400	1.086590	2.306564	2.327307	3.046602
2.870	5.183539	5.183539	5.183539	5.183539	1.676857	2.926810	2.952959	3.724773
2.880	5.491446	5.491446	5.491446	5.491446	2.251591	3.547057	3.257330	4.054694
2.890	5.729186	5.729186	5.729186	5.729186	2.562257	3.857180	3.544792	4.751194
2.900	5.893723	5.893723	5.893723	5.893723	3.152524	4.167303	4.187354	4.751194
2.910	5.982953	5.982953	5.982953	5.982953	3.416591	4.477427	4.796096	5.429365
2.920	5.995737	5.995737	5.995737	5.995737	3.727258	4.771228	4.796096	5.759286
2.930	5.931911	5.931911	5.931911	5.931911	4.317525	4.771228	4.796096	5.759286
2.940	5.792291	5.792291	5.792291	5.792291	4.301991	5.081351	5.421749	6.125865
2.950	5.578660	5.578660	5.578660	5.578660	4.317525	5.065029	5.438658	6.107536
2.960	5.293749	5.293749	5.293749	5.293749	4.612658	5.081351	5.743029	5.777615
2.970	4.941198	4.941198	4.941198	4.941198	4.612658	5.065029	5.421749	6.089207
2.980	4.525511	4.525511	4.525511	4.525511	4.317525	5.065029	5.438658	6.107536
2.990	4.051999	4.051999	4.051999	4.051999	4.317525	5.097673	5.438658	5.759286
3.000	3.526714	3.526714	3.526714	3.526714	4.022391	4.771228	5.421749	5.759286
3.010	2.956367	2.956367	2.956367	2.956367	3.742791	5.081351	5.421749	5.429365
3.020	2.348245	2.348245	2.348245	2.348245	3.136991	4.477427	4.813006	5.081115
3.030	1.710119	1.710119	1.710119	1.710119	2.562257	3.840858	4.187354	4.421273
3.040	1.050142	1.050142	1.050142	1.050142	2.577791	3.236933	3.578611	3.743102
3.050	0.376747	0.376747	0.376747	0.376747	1.971990	2.910488	2.969869	3.376523
3.060	-0.301462	-0.301462	-0.301462	-0.301462	1.086590	2.306564	2.327307	2.350102
3.070	-0.975819	-0.975819	-0.975819	-0.975819	0.822523	1.980118	2.022936	2.020181
3.080	-1.637708	-1.637708	-1.637708	-1.637708	0.216723	1.066070	0.788541	1.342010
3.090	-2.278671	-2.278671	-2.278671	-2.278671	-0.932744	0.445824	0.467260	0.645510
3.100	-2.890519	-2.890519	-2.890519	-2.890519	-1.243411	0.135701	-0.141482	-0.380911
3.110	-3.465433	-3.465433	-3.465433	-3.465433	-1.523011	-0.468224	-1.071506	-0.710832
3.120	-3.996069	-3.996069	-3.996069	-3.996069	-2.703545	-1.072148	-1.392786	-1.718924
3.130	-4.475644	-4.475644	-4.475644	-4.475644	-3.278278	-2.018840	-2.001529	-2.085503
3.140	-4.898033	-4.898033	-4.898033	-4.898033	-3.573412	-2.622764	-2.948462	-2.745345
3.150	-5.257838	-5.257838	-5.257838	-5.257838	-4.163678	-2.932888	-3.557205	-3.405187
3.160	-5.550462	-5.550462	-5.550462	-5.550462	-4.753945	-3.569457	-3.861576	-4.083358
3.170	-5.772165	-5.772165	-5.772165	-5.772165	-5.049079	-4.157059	-4.165947	-4.431608
3.180	-5.920115	-5.920115	-5.920115	-5.920115	-5.328679	-4.483504	-4.791599	-5.128108
3.190	-5.992422	-5.992422	-5.992422	-5.992422	-5.328679	-4.793627	-5.095970	-5.787950
3.200	-5.988161	-5.988161	-5.988161	-5.988161	-5.918946	-5.087428	-5.721623	-5.806279
3.210	-5.907387	-5.907387	-5.907387	-5.907387	-6.214079	-5.103751	-5.721623	-5.806279
3.220	-5.751132	-5.751132	-5.751132	-5.751132	-6.198546	-5.413874	-5.738532	-6.154529
3.230	-5.521393	-5.521393	-5.521393	-5.521393	-6.493679	-5.413874	-6.025994	-5.806279
3.240	-5.221104	-5.221104	-5.221104	-5.221104	-6.493679	-5.397552	-6.042903	-5.806279
3.250	-4.854104	-4.854104	-4.854104	-4.854104	-6.229612	-5.120073	-6.042903	-6.136200
3.260	-4.425081	-4.425081	-4.425081	-4.425081	-6.214079	-5.397552	-6.025994	-5.806279
3.270	-3.939517	-3.939517	-3.939517	-3.939517	-6.509213	-5.413874	-6.025994	-5.806279
3.280	-3.403617	-3.403617	-3.403617	-3.403617	-5.903412	-5.413874	-5.721623	-5.806279
3.290	-2.824227	-2.824227	-2.824227	-2.824227	-5.918946	-5.413874	-5.417251	-5.787950
3.300	-2.208751	-2.208751	-2.208751	-2.208751	-5.328679	-4.793627	-5.112880	-4.779858
3.310	-1.565053	-1.565053	-1.565053	-1.565053	-5.033545	-4.189703	-4.504137	-4.101687
3.320	-0.901357	-0.901357	-0.901357	-0.901357	-4.443279	-3.553134	-3.861576	-3.405187
3.330	-0.226145	-0.226145	-0.226145	-0.226145	-3.884078	-3.226689	-3.252833	-3.093595
3.340	0.451957	0.451957	0.451957	0.451957	-3.278278	-2.622764	-2.948462	-2.415424
3.350	1.124284	1.124284	1.124284	1.124284	-2.998678	-2.018840	-2.322810	-1.737253
3.360	1.782246	1.782246	1.782246	1.782246	-2.097744	-1.398594	-1.680248	-1.040753
3.370	2.417435	2.417435	2.417435	2.417435	-1.243411	-0.778347	-0.767134	-0.710832
3.380	3.021736	3.021736	3.021736	3.021736	-0.653144	-0.158100	0.162889	0.333918
3.390	3.587427	3.587427	3.587427	3.587427	-0.373544	0.478468	0.788541	0.993760
3.400	4.107280	4.107280	4.107280	4.107280	0.527390	1.066070	1.397284	1.671931
3.410	4.574653	4.574653	4.574653	4.574653	1.086590	1.996440	2.022936	2.368431
3.420	4.983573	4.983573	4.983573	4.983573	1.692390	2.322886	2.631678	3.376523
3.430	5.328817	5.328817	5.328817	5.328817	1.987524	2.926810	2.952959	3.724773
3.440	5.605972	5.605972	5.605972	5.605972	2.546724	3.530735	3.274240	4.402944
3.450	5.811498	5.811498	5.811498	5.811498	2.857391	3.857180	3.866073	4.402944
3.460	5.942768	5.942768	5.942768	5.942768	3.432124	4.150981	4.187354	4.751194
3.470	5.998105	5.998105	5.998105	5.998105	3.742791	4.461104	4.796096	5.429365
3.480	5.976802	5.976802	5.976802	5.976802	4.022391	4.771228	4.813006	5.411036
3.490	5.879131	5.879131	5.879131	5.879131	4.317525	4.771228	5.117377	5.759286
3.500	5.706340	5.706340	5.706340	5.706340	4.597125	5.065029	5.100468	5.759286
3.510	5.460638	5.460638	5.460638	5.460638	4.597125	5.081351	5.117377	5.759286
3.520	5.145162	5.145162	5.145162	5.145162	4.333058	5.081351	5.438658	5.759286
3.530	4.763945	4.763945	4.763945	4.763945	4.317525	5.081351	5.117377	5.740957
3.540	4.321857	4.321857	4.321857	4.321857	4.317525	5.065029	5.421749	6.107536
3.550	3.824547	3.824547	3.824547	3.824547	4.317525	5.097673	5.134287	6.107536
3.560	3.278370	3.278370	3.278370	3.278370	4.022391	5.065029	5.438658	5.759286
3.570	2.690303	2.690303	2.690303	2.690303	3.432124	4.771228	5.438658	5.759286
3.580	2.067861	2.067861	2.067861	2.067861	2.841857	4.461104	4.204263	4.751194
3.590	1.418998	1.418998	1.418998	1.418998	2.546724	3.824536	3.882983	4.384615
3.600	0.752004	0.752004	0.752004	0.752004	1.971990	3.220611	3.257330	3.706444
3.610	0.075400	0.075400	0.075400	0.075400	1.676857	2.600365	2.631678	3.046602
3.620	-0.602166	-0.602166	-0.602166	-0.602166	0.806990	2.306564	2.327307	2.038510
3.630	-1.272039	-1.272039	-1.272039	-1.272039	0.511857	1.392516	1.414193	1.671931
3.640	-1.925658	-1.925658	-1.925658	-1.925658	-0.358010	0.755947	0.467260	0.663839
3.650	-2.554672	-2.554672	-2.554672	-2.554672	-0.948277	0.119378	0.162889	-0.032661
3.660	-3.151044	-3.151044	-3.151044	-3.151044	-1.523011	-0.484546	-0.462763	-0.362582
3.670	-3.707154	-3.707154	-3.707154	-3.707154	-2.128811	-1.088470	-1.088415	-1.040753
3.680	-4.215897	-4.215897	-4.215897	-4.215897	-3.014211	-1.708717	-1.697158	-2.085503
3.690	-4.670771	-4.670771	-4.670771	-4.670771	-3.278278	-2.312641	-2.322810	-2.745345
3.700	-5.065965	-5.065965	-5.065965	-5.065965	-3.884078	-2.932888	-3.252833	-3.075266
3.710	-5.396430	-5.396430	-5.396430	-5.396430	-4.179212	-3.243011	-3.861576	-3.753437
3.720	-5.657942	-5.657942	-5.657942	-5.657942	-4.769479	-3.863258	-4.165947	-4.101687
3.730	-5.847160	-5.847160	-5.847160	-5.847160	-5.344212	-4.189703	-4.487228	-4.468266
3.740	-5.961667	-5.961667	-5.961667	-5.961667	-5.328679	-4.483504	-5.112880	-5.458029
3.750	-6.000000	-6.000000	-6.000000	-6.000000	-5.934479	-5.103751	-5.095970	-5.476358
3.760	-5.961668	-5.961668	-5.961668	-5.961668	-5.918946	-5.103751	-5.434161	-5.806279
3.770	-5.847162	-5.847162	-5.847162	-5.847162	-6.214079	-5.397552	-5.417251	-6.154529
3.780	-5.657945	-5.657945	-5.657945	-5.657945	-6.214079	-5.397552	-5.738532	-6.136200
3.790	-5.396433	-5.396433	-5.396433	-5.396433	-6.214079	-5.397552	-5.738532	-6.154529
3.800	-5.065970	-5.065970	-5.065970	-5.065970	-6.214079	-5.413874	-5.738532	-6.154529
3.810	-4.670777	-4.670777	-4.670777	-4.670777	-6.509213	-5.413874	-5.721623	-5.806279
3.820	-4.215903	-4.215903	-4.215903	-4.215903	-6.214079	-5.413874	-5.721623	-5.806279
3.830	-3.707161	-3.707161	-3.707161	-3.707161	-6.214079	-5.397552	-5.738532	-5.824608
3.840	-3.151052	-3.151052	-3.151052	-3.151052	-5.887879	-5.103751	-5.434161	-5.806279
3.850	-2.554680	-2.554680	-2.554680	-2.554680	-5.623812	-5.087428	-5.434161	-5.128108
3.860	-1.925666	-1.925666	-1.925666	-1.925666	-5.033545	-4.467182	-5.112880	-4.468266
3.870	-1.272047	-1.272047	-1.272047	-1.272047	-5.033545	-4.173381	-4.182857	-4.101687
3.880	-0.602175	-0.602175	-0.602175	-0.602175	-3.868545	-3.553134	-3.878485	-3.423516
3.890	0.075392	0.075392	0.075392	0.075392	-3.573412	-3.243011	-3.235924	-2.745345
3.900	0.751995	0.751995	0.751995	0.751995	-2.998678	-2.328963	-2.627181	-2.397095
3.910	1.418990	1.418990	1.418990	1.418990	-2.408411	-2.018840	-1.697158	-1.718924
3.920	2.067853	2.067853	2.067853	2.067853	-1.833678	-1.072148	-1.071506	-1.040753
3.930	2.690295	2.690295	2.690295	2.690295	-1.258944	-0.451901	-0.462763	-0.014332
3.940	3.278362	3.278362	3.278362	3.278362	-0.653144	0.135701	0.467260	1.012089
3.950	3.824540	3.824540	3.824540	3.824540	-0.078410	0.755947	0.771632	1.342010
3.960	4.321851	4.321851	4.321851	4.321851	0.806990	1.359872	1.718564	2.020181
3.970	4.763940	4.763940	4.763940	4.763940	1.397257	1.980118	2.327307	2.698352
3.980	5.145158	5.145158	5.145158	5.145158	1.676857	2.600365	2.952959	3.376523
3.990	5.460634	5.460634	5.460634	5.460634	2.251591	3.220611	3.578611	3.724773
4.000	5.706338	5.706338	5.706338	5.706338	2.857391	3.840858	3.866073	4.402944
4.010	5.879129	5.879129	5.879129	5.879129	2.841857	4.150981	4.491725	5.081115
4.020	5.976801	5.976801	5.976801	5.976801	3.447658	4.461104	4.813006	5.447694
4.030	5.998105	5.998105	5.998105	5.998105	4.022391	4.461104	4.813006	5.777615
4.040	5.942769	5.942769	5.942769	5.942769	4.022391	4.771228	5.134287	6.107536
4.050	5.811500	5.811500	5.811500	5.811500	4.006858	5.081351	5.438658	6.107536
4.060	5.605975	5.605975	5.605975	5.605975	4.006858	4.754905	5.117377	6.125865
4.070	5.328821	5.328821	5.328821	5.328821	4.022391	5.081351	5.421749	6.125865
4.080	4.983578	4.983578	4.983578	4.983578	4.022391	5.391474	5.438658	6.107536
4.090	4.574658	4.574658	4.574658	4.574658	4.301991	5.081351	5.134287	6.437457
4.100	4.107286	4.107286	4.107286	4.107286	4.022391	5.065029	5.421749	6.455786
4.110	3.587434	3.587434	3.587434	3.587434	4.022391	5.081351	5.421749	6.107536
4.120	3.021743	3.021743	3.021743	3.021743	3.432124	5.081351	5.134287	5.777615
4.130	2.417443	2.417443	2.417443	2.417443	3.152524	4.771228	4.813006	5.081115
4.140	1.782254	1.782254	1.782254	1.782254	2.841857	4.150981	4.204263	4.384615
4.150	1.124293	1.124293	1.124293	1.124293	2.267124	3.236933	3.561702	4.054694
4.160	0.451966	0.451966	0.451966	0.451966	1.676857	2.926810	2.952959	3.046602
4.170	-0.226136	-0.226136	-0.226136	-0.226136	1.381724	2.306564	2.648588	2.698352
4.180	-0.901349	-0.901349	-0.901349	-0.901349	0.806990	1.996440	1.701655	1.671931
4.190	-1.565044	-1.565044	-1.565044	-1.565044	-0.078410	1.392516	1.092912	1.342010
4.200	-2.208743	-2.208743	-2.208743	-2.208743	-0.668677	0.772269	0.467260	0.663839
4.210	-2.824219	-2.824219	-2.824219	-2.824219	-1.258944	0.135701	-0.141482	-0.014332
4.220	-3.403610	-3.403610	-3.403610	-3.403610	-1.833678	-0.468224	-1.088415	-0.710832
4.230	-3.939511	-3.939511	-3.939511	-3.939511	-2.423944	-1.088470	-1.392786	-1.737253
4.240	-4.425075	-4.425075	-4.425075	-4.425075	-3.293811	-1.692395	-2.018439	-2.397095
4.250	-4.854099	-4.854099	-4.854099	-4.854099	-3.588945	-2.622764	-2.627181	-2.763674
4.260	-5.221100	-5.221100	-5.221100	-5.221100	-3.868545	-3.259333	-3.557205	-3.423516
4.270	-5.521389	-5.521389	-5.521389	-5.521389	-4.753945	-3.553134	-3.861576	-3.771766
4.280	-5.751129	-5.751129	-5.751129	-5.751129	-5.049079	-4.173381	-4.165947	-4.449937
4.290	-5.907385	-5.907385	-5.907385	-5.907385	-5.328679	-4.483504	-4.487228	-4.779858
4.300	-5.988160	-5.988160	-5.988160	-5.988160	-5.608279	-4.793627	-5.112880	-5.458029
4.310	-5.992422	-5.992422	-5.992422	-5.992422	-5.918946	-5.103751	-5.417251	-5.476358
4.320	-5.920116	-5.920116	-5.920116	-5.920116	-6.198546	-5.413874	-5.738532	-5.787950
4.330	-5.772167	-5.772167	-5.772167	-5.772167	-6.198546	-5.413874	-6.025994	-6.154529
4.340	-5.550465	-5.550465	-5.550465	-5.550465	-6.198546	-5.397552	-6.042903	-6.154529
4.350	-5.257843	-5.257843	-5.257843	-5.257843	-6.198546	-5.723997	-6.364184	-6.154529
4.360	-4.898038	-4.898038	-4.898038	-4.898038	-6.198546	-5.430196	-6.042903	-6.136200
4.370	-4.475650	-4.475650	-4.475650	-4.475650	-6.198546	-5.723997	-6.042903	-6.154529
4.380	-3.996075	-3.996075	-3.996075	-3.996075	-6.198546	-5.723997	-6.042903	-6.154529
4.390	-3.465440	-3.465440	-3.465440	-3.465440	-5.903412	-5.413874	-5.738532	-5.824608
4.400	-2.890527	-2.890527	-2.890527	-2.890527	-5.639346	-5.397552	-5.434161	-5.806279
4.410	-2.278679	-2.278679	-2.278679	-2.278679	-5.344212	-5.413874	-5.112880	-4.779858
4.420	-1.637717	-1.637717	-1.637717	-1.637717	-4.753945	-4.483504	-4.487228	-4.449937
4.430	-0.975828	-0.975828	-0.975828	-0.975828	-4.474345	-4.173381	-3.895395	-3.771766
4.440	-0.301471	-0.301471	-0.301471	-0.301471	-3.884078	-3.243011	-3.574114	-3.075266
4.450	0.376738	0.376738	0.376738	0.376738	-3.588945	-2.622764	-2.948462	-2.745345
4.460	1.050133	1.050133	1.050133	1.050133	-2.998678	-2.002518	-2.322810	-1.718924
4.470	1.710111	1.710111	1.710111	1.710111	-2.128811	-1.708717	-1.714067	-1.040753
4.480	2.348237	2.348237	2.348237	2.348237	-1.523011	-0.794669	-0.784044	-0.692503
4.490	2.956360	2.956360	2.956360	2.956360	-0.948277	-0.158100	-0.141482	0.663839
4.500	3.526707	3.526707	3.526707	3.526707	-0.358010	0.445824	0.467260	0.993760
4.510	4.051993	4.051993	4.051993	4.051993	0.216723	1.066070	1.076003	1.671931
4.520	4.525505	4.525505	4.525505	4.525505	0.806990	1.996440	2.022936	2.698352
4.530	4.941193	4.941193	4.941193	4.941193	1.381724	2.306564	2.648588	3.028273
4.540	5.293745	5.293745	5.293745	5.293745	1.692390	2.926810	2.936050	3.688115
4.550	5.578657	5.578657	5.578657	5.578657	2.562257	3.236933	3.578611	4.073023
4.560	5.792288	5.792288	5.792288	5.792288	2.857391	3.824536	3.882983	4.402944
4.570	5.931910	5.931910	5.931910	5.931910	3.136991	4.150981	4.491725	4.751194
4.580	5.995737	5.995737	5.995737	5.995737	3.727258	4.461104	4.813006	5.081115
4.590	5.982954	5.982954	5.982954	5.982954	4.022391	4.754905	5.117377	5.759286
4.600	5.893725	5.893725	5.893725	5.893725	4.006858	4.787550	5.438658	6.107536
4.610	5.729189	5.729189	5.729189	5.729189	4.317525	4.771228	5.117377	6.125865
4.620	5.491449	5.491449	5.491449	5.491449	4.317525	4.771228	5.421749	6.107536
4.630	5.183543	5.183543	5.183543	5.183543	4.317525	4.771228	5.117377	6.437457
4.640	4.809405	4.809405	4.809405	4.809405	4.301991	5.081351	5.117377	6.437457
4.650	4.373815	4.373815	4.373815	4.373815	4.317525	5.081351	5.117377	6.455786
4.660	3.882340	3.882340	3.882340	3.882340	4.317525	4.771228	5.421749	6.089207
4.670	3.341258	3.341258	3.341258	3.341258	4.022391	5.065029	5.117377	5.759286
4.680	2.757484	2.757484	2.757484	2.757484	3.432124	4.754905	5.100468	5.411036
4.690	2.138476	2.138476	2.138476	2.138476	3.152524	4.771228	4.796096	4.732865
4.700	1.492145	1.492145	1.492145	1.492145	2.562257	4.477427	3.866073	4.402944
4.710	0.826747	0.826747	0.826747	0.826747	1.971990	3.857180	3.561702	3.743102
4.720	0.150786	0.150786	0.150786	0.150786	1.381724	2.910488	2.631678	3.028273
4.730	-0.527102	-0.527102	-0.527102	-0.527102	1.102123	2.306564	2.022936	2.350102
4.740	-1.198255	-1.198255	-1.198255	-1.198255	0.527390	1.686317	1.380374	1.671931
4.750	-1.854097	-1.854097	-1.854097	-1.854097	-0.373544	0.772269	0.484170	0.975431
4.760	-2.486248	-2.486248	-2.486248	-2.486248	-0.963811	0.135701	0.179799	0.315589
4.770	-3.086632	-3.086632	-3.086632	-3.086632	-1.538544	-0.174423	-0.462763	-0.362582
4.780	-3.647577	-3.647577	-3.647577	-3.647577	-2.113278	-0.794669	-1.088415	-1.040753
4.790	-4.161916	-4.161916	-4.161916	-4.161916	-2.688011	-1.398594	-1.697158	-2.067174
4.800	-4.623076	-4.623076	-4.623076	-4.623076	-2.983145	-2.018840	-2.627181	-2.397095
4.810	-5.025165	-5.025165	-5.025165	-5.025165	-3.573412	-2.639087	-2.948462	-3.441845
4.820	-5.363046	-5.363046	-5.363046	-5.363046	-4.458812	-3.243011	-3.557205	-3.441845
4.830	-5.632401	-5.632401	-5.632401	-5.632401	-4.738412	-3.553134	-3.861576	-4.101687
4.840	-5.829789	-5.829789	-5.829789	-5.829789	-5.049079	-4.173381	-4.487228	-4.798187
4.850	-5.952688	-5.952688	-5.952688	-5.952688	-5.344212	-4.483504	-4.791599	-5.128108
4.860	-5.999526	-5.999526	-5.999526	-5.999526	-5.639346	-4.777305	-5.095970	-5.476358
4.870	-5.969707	-5.969707	-5.969707	-5.969707	-6.198546	-5.103751	-5.417251	-5.806279
4.880	-5.863610	-5.863610	-5.863610	-5.863610	-6.214079	-5.413874	-5.417251	-5.806279
4.890	-5.682592	-5.682592	-5.682592	-5.682592	-6.509213	-5.397552	-6.042903	-6.154529
4.900	-5.428965	-5.428965	-5.428965	-5.428965	-6.509213	-5.413874	-6.042903	-6.172858
4.910	-5.105970	-5.105970	-5.105970	-5.105970	-6.493679	-5.413874	-6.042903	-5.806279
4.920	-4.717734	-4.717734	-4.717734	-4.717734	-6.214079	-5.413874	-6.042903	-5.824608
4.930	-4.269218	-4.269218	-4.269218	-4.269218	-6.493679	-5.397552	-5.738532	-5.824608
4.940	-3.766153	-3.766153	-3.766153	-3.766153	-6.214079	-5.397552	-5.738532	-5.806279
4.950	-3.214966	-3.214966	-3.214966	-3.214966	-6.214079	-5.397552	-5.755442	-5.824608
4.960	-2.622700	-2.622700	-2.622700	-2.622700	-5.328679	-5.413874	-5.417251	-5.476358
4.970	-1.996923	-1.996923	-1.996923	-1.996923	-5.328679	-5.103751	-5.129790	-4.779858
4.980	-1.345630	-1.345630	-1.345630	-1.345630	-4.753945	-4.483504	-4.504137	-4.101687
4.990	-0.677144	-0.677144	-0.677144	-0.677144	-4.458812	-3.863258	-3.895395	-3.441845
5.000	-0.000006	-0.000006	-0.000006	-0.000006	-3.853012	-2.949210	-3.252833	-3.093595
5.010	0.677133	0.677133	0.677133	0.677133	-3.293811	-2.622764	-2.627181	-2.397095
5.020	1.345619	1.345619	1.345619	1.345619	-2.423944	-2.018840	-2.018439	-1.737253
5.030	1.996912	1.996912	1.996912	1.996912	-1.818144	-1.072148	-1.409696	-1.040753
5.040	2.622689	2.622689	2.622689	2.622689	-1.243411	-0.468224	-0.462763	-0.014332
5.050	3.214956	3.214956	3.214956	3.214956	-0.948277	0.152023	0.162889	0.663839
5.060	3.766144	3.766144	3.766144	3.766144	-0.078410	0.755947	0.788541	1.342010
5.070	4.269210	4.269210	4.269210	4.269210	0.511857	1.392516	1.701655	2.020181
5.080	4.717727	4.717727	4.717727	4.717727	1.086590	1.996440	2.327307	2.698352
5.090	5.105964	5.105964	5.105964	5.105964	1.676857	2.600365	2.952959	3.376523
5.100	5.428960	5.428960	5.428960	5.428960	1.971990	3.236933	3.240421	4.073023
5.110	5.682588	5.682588	5.682588	5.682588	2.562257	3.530735	3.866073	4.402944
5.120	5.863607	5.863607	5.863607	5.863607	2.841857	4.150981	4.170444	4.751194
5.130	5.969706	5.969706	5.969706	5.969706	3.447658	4.134659	4.779187	5.429365
5.140	5.999526	5.999526	5.999526	5.999526	3.727258	4.461104	4.796096	5.429365
5.150	5.952689	5.952689	5.952689	5.952689	4.022391	4.787550	5.117377	6.107536
5.160	5.829792	5.829792	5.829792	5.829792	4.022391	4.771228	5.100468	6.107536
5.170	5.632405	5.632405	5.632405	5.632405	4.022391	4.754905	5.117377	6.107536
5.180	5.363051	5.363051	5.363051	5.363051	4.301991	5.065029	5.421749	6.089207
5.190	5.025172	5.025172	5.025172	5.025172	4.022391	5.081351	5.117377	6.107536
5.200	4.623083	4.623083	4.623083	4.623083	4.317525	5.081351	5.421749	6.107536
5.210	4.161924	4.161924	4.161924	4.161924	4.317525	5.065029	5.100468	6.107536
5.220	3.647587	3.647587	3.647587	3.647587	4.022391	5.081351	5.421749	6.107536
5.230	3.086642	3.086642	3.086642	3.086642	3.742791	5.081351	5.100468	5.759286
5.240	2.486259	2.486259	2.486259	2.486259	3.152524	4.771228	4.796096	5.099444
5.250	1.854108	1.854108	1.854108	1.854108	2.841857	4.150981	4.491725	4.751194
5.260	1.198266	1.198266	1.198266	1.198266	2.546724	3.530735	3.561702	4.073023
5.270	0.527113	0.527113	0.527113	0.527113	1.956457	2.910488	2.936050	3.394852
5.280	-0.150774	-0.150774	-0.150774	-0.150774	1.381724	2.306564	2.631678	2.716681
5.290	-0.826736	-0.826736	-0.826736	-0.826736	0.806990	1.996440	1.718564	2.020181
5.300	-1.492133	-1.492133	-1.492133	-1.492133	-0.078410	1.066070	1.092912	1.342010
5.310	-2.138466	-2.138466	-2.138466	-2.138466	-0.668677	0.755947	0.467260	0.993760
5.320	-2.757474	-2.757474	-2.757474	-2.757474	-1.243411	0.135701	-0.158392	-0.014332
5.330	-3.341249	-3.341249	-3.341249	-3.341249	-1.833678	-0.451901	-0.784044	-0.692503
5.340	-3.882331	-3.882331	-3.882331	-3.882331	-2.408411	-1.088470	-1.392786	-1.407332
5.350	-4.373808	-4.373808	-4.373808	-4.373808	-3.293811	-1.708717	-2.018439	-2.067174
5.360	-4.809398	-4.809398	-4.809398	-4.809398	-3.588945	-2.328963	-2.965371	-2.745345
5.370	-5.183537	-5.183537	-5.183537	-5.183537	-4.179212	-2.932888	-3.252833	-3.423516
5.380	-5.491445	-5.491445	-5.491445	-5.491445	-4.458812	-3.553134	-3.574114	-3.771766
5.390	-5.729185	-5.729185	-5.729185	-5.729185	-4.753945	-3.863258	-3.878485	-4.449937
5.400	-5.893722	-5.893722	-5.893722	-5.893722	-5.328679	-4.483504	-4.504137	-4.779858
5.410	-5.982953	-5.982953	-5.982953	-5.982953	-5.623812	-5.087428	-5.129790	-5.458029
5.420	-5.995737	-5.995737	-5.995737	-5.995737	-5.903412	-5.103751	-5.434161	-5.806279
5.430	-5.931911	-5.931911	-5.931911	-5.931911	-5.903412	-5.397552	-5.738532	-5.806279
5.440	-5.792291	-5.792291	-5.792291	-5.792291	-5.903412	-5.397552	-5.755442	-5.824608
5.450	-5.578661	-5.578661	-5.578661	-5.578661	-6.198546	-5.381229	-5.738532	-5.824608
5.460	-5.293750	-5.293750	-5.293750	-5.293750	-6.214079	-5.397552	-6.042903	-6.172858
5.470	-4.941199	-4.941199	-4.941199	-4.941199	-6.198546	-5.413874	-5.738532	-5.824608
5.480	-4.525512	-4.525512	-4.525512	-4.525512	-6.214079	-5.397552	-6.059813	-5.806279
5.490	-4.052002	-4.052002	-4.052002	-4.052002	-6.214079	-5.397552	-6.059813	-5.806279
5.500	-3.526717	-3.526717	-3.526717	-3.526717	-6.214079	-5.413874	-5.738532	-5.806279
5.510	-2.956370	-2.956370	-2.956370	-2.956370	-5.918946	-5.397552	-5.451070	-5.806279
5.520	-2.348248	-2.348248	-2.348248	-2.348248	-5.623812	-5.087428	-5.434161	-4.779858
5.530	-1.710122	-1.710122	-1.710122	-1.710122	-5.049079	-4.483504	-4.825418	-4.449937
5.540	-1.050145	-1.050145	-1.050145	-1.050145	-4.458812	-3.863258	-3.878485	-3.771766
5.550	-0.376750	-0.376750	-0.376750	-0.376750	-3.868545	-3.243011	-3.574114	-3.423516
5.560	0.301459	0.301459	0.301459	0.301459	-3.588945	-2.622764	-2.965371	-2.745345
5.570	0.975817	0.975817	0.975817	0.975817	-3.014211	-2.312641	-2.339719	-2.067174
5.580	1.637705	1.637705	1.637705	1.637705	-2.392878	-1.708717	-1.714067	-1.040753
5.590	2.278669	2.278669	2.278669	2.278669	-1.833678	-0.778347	-1.088415	-0.380911
5.600	2.890516	2.890516	2.890516	2.890516	-0.948277	-0.158100	-0.141482	0.297260
5.610	3.465431	3.465431	3.465431	3.465431	-0.342477	0.135701	0.771632	0.993760
5.620	3.996066	3.996066	3.996066	3.996066	0.232256	1.066070	1.076003	1.690260
5.630	4.475643	4.475643	4.475643	4.475643	0.806990	1.686317	2.006026	2.350102
5.640	4.898032	4.898032	4.898032	4.898032	1.397257	2.306564	2.631678	3.046602
5.650	5.257837	5.257837	5.257837	5.257837	1.987524	2.910488	2.936050	4.073023
5.660	5.550461	5.550461	5.550461	5.550461	2.562257	3.530735	3.561702	4.421273
5.670	5.772164	5.772164	5.772164	5.772164	2.857391	3.857180	4.170444	4.751194
5.680	5.920115	5.920115	5.920115	5.920115	3.152524	4.150981	4.170444	5.429365
5.690	5.992421	5.992421	5.992421	5.992421	3.727258	4.461104	4.491725	5.411036
5.700	5.988161	5.988161	5.988161	5.988161	4.037924	4.477427	4.796096	5.777615
5.710	5.907387	5.907387	5.907387	5.907387	4.317525	4.771228	4.796096	6.089207
5.720	5.751133	5.751133	5.751133	5.751133	4.333058	4.754905	5.117377	6.125865
5.730	5.521394	5.521394	5.521394	5.521394	4.612658	5.065029	5.100468	6.107536
5.740	5.221106	5.221106	5.221106	5.221106	4.317525	5.081351	5.117377	6.089207
5.750	4.854106	4.854106	4.854106	4.854106	4.317525	5.065029	5.117377	6.107536
5.760	4.425083	4.425083	4.425083	4.425083	4.317525	4.771228	5.100468	6.107536
5.770	3.939520	3.939520	3.939520	3.939520	4.333058	4.771228	5.404839	6.089207
5.780	3.403619	3.403619	3.403619	3.403619	3.742791	4.787550	5.100468	6.107536
5.790	2.824230	2.824230	2.824230	2.824230	3.447658	4.771228	5.117377	5.429365
5.800	2.208754	2.208754	2.208754	2.208754	2.857391	4.461104	4.796096	4.732865
5.810	1.565056	1.565056	1.565056	1.565056	2.562257	4.150981	3.866073	4.421273
5.820	0.901360	0.901360	0.901360	0.901360	2.267124	3.220611	3.544792	3.724773
5.830	0.226148	0.226148	0.226148	0.226148	1.676857	2.910488	2.614769	3.376523
5.840	-0.451954	-0.451954	-0.451954	-0.451954	1.102123	2.306564	2.022936	2.350102
5.850	-1.124281	-1.124281	-1.124281	-1.124281	0.527390	1.702639	1.380374	1.690260
5.860	-1.782243	-1.782243	-1.782243	-1.782243	-0.078410	1.066070	0.771632	1.342010
5.870	-2.417432	-2.417432	-2.417432	-2.417432	-0.948277	0.135701	0.450351	0.315589
5.880	-3.021733	-3.021733	-3.021733	-3.021733	-1.538544	-0.174423	-0.784044	-0.362582
5.890	-3.587424	-3.587424	-3.587424	-3.587424	-2.113278	-0.762025	-1.088415	-1.040753
5.900	-4.107278	-4.107278	-4.107278	-4.107278	-2.703545	-1.398594	-1.714067	-1.718924
5.910	-4.574651	-4.574651	-4.574651	-4.574651	-3.293811	-2.035162	-2.322810	-2.378766
5.920	-4.983572	-4.983572	-4.983572	-4.983572	-3.868545	-2.639087	-2.948462	-3.093595
5.930	-5.328816	-5.328816	-5.328816	-5.328816	-4.443279	-3.243011	-3.557205	-3.423516
5.940	-5.605971	-5.605971	-5.605971	-5.605971	-4.738412	-3.863258	-4.182857	-3.753437
5.950	-5.811497	-5.811497	-5.811497	-5.811497	-5.033545	-4.173381	-4.182857	-4.779858
5.960	-5.942768	-5.942768	-5.942768	-5.942768	-5.623812	-4.483504	-4.808509	-5.128108
5.970	-5.998105	-5.998105	-5.998105	-5.998105	-5.887879	-5.103751	-5.417251	-5.806279
5.980	-5.976802	-5.976802	-5.976802	-5.976802	-6.198546	-5.087428	-5.434161	-5.806279
5.990	-5.879132	-5.879132	-5.879132	-5.879132	-6.214079	-5.413874	-5.417251	-5.824608
6.000	-5.706341	-5.706341	-5.706341	-5.706341	-6.198546	-5.413874	-5.738532	-6.154529
6.010	-5.460639	-5.460639	-5.460639	-5.460639	-6.509213	-5.397552	-5.434161	-6.172858
6.020	-5.145164	-5.145164	-5.145164	-5.145164	-6.493679	-5.397552	-5.721623	-6.154529
6.030	-4.763947	-4.763947	-4.763947	-4.763947	-6.509213	-5.397552	-5.738532	-6.172858
6.040	-4.321859	-4.321859	-4.321859	-4.321859	-6.493679	-5.413874	-5.738532	-6.172858
6.050	-3.824549	-3.824549	-3.824549	-3.824549	-6.198546	-5.397552	-5.738532	-6.154529
6.060	-3.278372	-3.278372	-3.278372	-3.278372	-5.903412	-5.413874	-5.434161	-5.806279
6.070	-2.690306	-2.690306	-2.690306	-2.690306	-5.918946	-5.413874	-5.417251	-5.476358
6.080	-2.067864	-2.067864	-2.067864	-2.067864	-5.328679	-4.809950	-5.112880	-4.798187
6.090	-1.419001	-1.419001	-1.419001	-1.419001	-4.753945	-4.499826	-4.504137	-4.101687
6.100	-0.752006	-0.752006	-0.752006	-0.752006	-4.163678	-3.863258	-3.878485	-3.423516
6.110	-0.075403	-0.075403	-0.075403	-0.075403	-3.868545	-3.243011	-3.252833	-3.093595
6.120	0.602163	0.602163	0.602163	0.602163	-3.278278	-2.639087	-2.644091	-2.415424
6.130	1.272036	1.272036	1.272036	1.272036	-2.703545	-2.018840	-2.018439	-1.389003
6.140	1.925655	1.925655	1.925655	1.925655	-1.833678	-1.398594	-1.392786	-1.040753
6.150	2.554669	2.554669	2.554669	2.554669	-1.538544	-0.484546	-0.462763	-0.362582
6.160	3.151042	3.151042	3.151042	3.151042	-0.653144	0.135701	-0.158392	0.663839
6.170	3.707152	3.707152	3.707152	3.707152	-0.078410	0.772269	0.771632	1.342010
6.180	4.215895	4.215895	4.215895	4.215895	0.511857	1.376194	1.363465	2.020181
6.190	4.670769	4.670769	4.670769	4.670769	1.086590	1.686317	1.989117	2.698352
6.200	5.065964	5.065964	5.065964	5.065964	1.692390	2.600365	2.936050	3.394852
6.210	5.396428	5.396428	5.396428	5.396428	1.987524	2.926810	3.257330	4.073023
6.220	5.657941	5.657941	5.657941	5.657941	2.562257	3.530735	3.561702	4.402944
6.230	5.847160	5.847160	5.847160	5.847160	2.857391	4.150981	4.187354	5.081115
6.240	5.961667	5.961667	5.961667	5.961667	3.432124	4.134659	4.491725	5.429365
6.250	6.000000	6.000000	6.000000	6.000000	3.727258	4.461104	4.796096	5.777615
6.260	5.961669	5.961669	5.961669	5.961669	4.022391	4.771228	5.117377	5.777615
6.270	5.847163	5.847163	5.847163	5.847163	4.317525	5.081351	5.100468	6.107536
6.280	5.657946	5.657946	5.657946	5.657946	4.317525	5.081351	5.117377	6.089207
6.290	5.396435	5.396435	5.396435	5.396435	4.317525	5.065029	5.100468	6.107536
6.300	5.065971	5.065971	5.065971	5.065971	4.333058	5.065029	5.117377	6.089207
6.310	4.670778	4.670778	4.670778	4.670778	4.317525	5.081351	5.117377	6.089207
6.320	4.215905	4.215905	4.215905	4.215905	4.022391	5.097673	5.117377	6.437457
6.330	3.707163	3.707163	3.707163	3.707163	4.022391	4.771228	5.117377	6.107536
6.340	3.151054	3.151054	3.151054	3.151054	3.727258	5.065029	5.117377	5.759286
6.350	2.554682	2.554682	2.554682	2.554682	3.432124	4.754905	5.100468	5.429365
6.360	1.925669	1.925669	1.925669	1.925669	2.841857	4.461104	4.187354	4.732865
6.370	1.272050	1.272050	1.272050	1.272050	2.562257	3.840858	3.866073	4.402944
6.380	0.602178	0.602178	0.602178	0.602178	1.971990	3.220611	3.257330	3.376523
6.390	-0.075389	-0.075389	-0.075389	-0.075389	1.397257	2.616687	2.631678	2.716681
6.400	-0.751992	-0.751992	-0.751992	-0.751992	1.102123	2.012763	2.022936	2.038510
6.410	-1.418987	-1.418987	-1.418987	-1.418987	0.511857	1.392516	1.380374	1.690260
6.420	-2.067851	-2.067851	-2.067851	-2.067851	-0.668677	0.755947	0.484170	0.663839
6.430	-2.690293	-2.690293	-2.690293	-2.690293	-1.243411	0.135701	-0.175301	-0.014332
6.440	-3.278360	-3.278360	-3.278360	-3.278360	-1.538544	-0.468224	-0.784044	-0.710832
6.450	-3.824538	-3.824538	-3.824538	-3.824538	-2.128811	-0.778347	-1.392786	-1.370674
6.460	-4.321849	-4.321849	-4.321849	-4.321849	-2.998678	-1.708717	-2.018439	-1.737253
6.470	-4.763938	-4.763938	-4.763938	-4.763938	-3.588945	-2.312641	-2.644091	-2.745345
6.480	-5.145156	-5.145156	-5.145156	-5.145156	-3.868545	-2.949210	-2.948462	-3.441845
6.490	-5.460633	-5.460633	-5.460633	-5.460633	-4.458812	-3.553134	-3.878485	-3.771766
6.500	-5.706337	-5.706337	-5.706337	-5.706337	-5.033545	-3.846935	-4.182857	-4.101687
6.510	-5.879129	-5.879129	-5.879129	-5.879129	-5.328679	-4.483504	-4.504137	-4.798187
6.520	-5.976801	-5.976801	-5.976801	-5.976801	-5.623812	-4.483504	-5.129790	-5.476358
6.530	-5.998105	-5.998105	-5.998105	-5.998105	-5.918946	-4.793627	-5.434161	-5.458029
6.540	-5.942770	-5.942770	-5.942770	-5.942770	-6.198546	-5.120073	-5.451070	-5.806279
6.550	-5.811501	-5.811501	-5.811501	-5.811501	-6.214079	-5.103751	-6.042903	-5.806279
6.560	-5.605976	-5.605976	-5.605976	-5.605976	-6.493679	-5.413874	-6.042903	-5.806279
6.570	-5.328822	-5.328822	-5.328822	-5.328822	-6.493679	-5.413874	-6.042903	-5.806279
6.580	-4.983580	-4.983580	-4.983580	-4.983580	-6.198546	-5.413874	-6.042903	-5.806279
6.590	-4.574660	-4.574660	-4.574660	-4.574660	-6.493679	-5.430196	-6.042903	-5.806279
6.600	-4.107288	-4.107288	-4.107288	-4.107288	-6.198546	-5.397552	-6.042903	-6.154529
6.610	-3.587436	-3.587436	-3.587436	-3.587436	-6.214079	-5.413874	-6.042903	-5.787950
6.620	-3.021746	-3.021746	-3.021746	-3.021746	-5.918946	-5.103751	-5.738532	-5.824608
6.630	-2.417446	-2.417446	-2.417446	-2.417446	-5.328679	-5.103751	-5.129790	-5.458029
6.640	-1.782257	-1.782257	-1.782257	-1.782257	-5.033545	-4.483504	-4.808509	-4.449937
6.650	-1.124295	-1.124295	-1.124295	-1.124295	-4.753945	-3.863258	-4.182857	-3.771766
6.660	-0.451969	-0.451969	-0.451969	-0.451969	-3.868545	-3.259333	-3.878485	-3.423516
6.670	0.226133	0.226133	0.226133	0.226133	-3.588945	-2.639087	-2.965371	-3.093595
6.680	0.901346	0.901346	0.901346	0.901346	-2.998678	-2.328963	-2.644091	-2.067174
6.690	1.565042	1.565042	1.565042	1.565042	-2.408411	-1.708717	-1.714067	-1.407332
6.700	2.208740	2.208740	2.208740	2.208740	-1.523011	-0.778347	-1.088415	-1.059082
6.710	2.824217	2.824217	2.824217	2.824217	-1.243411	-0.174423	-0.175301	-0.032661
6.720	3.403607	3.403607	3.403607	3.403607	-0.653144	0.445824	0.450351	0.975431
6.730	3.939509	3.939509	3.939509	3.939509	-0.078410	1.066070	0.771632	1.671931
6.740	4.425073	4.425073	4.425073	4.425073	0.806990	1.686317	1.397284	2.020181
6.750	4.854097	4.854097	4.854097	4.854097	1.381724	2.306564	2.327307	3.046602
6.760	5.221099	5.221099	5.221099	5.221099	1.676857	2.926810	2.936050	3.376523
6.770	5.521388	5.521388	5.521388	5.521388	2.267124	3.220611	3.578611	4.054694
6.780	5.751128	5.751128	5.751128	5.751128	2.841857	3.824536	3.866073	4.384615
6.790	5.907385	5.907385	5.907385	5.907385	3.136991	4.134659	4.491725	4.732865
6.800	5.988160	5.988160	5.988160	5.988160	3.432124	4.461104	4.796096	5.099444
6.810	5.992422	5.992422	5.992422	5.992422	4.037924	4.477427	4.813006	5.759286
6.820	5.920117	5.920117	5.920117	5.920117	4.022391	4.771228	5.100468	5.759286
6.830	5.772168	5.772168	5.772168	5.772168	4.022391	4.771228	5.117377	6.107536
6.840	5.550466	5.550466	5.550466	5.550466	4.301991	5.081351	5.100468	6.089207
6.850	5.257844	5.257844	5.257844	5.257844	4.022391	5.081351	5.421749	6.437457
6.860	4.898040	4.898040	4.898040	4.898040	4.301991	4.754905	5.100468	6.437457
6.870	4.475652	4.475652	4.475652	4.475652	4.317525	4.754905	5.100468	6.437457
6.880	3.996077	3.996077	3.996077	3.996077	4.022391	5.065029	5.117377	6.437457
6.890	3.465443	3.465443	3.465443	3.465443	4.006858	4.787550	5.421749	6.089207
6.900	2.890529	2.890529	2.890529	2.890529	3.432124	4.771228	5.117377	5.411036
6.910	2.278682	2.278682	2.278682	2.278682	3.121457	4.771228	4.796096	5.062786
6.920	1.637719	1.637719	1.637719	1.637719	2.841857	4.150981	4.187354	4.073023
6.930	0.975831	0.975831	0.975831	0.975831	2.267124	3.547057	3.578611	4.054694
6.940	0.301474	0.301474	0.301474	0.301474	1.971990	2.926810	2.952959	3.046602
6.950	-0.376735	-0.376735	-0.376735	-0.376735	1.397257	2.290241	2.310398	2.350102
6.960	-1.050130	-1.050130	-1.050130	-1.050130	0.511857	1.686317	1.701655	1.671931
6.970	-1.710108	-1.710108	-1.710108	-1.710108	-0.078410	1.066070	0.771632	0.975431
6.980	-2.348235	-2.348235	-2.348235	-2.348235	-0.653144	0.445824	0.145979	0.297260
6.990	-2.956357	-2.956357	-2.956357	-2.956357	-1.538544	-0.158100	-0.158392	-0.362582
7.000	-3.526705	-3.526705	-3.526705	-3.526705	-1.818144	-0.794669	-0.784044	-1.040753
7.010	-4.051991	-4.051991	-4.051991	-4.051991	-2.703545	-1.382271	-1.409696	-1.389003
7.020	-4.525503	-4.525503	-4.525503	-4.525503	-3.293811	-2.018840	-2.339719	-2.397095
7.030	-4.941191	-4.941191	-4.941191	-4.941191	-3.868545	-2.639087	-2.644091	-3.075266
7.040	-5.293744	-5.293744	-5.293744	-5.293744	-4.163678	-2.949210	-3.269743	-3.423516
7.050	-5.578656	-5.578656	-5.578656	-5.578656	-4.753945	-3.553134	-3.878485	-4.083358
7.060	-5.792288	-5.792288	-5.792288	-5.792288	-5.328679	-4.173381	-4.504137	-4.798187
7.070	-5.931909	-5.931909	-5.931909	-5.931909	-5.623812	-4.777305	-5.112880	-5.128108
7.080	-5.995737	-5.995737	-5.995737	-5.995737	-5.623812	-5.103751	-5.129790	-5.476358
7.090	-5.982954	-5.982954	-5.982954	-5.982954	-5.918946	-5.413874	-5.417251	-5.787950
7.100	-5.893725	-5.893725	-5.893725	-5.893725	-6.214079	-5.413874	-5.738532	-5.769621
7.110	-5.729190	-5.729190	-5.729190	-5.729190	-6.214079	-5.397552	-6.025994	-5.824608
7.120	-5.491450	-5.491450	-5.491450	-5.491450	-6.214079	-5.397552	-5.738532	-6.136200
7.130	-5.183545	-5.183545	-5.183545	-5.183545	-6.214079	-5.740319	-6.042903	-5.806279
7.140	-4.809407	-4.809407	-4.809407	-4.809407	-6.214079	-5.413874	-6.042903	-5.806279
7.150	-4.373817	-4.373817	-4.373817	-4.373817	-6.214079	-5.413874	-6.025994	-5.824608
7.160	-3.882342	-3.882342	-3.882342	-3.882342	-6.198546	-5.723997	-5.738532	-5.806279
7.170	-3.341261	-3.341261	-3.341261	-3.341261	-5.918946	-5.397552	-5.755442	-5.824608
7.180	-2.757487	-2.757487	-2.757487	-2.757487	-5.623812	-5.413874	-5.434161	-5.476358
7.190	-2.138479	-2.138479	-2.138479	-2.138479	-5.049079	-5.413874	-5.112880	-4.798187
7.200	-1.492147	-1.492147	-1.492147	-1.492147	-4.753945	-4.483504	-4.182857	-4.101687
7.210	-0.826750	-0.826750	-0.826750	-0.826750	-4.458812	-3.863258	-3.861576	-3.790095
7.220	-0.150789	-0.150789	-0.150789	-0.150789	-3.573412	-3.275655	-3.557205	-3.093595
7.230	0.527099	0.527099	0.527099	0.527099	-3.278278	-2.622764	-2.948462	-2.415424
7.240	1.198252	1.198252	1.198252	1.198252	-2.703545	-2.002518	-2.018439	-1.718924
7.250	1.854094	1.854094	1.854094	1.854094	-1.833678	-1.382271	-1.714067	-1.022424
7.260	2.486246	2.486246	2.486246	2.486246	-1.538544	-0.468224	-0.750225	-0.344253
7.270	3.086630	3.086630	3.086630	3.086630	-0.948277	-0.158100	0.162889	0.315589
7.280	3.647575	3.647575	3.647575	3.647575	-0.078410	0.755947	0.788541	1.012089
7.290	4.161914	4.161914	4.161914	4.161914	0.511857	1.082393	1.397284	1.690260
7.300	4.623074	4.623074	4.623074	4.623074	1.102123	1.996440	2.022936	2.698352
7.310	5.025164	5.025164	5.025164	5.025164	1.397257	2.616687	2.631678	3.376523
7.320	5.363045	5.363045	5.363045	5.363045	1.971990	2.910488	3.240421	3.724773
7.330	5.632400	5.632400	5.632400	5.632400	2.562257	3.530735	3.561702	4.402944
7.340	5.829788	5.829788	5.829788	5.829788	2.841857	3.857180	4.170444	4.732865
7.350	5.952687	5.952687	5.952687	5.952687	3.432124	4.150981	4.491725	5.062786
7.360	5.999526	5.999526	5.999526	5.999526	3.727258	4.461104	4.796096	5.099444
7.370	5.969707	5.969707	5.969707	5.969707	4.022391	4.771228	4.796096	5.759286
7.380	5.863611	5.863611	5.863611	5.863611	4.317525	4.771228	5.100468	5.759286
7.390	5.682593	5.682593	5.682593	5.682593	4.317525	5.081351	5.100468	6.107536
7.400	5.428966	5.428966	5.428966	5.428966	4.317525	5.097673	5.117377	6.107536
7.410	5.105971	5.105971	5.105971	5.105971	4.301991	5.391474	5.117377	6.455786
7.420	4.717736	4.717736	4.717736	4.717736	4.301991	5.065029	5.421749	6.455786
7.430	4.269220	4.269220	4.269220	4.269220	4.317525	5.065029	5.100468	6.437457
7.440	3.766155	3.766155	3.766155	3.766155	4.022391	5.081351	5.100468	6.089207
7.450	3.214968	3.214968	3.214968	3.214968	4.022391	5.081351	5.100468	6.125865
7.460	2.622702	2.622702	2.622702	2.622702	3.152524	4.754905	5.100468	5.099444
7.470	1.996925	1.996925	1.996925	1.996925	2.857391	4.461104	4.491725	4.751194
7.480	1.345633	1.345633	1.345633	1.345633	2.562257	3.840858	3.866073	4.073023
7.490	0.677147	0.677147	0.677147	0.677147	1.971990	2.910488	3.257330	3.394852
7.500	0.000009	0.000009	0.000009	0.000009	1.381724	2.600365	2.631678	2.716681
7.510	-0.677130	-0.677130	-0.677130	-0.677130	1.086590	1.980118	2.022936	2.350102
7.520	-1.345616	-1.345616	-1.345616	-1.345616	0.511857	1.376194	1.414193	1.342010
7.530	-1.996909	-1.996909	-1.996909	-1.996909	-0.358010	1.066070	0.771632	1.012089
7.540	-2.622687	-2.622687	-2.622687	-2.622687	-0.948277	0.152023	0.145979	0.003997
7.550	-3.214953	-3.214953	-3.214953	-3.214953	-1.523011	-0.158100	-0.462763	-0.710832
7.560	-3.766141	-3.766141	-3.766141	-3.766141	-2.113278	-0.794669	-1.088415	-1.059082
7.570	-4.269208	-4.269208	-4.269208	-4.269208	-2.983145	-1.708717	-1.714067	-2.067174
7.580	-4.717725	-4.717725	-4.717725	-4.717725	-3.293811	-2.312641	-2.322810	-2.745345
7.590	-5.105962	-5.105962	-5.105962	-5.105962	-3.868545	-2.622764	-3.286652	-3.423516
7.600	-5.428959	-5.428959	-5.428959	-5.428959	-4.738412	-3.553134	-3.591024	-4.101687
7.610	-5.682587	-5.682587	-5.682587	-5.682587	-5.049079	-3.553134	-4.199766	-4.101687
7.620	-5.863607	-5.863607	-5.863607	-5.863607	-5.328679	-4.189703	-4.521047	-4.431608
7.630	-5.969705	-5.969705	-5.969705	-5.969705	-5.623812	-4.793627	-4.825418	-5.128108
7.640	-5.999526	-5.999526	-5.999526	-5.999526	-5.918946	-4.809950	-5.434161	-5.458029
7.650	-5.952689	-5.952689	-5.952689	-5.952689	-6.214079	-5.103751	-5.434161	-5.806279
7.660	-5.829792	-5.829792	-5.829792	-5.829792	-6.214079	-5.397552	-5.434161	-5.806279
7.670	-5.632406	-5.632406	-5.632406	-5.632406	-6.229612	-5.413874	-5.755442	-6.136200
7.680	-5.363053	-5.363053	-5.363053	-5.363053	-6.509213	-5.413874	-6.059813	-5.787950
7.690	-5.025173	-5.025173	-5.025173	-5.025173	-6.214079	-5.430196	-5.755442	-5.824608
7.700	-4.623085	-4.623085	-4.623085	-4.623085	-6.198546	-5.397552	-5.738532	-5.824608
7.710	-4.161926	-4.161926	-4.161926	-4.161926	-6.214079	-5.103751	-5.755442	-5.806279
7.720	-3.647589	-3.647589	-3.647589	-3.647589	-6.214079	-5.430196	-5.738532	-5.806279
7.730	-3.086645	-3.086645	-3.086645	-3.086645	-5.903412	-5.103751	-5.738532	-5.806279
7.740	-2.486262	-2.486262	-2.486262	-2.486262	-5.328679	-5.103751	-5.434161	-5.109779
7.750	-1.854110	-1.854110	-1.854110	-1.854110	-5.033545	-5.103751	-4.808509	-4.779858
7.760	-1.198269	-1.198269	-1.198269	-1.198269	-4.458812	-4.189703	-3.895395	-4.101687
7.770	-0.527116	-0.527116	-0.527116	-0.527116	-4.163678	-3.553134	-3.574114	-3.423516
7.780	0.150772	0.150772	0.150772	0.150772	-3.278278	-2.949210	-2.948462	-3.075266
7.790	0.826733	0.826733	0.826733	0.826733	-3.293811	-2.328963	-2.339719	-2.067174
7.800	1.492131	1.492131	1.492131	1.492131	-2.408411	-1.725039	-2.018439	-1.352345
7.810	2.138463	2.138463	2.138463	2.138463	-1.523011	-0.778347	-1.409696	-0.692503
7.820	2.757471	2.757471	2.757471	2.757471	-1.227877	-0.468224	-0.462763	0.333918
7.830	3.341246	3.341246	3.341246	3.341246	-0.653144	0.152023	0.162889	0.645510
7.840	3.882329	3.882329	3.882329	3.882329	0.216723	1.066070	1.076003	1.342010
7.850	4.373806	4.373806	4.373806	4.373806	0.806990	1.686317	1.380374	2.020181
7.860	4.809396	4.809396	4.809396	4.809396	1.086590	2.290241	2.310398	2.698352
7.870	5.183536	5.183536	5.183536	5.183536	1.987524	2.926810	2.936050	3.376523
7.880	5.491443	5.491443	5.491443	5.491443	2.267124	3.220611	3.240421	4.073023
7.890	5.729185	5.729185	5.729185	5.729185	2.562257	3.857180	3.866073	4.732865
7.900	5.893722	5.893722	5.893722	5.893722	3.136991	4.150981	4.187354	5.081115
7.910	5.982953	5.982953	5.982953	5.982953	3.432124	4.461104	4.491725	5.081115
7.920	5.995737	5.995737	5.995737	5.995737	4.006858	4.444782	4.813006	5.759286
7.930	5.931912	5.931912	5.931912	5.931912	4.022391	4.771228	5.117377	6.107536
7.940	5.792292	5.792292	5.792292	5.792292	4.317525	4.771228	5.134287	6.107536
7.950	5.578662	5.578662	5.578662	5.578662	4.317525	5.081351	5.421749	6.107536
7.960	5.293752	5.293752	5.293752	5.293752	4.317525	5.097673	5.421749	6.107536
7.970	4.941201	4.941201	4.941201	4.941201	4.301991	4.771228	5.421749	6.107536
7.980	4.525514	4.525514	4.525514	4.525514	4.317525	5.081351	5.421749	6.089207
7.990	4.052004	4.052004	4.052004	4.052004	4.317525	5.081351	5.438658	6.107536
8.000	3.526719	3.526719	3.526719	3.526719	4.317525	4.771228	5.421749	6.107536
8.010	2.956372	2.956372	2.956372	2.956372	3.727258	5.065029	5.421749	5.759286
8.020	2.348251	2.348251	2.348251	2.348251	3.136991	4.477427	4.813006	5.081115
8.030	1.710124	1.710124	1.710124	1.710124	2.841857	4.167303	4.187354	4.402944
8.040	1.050148	1.050148	1.050148	1.050148	2.267124	3.547057	3.561702	3.706444
8.050	0.376752	0.376752	0.376752	0.376752	1.692390	2.910488	2.936050	3.376523
8.060	-0.301457	-0.301457	-0.301457	-0.301457	1.102123	2.306564	2.310398	2.698352
8.070	-0.975814	-0.975814	-0.975814	-0.975814	0.822523	1.686317	1.701655	1.671931
8.080	-1.637703	-1.637703	-1.637703	-1.637703	-0.062877	1.082393	0.788541	0.993760
8.090	-2.278666	-2.278666	-2.278666	-2.278666	-0.653144	0.445824	0.162889	0.645510
8.100	-2.890514	-2.890514	-2.890514	-2.890514	-1.243411	0.152023	-0.175301	-0.380911
8.110	-3.465429	-3.465429	-3.465429	-3.465429	-1.833678	-0.451901	-1.088415	-0.710832
8.120	-3.996064	-3.996064	-3.996064	-3.996064	-2.703545	-1.088470	-1.409696	-1.370674
8.130	-4.475641	-4.475641	-4.475641	-4.475641	-2.998678	-2.002518	-2.018439	-2.415424
8.140	-4.898030	-4.898030	-4.898030	-4.898030	-3.573412	-2.639087	-2.644091	-3.075266
8.150	-5.257836	-5.257836	-5.257836	-5.257836	-3.868545	-2.949210	-3.269743	-3.441845
8.160	-5.550460	-5.550460	-5.550460	-5.550460	-4.753945	-3.553134	-3.878485	-4.120016
8.170	-5.772163	-5.772163	-5.772163	-5.772163	-5.033545	-3.863258	-4.182857	-4.449937
8.180	-5.920114	-5.920114	-5.920114	-5.920114	-5.328679	-4.499826	-4.808509	-5.494687
8.190	-5.992421	-5.992421	-5.992421	-5.992421	-5.623812	-4.777305	-5.112880	-5.824608
8.200	-5.988161	-5.988161	-5.988161	-5.988161	-5.934479	-5.087428	-5.738532	-5.824608
8.210	-5.907388	-5.907388	-5.907388	-5.907388	-6.214079	-5.397552	-6.042903	-5.824608
8.220	-5.751133	-5.751133	-5.751133	-5.751133	-6.509213	-5.413874	-6.042903	-6.136200
8.230	-5.521395	-5.521395	-5.521395	-5.521395	-6.509213	-5.430196	-6.059813	-6.172858
8.240	-5.221107	-5.221107	-5.221107	-5.221107	-6.214079	-5.381229	-6.059813	-6.154529
8.250	-4.854108	-4.854108	-4.854108	-4.854108	-6.509213	-5.397552	-6.059813	-6.154529
8.260	-4.425085	-4.425085	-4.425085	-4.425085	-6.509213	-5.413874	-6.042903	-6.154529
8.270	-3.939522	-3.939522	-3.939522	-3.939522	-6.214079	-5.397552	-6.042903	-5.806279
8.280	-3.403622	-3.403622	-3.403622	-3.403622	-6.198546	-5.397552	-5.755442	-5.787950
8.290	-2.824232	-2.824232	-2.824232	-2.824232	-5.623812	-5.103751	-5.434161	-5.458029
8.300	-2.208756	-2.208756	-2.208756	-2.208756	-5.328679	-4.793627	-5.129790	-4.779858
8.310	-1.565058	-1.565058	-1.565058	-1.565058	-5.049079	-4.499826	-4.521047	-4.120016
8.320	-0.901363	-0.901363	-0.901363	-0.901363	-4.163678	-3.553134	-3.878485	-3.753437
8.330	-0.226151	-0.226151	-0.226151	-0.226151	-3.868545	-3.259333	-3.574114	-3.423516
8.340	0.451951	0.451951	0.451951	0.451951	-3.293811	-2.639087	-2.627181	-2.397095
8.350	1.124278	1.124278	1.124278	1.124278	-2.983145	-2.035162	-2.035348	-1.737253
8.360	1.782240	1.782240	1.782240	1.782240	-2.128811	-1.414916	-1.714067	-1.059082
8.370	2.417430	2.417430	2.417430	2.417430	-1.523011	-0.794669	-0.445854	-0.710832
8.380	3.021731	3.021731	3.021731	3.021731	-0.932744	0.152023	0.162889	0.645510
8.390	3.587422	3.587422	3.587422	3.587422	-0.358010	0.445824	0.467260	1.012089
8.400	4.107276	4.107276	4.107276	4.107276	0.511857	1.066070	1.397284	1.671931
8.410	4.574649	4.574649	4.574649	4.574649	1.086590	1.686317	1.701655	2.368431
8.420	4.983570	4.983570	4.983570	4.983570	1.381724	2.290241	2.631678	3.028273
8.430	5.328814	5.328814	5.328814	5.328814	2.251591	2.910488	2.952959	4.054694
8.440	5.605970	5.605970	5.605970	5.605970	2.546724	3.530735	3.578611	4.402944
8.450	5.811497	5.811497	5.811497	5.811497	2.841857	4.167303	3.866073	4.751194
8.460	5.942767	5.942767	5.942767	5.942767	3.152524	4.444782	4.170444	5.081115
8.470	5.998105	5.998105	5.998105	5.998105	3.727258	4.461104	4.813006	5.411036
8.480	5.976803	5.976803	5.976803	5.976803	4.022391	4.771228	4.796096	5.759286
8.490	5.879132	5.879132	5.879132	5.879132	4.317525	4.771228	5.117377	5.759286
8.500	5.706342	5.706342	5.706342	5.706342	4.301991	5.065029	5.421749	6.107536
8.510	5.460640	5.460640	5.460640	5.460640	4.597125	5.375152	5.117377	6.089207
8.520	5.145165	5.145165	5.145165	5.145165	4.317525	5.081351	5.421749	6.089207
8.530	4.763948	4.763948	4.763948	4.763948	4.612658	5.065029	5.117377	6.089207
8.540	4.321861	4.321861	4.321861	4.321861	4.301991	5.065029	5.404839	6.107536
8.550	3.824552	3.824552	3.824552	3.824552	4.317525	5.081351	5.117377	5.759286
8.560	3.278374	3.278374	3.278374	3.278374	4.037924	4.754905	5.421749	6.089207
8.570	2.690308	2.690308	2.690308	2.690308	3.432124	5.065029	5.117377	5.777615
8.580	2.067867	2.067867	2.067867	2.067867	2.857391	4.444782	4.474816	4.732865
8.590	1.419004	1.419004	1.419004	1.419004	2.562257	3.840858	3.866073	4.054694
8.600	0.752009	0.752009	0.752009	0.752009	1.987524	3.220611	3.257330	3.724773
8.610	0.075406	0.075406	0.075406	0.075406	1.692390	2.616687	2.631678	3.376523
8.620	-0.602160	-0.602160	-0.602160	-0.602160	1.102123	1.996440	2.006026	2.020181
8.630	-1.272033	-1.272033	-1.272033	-1.272033	0.216723	1.702639	1.397284	1.323681
8.640	-1.925652	-1.925652	-1.925652	-1.925652	-0.373544	0.772269	0.450351	0.993760
8.650	-2.554667	-2.554667	-2.554667	-2.554667	-0.963811	0.462146	0.162889	0.315589
8.660	-3.151039	-3.151039	-3.151039	-3.151039	-1.538544	-0.158100	-0.462763	-0.710832
8.670	-3.707150	-3.707150	-3.707150	-3.707150	-2.128811	-0.778347	-1.088415	-1.389003
8.680	-4.215893	-4.215893	-4.215893	-4.215893	-2.719078	-1.692395	-1.697158	-2.067174
8.690	-4.670767	-4.670767	-4.670767	-4.670767	-3.278278	-2.018840	-2.322810	-2.415424
8.700	-5.065962	-5.065962	-5.065962	-5.065962	-3.588945	-2.622764	-2.931552	-3.423516
8.710	-5.396427	-5.396427	-5.396427	-5.396427	-4.179212	-3.553134	-3.574114	-3.753437
8.720	-5.657940	-5.657940	-5.657940	-5.657940	-5.049079	-3.879580	-3.895395	-4.120016
8.730	-5.847159	-5.847159	-5.847159	-5.847159	-5.328679	-4.189703	-4.808509	-4.779858
8.740	-5.961667	-5.961667	-5.961667	-5.961667	-5.623812	-4.483504	-5.112880	-5.128108
8.750	-6.000000	-6.000000	-6.000000	-6.000000	-5.903412	-4.777305	-5.112880	-5.787950
8.760	-5.961669	-5.961669	-5.961669	-5.961669	-5.934479	-5.397552	-5.434161	-5.806279
8.770	-5.847164	-5.847164	-5.847164	-5.847164	-5.918946	-5.397552	-5.738532	-5.806279
8.780	-5.657947	-5.657947	-5.657947	-5.657947	-6.214079	-5.397552	-5.738532	-6.154529
8.790	-5.396436	-5.396436	-5.396436	-5.396436	-6.214079	-5.413874	-5.721623	-6.136200
8.800	-5.065973	-5.065973	-5.065973	-5.065973	-6.198546	-5.707675	-5.738532	-6.154529
8.810	-4.670780	-4.670780	-4.670780	-4.670780	-6.214079	-5.413874	-5.738532	-6.154529
8.820	-4.215907	-4.215907	-4.215907	-4.215907	-6.214079	-5.397552	-5.434161	-5.806279
8.830	-3.707166	-3.707166	-3.707166	-3.707166	-6.198546	-5.707675	-5.738532	-5.824608
8.840	-3.151056	-3.151056	-3.151056	-3.151056	-5.918946	-5.381229	-5.434161	-5.824608
8.850	-2.554685	-2.554685	-2.554685	-2.554685	-5.623812	-5.413874	-5.434161	-5.109779
8.860	-1.925671	-1.925671	-1.925671	-1.925671	-5.049079	-4.793627	-5.112880	-4.779858
8.870	-1.272053	-1.272053	-1.272053	-1.272053	-4.738412	-4.173381	-4.487228	-3.790095
8.880	-0.602181	-0.602181	-0.602181	-0.602181	-4.179212	-3.553134	-3.878485	-3.423516
8.890	0.075386	0.075386	0.075386	0.075386	-3.588945	-2.932888	-2.948462	-2.745345
8.900	0.751989	0.751989	0.751989	0.751989	-2.998678	-2.312641	-2.644091	-2.067174
8.910	1.418984	1.418984	1.418984	1.418984	-2.423944	-2.002518	-1.714067	-1.370674
8.920	2.067848	2.067848	2.067848	2.067848	-1.818144	-1.104792	-1.088415	-0.674174
8.930	2.690290	2.690290	2.690290	2.690290	-1.243411	-0.451901	-0.462763	-0.014332
8.940	3.278357	3.278357	3.278357	3.278357	-0.668677	0.168345	0.467260	0.645510
8.950	3.824536	3.824536	3.824536	3.824536	-0.078410	0.755947	0.771632	1.342010
8.960	4.321847	4.321847	4.321847	4.321847	0.511857	1.686317	1.684745	2.368431
8.970	4.763936	4.763936	4.763936	4.763936	1.381724	2.012763	2.327307	2.698352
8.980	5.145155	5.145155	5.145155	5.145155	1.692390	2.616687	2.936050	3.376523
8.990	5.460632	5.460632	5.460632	5.460632	1.971990	2.910488	3.561702	4.073023
9.000	5.706336	5.706336	5.706336	5.706336	2.857391	3.857180	3.882983	4.732865
9.010	5.879128	5.879128	5.879128	5.879128	2.841857	4.167303	4.187354	5.099444
9.020	5.976801	5.976801	5.976801	5.976801	3.727258	4.150981	4.491725	5.740957
9.030	5.998105	5.998105	5.998105	5.998105	4.006858	4.461104	5.117377	5.759286
9.040	5.942770	5.942770	5.942770	5.942770	4.301991	4.754905	5.117377	6.107536
9.050	5.811502	5.811502	5.811502	5.811502	4.301991	4.771228	5.100468	6.107536
9.060	5.605977	5.605977	5.605977	5.605977	4.317525	4.787550	5.117377	6.437457
9.070	5.328824	5.328824	5.328824	5.328824	4.301991	5.081351	5.421749	6.437457
9.080	4.983581	4.983581	4.983581	4.983581	4.301991	5.081351	5.117377	6.455786
9.090	4.574662	4.574662	4.574662	4.574662	4.301991	5.081351	5.117377	6.455786
9.100	4.107290	4.107290	4.107290	4.107290	4.317525	4.771228	5.421749	6.455786
9.110	3.587438	3.587438	3.587438	3.587438	4.317525	4.754905	5.438658	6.107536
9.120	3.021748	3.021748	3.021748	3.021748	3.447658	4.787550	5.117377	5.777615
9.130	2.417448	2.417448	2.417448	2.417448	3.136991	4.754905	4.813006	4.751194
9.140	1.782260	1.782260	1.782260	1.782260	2.841857	3.857180	4.187354	4.402944
9.150	1.124298	1.124298	1.124298	1.124298	2.562257	3.236933	3.578611	4.073023
9.160	0.451971	0.451971	0.451971	0.451971	1.971990	2.926810	2.952959	3.376523
9.170	-0.226130	-0.226130	-0.226130	-0.226130	1.381724	2.306564	2.327307	2.698352
9.180	-0.901343	-0.901343	-0.901343	-0.901343	0.791457	1.686317	2.022936	1.708589
9.190	-1.565039	-1.565039	-1.565039	-1.565039	-0.078410	1.066070	1.092912	1.342010
9.200	-2.208737	-2.208737	-2.208737	-2.208737	-0.653144	0.462146	0.467260	0.297260
9.210	-2.824214	-2.824214	-2.824214	-2.824214	-1.243411	0.135701	-0.141482	-0.362582
9.220	-3.403605	-3.403605	-3.403605	-3.403605	-1.833678	-0.468224	-0.784044	-0.692503
9.230	-3.939506	-3.939506	-3.939506	-3.939506	-2.423944	-1.088470	-1.392786	-1.389003
9.240	-4.425071	-4.425071	-4.425071	-4.425071	-2.998678	-1.708717	-2.018439	-2.067174
9.250	-4.854096	-4.854096	-4.854096	-4.854096	-3.573412	-2.328963	-2.644091	-3.093595
9.260	-5.221097	-5.221097	-5.221097	-5.221097	-4.163678	-2.932888	-3.574114	-3.441845
9.270	-5.521387	-5.521387	-5.521387	-5.521387	-4.753945	-3.553134	-3.878485	-3.771766
9.280	-5.751128	-5.751128	-5.751128	-5.751128	-5.328679	-3.863258	-4.199766	-4.468266
9.290	-5.907384	-5.907384	-5.907384	-5.907384	-5.639346	-4.483504	-4.504137	-4.798187
9.300	-5.988160	-5.988160	-5.988160	-5.988160	-5.639346	-4.777305	-5.112880	-5.476358
9.310	-5.992422	-5.992422	-5.992422	-5.992422	-5.934479	-5.087428	-5.434161	-5.824608
9.320	-5.920117	-5.920117	-5.920117	-5.920117	-6.214079	-5.397552	-6.059813	-5.806279
9.330	-5.772169	-5.772169	-5.772169	-5.772169	-6.214079	-5.397552	-6.059813	-5.787950
9.340	-5.550467	-5.550467	-5.550467	-5.550467	-6.214079	-5.397552	-6.042903	-5.806279
9.350	-5.257845	-5.257845	-5.257845	-5.257845	-6.198546	-5.397552	-6.042903	-5.787950
9.360	-4.898042	-4.898042	-4.898042	-4.898042	-6.214079	-5.397552	-6.059813	-5.787950
9.370	-4.475654	-4.475654	-4.475654	-4.475654	-6.214079	-5.397552	-6.042903	-5.824608
9.380	-3.996079	-3.996079	-3.996079	-3.996079	-6.214079	-5.397552	-5.738532	-5.806279
9.390	-3.465445	-3.465445	-3.465445	-3.465445	-6.214079	-5.397552	-5.738532	-5.824608
9.400	-2.890532	-2.890532	-2.890532	-2.890532	-5.623812	-4.793627	-5.738532	-5.806279
9.410	-2.278685	-2.278685	-2.278685	-2.278685	-5.328679	-4.793627	-5.129790	-5.476358
9.420	-1.637722	-1.637722	-1.637722	-1.637722	-5.049079	-4.157059	-4.504137	-4.101687
9.430	-0.975834	-0.975834	-0.975834	-0.975834	-4.458812	-3.553134	-4.182857	-3.753437
9.440	-0.301477	-0.301477	-0.301477	-0.301477	-3.884078	-3.243011	-3.574114	-3.111924
9.450	0.376732	0.376732	0.376732	0.376732	-3.293811	-2.622764	-2.948462	-2.415424
9.460	1.050128	1.050128	1.050128	1.050128	-2.703545	-2.002518	-2.305900	-1.737253
9.470	1.710105	1.710105	1.710105	1.710105	-2.423944	-1.398594	-1.697158	-1.040753
9.480	2.348232	2.348232	2.348232	2.348232	-1.523011	-0.778347	-0.784044	-0.692503
9.490	2.956354	2.956354	2.956354	2.956354	-0.948277	-0.174423	-0.158392	0.315589
9.500	3.526703	3.526703	3.526703	3.526703	-0.358010	0.445824	0.771632	1.342010
9.510	4.051989	4.051989	4.051989	4.051989	0.216723	1.082393	1.076003	1.671931
9.520	4.525501	4.525501	4.525501	4.525501	0.806990	1.702639	2.022936	2.350102
9.530	4.941189	4.941189	4.941189	4.941189	1.692390	2.290241	2.631678	3.046602
9.540	5.293742	5.293742	5.293742	5.293742	1.971990	2.910488	2.952959	3.724773
9.550	5.578655	5.578655	5.578655	5.578655	2.267124	3.220611	3.561702	4.073023
9.560	5.792287	5.792287	5.792287	5.792287	2.841857	4.134659	3.882983	4.402944
9.570	5.931909	5.931909	5.931909	5.931909	3.152524	4.134659	4.187354	4.751194
9.580	5.995736	5.995736	5.995736	5.995736	3.447658	4.754905	4.813006	5.429365
9.590	5.982954	5.982954	5.982954	5.982954	3.727258	4.461104	5.117377	5.777615
9.600	5.893726	5.893726	5.893726	5.893726	4.022391	4.771228	5.100468	6.107536
9.610	5.729191	5.729191	5.729191	5.729191	4.022391	4.771228	5.421749	6.107536
9.620	5.491452	5.491452	5.491452	5.491452	4.317525	4.771228	5.421749	6.107536
9.630	5.183546	5.183546	5.183546	5.183546	4.301991	5.065029	5.421749	6.437457
9.640	4.809409	4.809409	4.809409	4.809409	4.317525	5.081351	5.421749	6.437457
9.650	4.373819	4.373819	4.373819	4.373819	4.317525	5.065029	5.117377	6.107536
9.660	3.882344	3.882344	3.882344	3.882344	4.317525	4.771228	5.421749	6.125865
9.670	3.341263	3.341263	3.341263	3.341263	4.006858	4.754905	5.117377	5.759286
9.680	2.757489	2.757489	2.757489	2.757489	3.432124	4.771228	5.117377	5.081115
9.690	2.138482	2.138482	2.138482	2.138482	3.152524	4.150981	4.796096	4.751194
9.700	1.492150	1.492150	1.492150	1.492150	2.546724	3.530735	3.882983	4.054694
9.710	0.826753	0.826753	0.826753	0.826753	1.971990	2.926810	3.561702	3.743102
9.720	0.150792	0.150792	0.150792	0.150792	1.676857	2.926810	2.614769	3.064931
9.730	-0.527096	-0.527096	-0.527096	-0.527096	1.102123	2.306564	2.310398	2.368431
9.740	-1.198249	-1.198249	-1.198249	-1.198249	0.527390	1.686317	1.380374	1.342010
9.750	-1.854091	-1.854091	-1.854091	-1.854091	-0.078410	1.066070	0.771632	1.012089
9.760	-2.486243	-2.486243	-2.486243	-2.486243	-0.932744	0.445824	0.162889	0.315589
9.770	-3.086628	-3.086628	-3.086628	-3.086628	-1.538544	-0.158100	-0.462763	-0.362582
9.780	-3.647573	-3.647573	-3.647573	-3.647573	-1.833678	-0.794669	-1.071506	-1.040753
9.790	-4.161912	-4.161912	-4.161912	-4.161912	-2.703545	-1.708717	-1.697158	-1.718924
9.800	-4.623072	-4.623072	-4.623072	-4.623072	-3.293811	-2.002518	-2.644091	-2.745345
9.810	-5.025162	-5.025162	-5.025162	-5.025162	-3.573412	-2.622764	-2.644091	-3.075266
9.820	-5.363043	-5.363043	-5.363043	-5.363043	-4.163678	-3.243011	-3.574114	-3.423516
9.830	-5.632399	-5.632399	-5.632399	-5.632399	-4.738412	-3.846935	-3.878485	-4.101687
9.840	-5.829788	-5.829788	-5.829788	-5.829788	-5.018012	-4.157059	-4.504137	-4.449937
9.850	-5.952687	-5.952687	-5.952687	-5.952687	-5.328679	-4.483504	-4.504137	-5.128108
9.860	-5.999526	-5.999526	-5.999526	-5.999526	-5.639346	-4.793627	-5.112880	-5.458029
9.870	-5.969707	-5.969707	-5.969707	-5.969707	-6.198546	-5.087428	-5.434161	-5.458029
9.880	-5.863611	-5.863611	-5.863611	-5.863611	-6.198546	-5.397552	-5.738532	-5.806279
9.890	-5.682594	-5.682594	-5.682594	-5.682594	-6.214079	-5.413874	-6.042903	-5.787950
9.900	-5.428967	-5.428967	-5.428967	-5.428967	-6.214079	-5.413874	-5.721623	-5.824608
9.910	-5.105973	-5.105973	-5.105973	-5.105973	-6.214079	-5.397552	-6.042903	-6.154529
9.920	-4.717738	-4.717738	-4.717738	-4.717738	-6.229612	-5.413874	-5.755442	-6.154529
9.930	-4.269222	-4.269222	-4.269222	-4.269222	-6.198546	-5.397552	-5.738532	-6.154529
9.940	-3.766157	-3.766157	-3.766157	-3.766157	-6.214079	-5.413874	-5.755442	-6.136200
9.950	-3.214970	-3.214970	-3.214970	-3.214970	-6.214079	-5.397552	-5.738532	-5.806279
9.960	-2.622705	-2.622705	-2.622705	-2.622705	-5.608279	-4.777305	-5.434161	-5.458029
9.970	-1.996928	-1.996928	-1.996928	-1.996928	-5.313146	-4.467182	-5.112880	-4.779858
9.980	-1.345636	-1.345636	-1.345636	-1.345636	-4.753945	-3.863258	-4.487228	-4.120016
9.990	-0.677150	-0.677150	-0.677150	-0.677150	-4.458812	-3.553134	-3.878485	-3.423516
10.000	-0.000012	-0.000012	-0.000012	-0.000012	-3.588945	-2.932888	-3.269743	-3.093595
10.010	0.677127	0.677127	0.677127	0.677127	-3.278278	-2.622764	-2.644091	-2.397095
10.020	1.345613	1.345613	1.345613	1.345613	-2.392878	-1.725039	-2.018439	-1.718924
10.030	1.996906	1.996906	1.996906	1.996906	-2.113278	-1.088470	-1.392786	-1.040753
10.040	2.622684	2.622684	2.622684	2.622684	-1.243411	-0.468224	-0.784044	-0.362582
10.050	3.214951	3.214951	3.214951	3.214951	-0.653144	0.152023	0.162889	0.297260
10.060	3.766139	3.766139	3.766139	3.766139	-0.062877	0.755947	0.771632	1.342010
10.070	4.269206	4.269206	4.269206	4.269206	0.511857	1.376194	1.701655	1.690260
10.080	4.717723	4.717723	4.717723	4.717723	1.086590	1.996440	2.327307	2.698352
10.090	5.105961	5.105961	5.105961	5.105961	1.692390	2.600365	2.952959	3.046602
10.100	5.428957	5.428957	5.428957	5.428957	2.267124	3.236933	3.257330	3.724773
10.110	5.682586	5.682586	5.682586	5.682586	2.577791	3.547057	3.866073	4.402944
10.120	5.863606	5.863606	5.863606	5.863606	3.152524	3.857180	3.866073	4.751194
10.130	5.969705	5.969705	5.969705	5.969705	3.447658	4.150981	4.491725	5.099444
10.140	5.999526	5.999526	5.999526	5.999526	3.432124	4.461104	4.796096	5.759286
10.150	5.952690	5.952690	5.952690	5.952690	4.037924	4.787550	4.813006	5.759286
10.160	5.829793	5.829793	5.829793	5.829793	4.022391	4.771228	5.100468	5.777615
10.170	5.632407	5.632407	5.632407	5.632407	4.022391	4.771228	5.117377	6.125865
10.180	5.363054	5.363054	5.363054	5.363054	4.317525	5.081351	5.117377	6.107536
10.190	5.025175	5.025175	5.025175	5.025175	4.022391	5.081351	5.134287	6.107536
10.200	4.623087	4.623087	4.623087	4.623087	4.022391	5.081351	5.117377	6.125865
10.210	4.161928	4.161928	4.161928	4.161928	4.022391	5.081351	5.117377	6.107536
10.220	3.647591	3.647591	3.647591	3.647591	4.022391	5.065029	5.117377	6.107536
10.230	3.086647	3.086647	3.086647	3.086647	4.037924	5.065029	5.117377	5.777615
10.240	2.486264	2.486264	2.486264	2.486264	3.152524	4.461104	4.813006	5.099444
10.250	1.854113	1.854113	1.854113	1.854113	2.872924	4.167303	4.508635	4.732865
10.260	1.198272	1.198272	1.198272	1.198272	2.282657	3.840858	3.561702	4.073023
10.270	0.527119	0.527119	0.527119	0.527119	1.987524	2.910488	2.952959	3.724773
10.280	-0.150769	-0.150769	-0.150769	-0.150769	1.412790	2.306564	2.327307	2.698352
10.290	-0.826730	-0.826730	-0.826730	-0.826730	0.806990	2.012763	2.006026	2.020181
10.300	-1.492128	-1.492128	-1.492128	-1.492128	-0.078410	1.359872	1.397284	1.342010
10.310	-2.138460	-2.138460	-2.138460	-2.138460	-0.653144	0.445824	0.771632	0.663839
10.320	-2.757469	-2.757469	-2.757469	-2.757469	-1.227877	0.135701	0.162889	-0.014332
10.330	-3.341244	-3.341244	-3.341244	-3.341244	-1.818144	-0.174423	-0.767134	-0.710832
10.340	-3.882327	-3.882327	-3.882327	-3.882327	-2.408411	-1.088470	-1.392786	-1.370674
10.350	-4.373804	-4.373804	-4.373804	-4.373804	-2.998678	-2.002518	-1.697158	-2.048845
10.360	-4.809395	-4.809395	-4.809395	-4.809395	-3.588945	-2.345286	-2.644091	-2.745345
10.370	-5.183534	-5.183534	-5.183534	-5.183534	-3.884078	-2.949210	-3.252833	-3.423516
10.380	-5.491442	-5.491442	-5.491442	-5.491442	-4.458812	-3.259333	-3.557205	-3.753437
10.390	-5.729184	-5.729184	-5.729184	-5.729184	-4.738412	-3.569457	-3.861576	-4.101687
10.400	-5.893721	-5.893721	-5.893721	-5.893721	-5.328679	-4.483504	-4.791599	-5.128108
10.410	-5.982952	-5.982952	-5.982952	-5.982952	-5.639346	-4.793627	-5.112880	-5.476358
10.420	-5.995737	-5.995737	-5.995737	-5.995737	-5.623812	-5.120073	-5.417251	-5.806279
10.430	-5.931912	-5.931912	-5.931912	-5.931912	-6.214079	-5.397552	-5.721623	-5.806279
10.440	-5.792293	-5.792293	-5.792293	-5.792293	-5.903412	-5.397552	-6.042903	-6.136200
10.450	-5.578663	-5.578663	-5.578663	-5.578663	-6.214079	-5.413874	-6.042903	-5.806279
10.460	-5.293753	-5.293753	-5.293753	-5.293753	-6.214079	-5.707675	-6.042903	-5.806279
10.470	-4.941202	-4.941202	-4.941202	-4.941202	-6.509213	-5.397552	-6.042903	-5.824608
