Time(s)	Delta1C(deg)	Delta2C(deg)	Delta3C(deg)	Delta4C(deg)	Delta1(deg)	Delta2(deg)	Delta3(deg)	Delta4(deg)
0.000	0.000000	0.000000	0.000000	0.000000	-1.588780	-0.243532	0.158931	-0.201911
0.010	0.000000	0.000000	0.000000	0.000000	-1.588780	-0.243532	0.158931	-0.201911
0.020	0.000000	0.000000	0.000000	0.000000	-4.443279	-3.553134	-4.199766	-3.771766
0.030	0.000000	0.000000	0.000000	0.000000	-4.148145	-3.553134	-3.878485	-3.753437
0.040	0.000000	0.000000	0.000000	0.000000	-3.278278	-2.622764	-3.269743	-3.093595
0.050	0.000000	0.000000	0.000000	0.000000	-2.392878	-2.018840	-2.018439	-1.389003
0.060	0.000000	0.000000	0.000000	0.000000	-1.787078	-1.414916	-1.409696	-0.692503
0.070	0.000000	0.000000	0.000000	0.000000	-1.212344	-0.484546	-0.462763	-0.014332
0.080	0.000000	0.000000	0.000000	0.000000	-1.227877	-0.468224	-0.158392	-0.014332
0.090	0.000000	0.000000	0.000000	0.000000	-1.227877	-0.158100	-0.462763	-0.014332
0.100	0.000000	0.000000	0.000000	0.000000	-1.212344	-0.174423	-0.175301	0.333918
0.110	0.000000	0.000000	0.000000	0.000000	-1.212344	-0.174423	-0.175301	0.333918
0.120	0.000000	0.000000	0.000000	0.000000	-0.932744	-0.158100	-0.158392	-0.014332
0.130	0.000000	0.000000	0.000000	0.000000	-0.948277	-0.158100	-0.158392	-0.014332
0.140	0.000000	0.000000	0.000000	0.000000	-0.932744	-0.174423	-0.175301	-0.014332
0.150	0.000000	0.000000	0.000000	0.000000	-0.948277	-0.158100	-0.158392	0.003997
0.160	0.000000	0.000000	0.000000	0.000000	-1.227877	-0.174423	-0.479673	0.333918
0.170	0.000000	0.000000	0.000000	0.000000	-0.932744	-0.174423	-0.158392	-0.014332
0.180	0.000000	0.000000	0.000000	0.000000	-0.932744	-0.174423	-0.175301	-0.014332
0.190	0.000000	0.000000	0.000000	0.000000	-0.932744	-0.174423	-0.158392	-0.014332
0.200	0.000000	0.000000	0.000000	0.000000	-1.227877	-0.190745	-0.158392	-0.032661
0.210	0.000000	0.000000	0.000000	0.000000	-0.948277	-0.158100	-0.175301	-0.032661
0.220	0.000000	0.000000	0.000000	0.000000	-1.227877	-0.158100	-0.158392	-0.014332
0.230	0.000000	0.000000	0.000000	0.000000	-1.227877	-0.158100	-0.158392	0.003997
0.240	0.000000	0.000000	0.000000	0.000000	-1.227877	-0.158100	-0.175301	-0.014332
0.250	0.000000	0.000000	0.000000	0.000000	-1.227877	-0.174423	-0.175301	-0.032661
0.260	0.000000	0.000000	0.000000	0.000000	-0.948277	-0.174423	-0.175301	0.315589
0.270	0.000000	0.000000	0.000000	0.000000	-1.243411	-0.174423	-0.158392	-0.014332
0.280	0.000000	0.000000	0.000000	0.000000	-1.243411	-0.158100	-0.175301	0.333918
0.290	0.000000	0.000000	0.000000	0.000000	-0.932744	-0.158100	0.145979	0.315589
0.300	0.000000	0.000000	0.000000	0.000000	-0.932744	-0.158100	-0.158392	-0.014332
0.310	0.000000	0.000000	0.000000	0.000000	-1.243411	-0.174423	-0.158392	-0.014332
0.320	0.000000	0.000000	0.000000	0.000000	-0.963811	-0.141778	-0.175301	-0.014332
0.330	0.000000	0.000000	0.000000	0.000000	-0.948277	-0.158100	0.129070	0.003997
0.340	0.000000	0.000000	0.000000	0.000000	-0.948277	-0.158100	-0.175301	-0.014332
0.350	0.000000	0.000000	0.000000	0.000000	-0.963811	-0.158100	-0.158392	0.003997
0.360	0.000000	0.000000	0.000000	0.000000	-0.948277	-0.174423	-0.175301	-0.014332
0.370	0.000000	0.000000	0.000000	0.000000	-0.948277	-0.158100	-0.462763	0.352247
0.380	0.000000	0.000000	0.000000	0.000000	-0.948277	-0.158100	-0.175301	-0.014332
0.390	0.000000	0.000000	0.000000	0.000000	-1.243411	-0.174423	-0.462763	-0.014332
0.400	0.000000	0.000000	0.000000	0.000000	-1.243411	-0.174423	-0.175301	0.003997
0.410	0.000000	0.000000	0.000000	0.000000	-0.948277	-0.158100	-0.158392	-0.014332
0.420	0.000000	0.000000	0.000000	0.000000	-1.243411	-0.158100	-0.158392	-0.032661
0.430	0.000000	0.000000	0.000000	0.000000	-0.948277	-0.158100	-0.158392	-0.014332
0.440	0.000000	0.000000	0.000000	0.000000	-1.243411	-0.141778	-0.462763	0.333918
0.450	0.000000	0.000000	0.000000	0.000000	-0.948277	-0.141778	-0.479673	-0.014332
0.460	0.000000	0.000000	0.000000	0.000000	-1.243411	-0.174423	-0.462763	0.003997
0.470	0.000000	0.000000	0.000000	0.000000	-0.948277	-0.158100	-0.479673	-0.032661
0.480	0.000000	0.000000	0.000000	0.000000	-0.948277	-0.158100	-0.175301	0.315589
0.490	0.000000	0.000000	0.000000	0.000000	-0.948277	-0.174423	-0.158392	-0.014332
0.500	0.000000	0.000000	0.000000	0.000000	-0.963811	-0.158100	-0.158392	-0.014332
0.510	0.000000	0.000000	0.000000	0.000000	-0.932744	-0.158100	-0.175301	-0.014332
0.520	0.000000	0.000000	0.000000	0.000000	-0.948277	-0.158100	0.145979	0.315589
0.530	0.000000	0.000000	0.000000	0.000000	-1.243411	-0.158100	-0.462763	0.003997
0.540	0.000000	0.000000	0.000000	0.000000	-0.963811	-0.158100	-0.175301	-0.032661
0.550	0.000000	0.000000	0.000000	0.000000	-0.963811	-0.158100	-0.158392	-0.014332
0.560	0.000000	0.000000	0.000000	0.000000	-0.948277	-0.174423	-0.158392	0.333918
0.570	0.000000	0.000000	0.000000	0.000000	-1.258944	-0.174423	-0.175301	-0.014332
0.580	0.000000	0.000000	0.000000	0.000000	-1.243411	-0.174423	-0.175301	-0.014332
0.590	0.000000	0.000000	0.000000	0.000000	-0.948277	-0.174423	-0.158392	0.003997
0.600	0.000000	0.000000	0.000000	0.000000	-0.963811	-0.174423	-0.175301	0.003997
0.610	0.000000	0.000000	0.000000	0.000000	-0.948277	-0.158100	-0.158392	-0.014332
0.620	0.000000	0.000000	0.000000	0.000000	-1.227877	-0.158100	-0.175301	-0.014332
0.630	0.000000	0.000000	0.000000	0.000000	-0.948277	-0.158100	-0.175301	0.333918
0.640	0.000000	0.000000	0.000000	0.000000	-0.948277	-0.190745	-0.175301	0.333918
0.650	0.000000	0.000000	0.000000	0.000000	-1.243411	-0.158100	-0.479673	0.315589
0.660	0.000000	0.000000	0.000000	0.000000	-0.932744	-0.174423	-0.158392	-0.032661
0.670	0.000000	0.000000	0.000000	0.000000	-0.948277	-0.174423	-0.175301	-0.014332
0.680	0.000000	0.000000	0.000000	0.000000	-0.948277	-0.174423	-0.479673	0.333918
0.690	0.000000	0.000000	0.000000	0.000000	-1.227877	-0.174423	-0.158392	-0.014332
0.700	0.000000	0.000000	0.000000	0.000000	-0.948277	-0.158100	-0.158392	-0.014332
0.710	0.000000	0.000000	0.000000	0.000000	-0.948277	-0.158100	-0.158392	0.315589
0.720	0.000000	0.000000	0.000000	0.000000	-0.948277	-0.174423	-0.462763	0.315589
0.730	0.000000	0.000000	0.000000	0.000000	-1.227877	-0.174423	-0.175301	-0.014332
0.740	0.000000	0.000000	0.000000	0.000000	-1.243411	-0.174423	-0.175301	-0.032661
0.750	0.000000	0.000000	0.000000	0.000000	-0.948277	-0.174423	-0.175301	-0.032661
0.760	0.000000	0.000000	0.000000	0.000000	-1.227877	-0.158100	-0.158392	-0.014332
0.770	0.000000	0.000000	0.000000	0.000000	-1.243411	-0.158100	-0.158392	-0.032661
0.780	0.000000	0.000000	0.000000	0.000000	-1.243411	-0.174423	-0.175301	-0.014332
0.790	0.000000	0.000000	0.000000	0.000000	-1.243411	-0.158100	-0.175301	-0.014332
0.800	0.000000	0.000000	0.000000	0.000000	-0.932744	-0.174423	-0.158392	-0.014332
0.810	0.000000	0.000000	0.000000	0.000000	-0.948277	-0.174423	-0.158392	0.315589
0.820	0.000000	0.000000	0.000000	0.000000	-1.227877	-0.174423	-0.158392	-0.014332
0.830	0.000000	0.000000	0.000000	0.000000	-0.948277	-0.174423	0.145979	0.315589
0.840	0.000000	0.000000	0.000000	0.000000	-1.258944	-0.158100	-0.158392	0.315589
0.850	0.000000	0.000000	0.000000	0.000000	-1.227877	-0.174423	-0.158392	-0.032661
0.860	0.000000	0.000000	0.000000	0.000000	-0.963811	-0.158100	-0.158392	-0.014332
0.870	0.000000	0.000000	0.000000	0.000000	-0.948277	-0.174423	-0.175301	-0.014332
0.880	0.000000	0.000000	0.000000	0.000000	-0.948277	-0.174423	-0.158392	0.315589
0.890	0.000000	0.000000	0.000000	0.000000	-0.948277	-0.174423	-0.158392	-0.032661
0.900	0.000000	0.000000	0.000000	0.000000	-0.963811	-0.158100	-0.175301	-0.014332
0.910	0.000000	0.000000	0.000000	0.000000	-0.932744	-0.174423	-0.479673	-0.014332
0.920	0.000000	0.000000	0.000000	0.000000	-0.948277	-0.158100	-0.175301	-0.032661
0.930	0.000000	0.000000	0.000000	0.000000	-0.948277	-0.174423	-0.158392	0.003997
0.940	0.000000	0.000000	0.000000	0.000000	-0.948277	-0.174423	-0.158392	0.315589
0.950	0.000000	0.000000	0.000000	0.000000	-1.243411	-0.174423	-0.175301	0.315589
0.960	0.000000	0.000000	0.000000	0.000000	-0.948277	-0.158100	-0.175301	-0.032661
0.970	0.000000	0.000000	0.000000	0.000000	-0.948277	-0.141778	-0.158392	-0.032661
0.980	0.000000	0.000000	0.000000	0.000000	-0.948277	-0.158100	-0.158392	0.315589
0.990	0.000000	0.000000	0.000000	0.000000	-0.948277	-0.158100	-0.158392	-0.032661
1.000	0.000000	0.000000	0.000000	0.000000	-0.948277	-0.174423	-0.158392	-0.032661
1.010	7.876514	7.876514	7.876514	7.876514	-0.963811	-0.158100	-0.175301	0.315589
1.020	7.994316	7.994316	7.994316	7.994316	-0.948277	-0.158100	-0.158392	-0.014332
1.030	7.959608	7.959608	7.959608	7.959608	-0.948277	-0.174423	-0.158392	0.315589
1.040	7.773054	7.773054	7.773054	7.773054	-0.062877	0.445824	0.467260	0.645510
1.050	7.438213	7.438213	7.438213	7.438213	1.117657	2.012763	1.989117	2.698352
1.060	6.961471	6.961471	6.961471	6.961471	2.857391	3.220611	3.240421	4.402944
1.070	6.351924	6.351924	6.351924	6.351924	4.612658	4.771228	3.849164	6.107536
1.080	5.621201	5.621201	5.621201	5.621201	4.907791	6.011721	5.404839	7.463878
1.090	4.783242	4.783242	4.783242	4.783242	5.482525	6.925768	6.656143	8.490299
1.100	3.854031	3.854031	3.854031	3.854031	5.498058	6.925768	6.656143	8.142049
1.110	2.851297	2.851297	2.851297	2.851297	5.187392	6.925768	6.673053	7.482207
1.120	1.794168	1.794168	1.794168	1.794168	4.907791	6.321844	6.047401	6.804036
1.130	0.702812	0.702812	0.702812	0.702812	3.727258	5.391474	5.404839	5.777615
1.140	-0.401952	-0.401952	-0.401952	-0.401952	2.841857	4.461104	4.170444	4.402944
1.150	-1.499048	-1.499048	-1.499048	-1.499048	1.971990	3.236933	3.240421	3.394852
1.160	-2.567547	-2.567547	-2.567547	-2.567547	1.086590	2.306564	2.310398	2.368431
1.170	-3.587064	-3.587064	-3.587064	-3.587064	-0.078410	0.772269	0.771632	0.663839
1.180	-4.538150	-4.538150	-4.538150	-4.538150	-1.243411	-0.158100	-0.175301	-0.362582
1.190	-5.402661	-5.402661	-5.402661	-5.402661	-2.423944	-1.382271	-1.426606	-1.718924
1.200	-6.164104	-6.164104	-6.164104	-6.164104	-3.293811	-2.312641	-2.644091	-2.745345
1.210	-6.807955	-6.807955	-6.807955	-6.807955	-4.458812	-3.243011	-3.878485	-3.753437
1.220	-7.321928	-7.321928	-7.321928	-7.321928	-5.049079	-4.173381	-4.504137	-4.779858
1.230	-7.696221	-7.696221	-7.696221	-7.696221	-5.918946	-4.793627	-5.434161	-5.806279
1.240	-7.923691	-7.923691	-7.923691	-7.923691	-6.788813	-5.691353	-6.364184	-6.484450
1.250	-8.000000	-8.000000	-8.000000	-8.000000	-7.379080	-6.638045	-6.685465	-7.162621
1.260	-7.923692	-7.923692	-7.923692	-7.923692	-7.969346	-6.654367	-6.989836	-7.510871
1.270	-7.696222	-7.696222	-7.696222	-7.696222	-8.264480	-6.931846	-7.615488	-7.840792
1.280	-7.321930	-7.321930	-7.321930	-7.321930	-8.559613	-7.568415	-7.581669	-8.207371
1.290	-6.807957	-6.807957	-6.807957	-6.807957	-8.559613	-7.568415	-7.615488	-8.189042
1.300	-6.164108	-6.164108	-6.164108	-6.164108	-8.264480	-7.568415	-7.615488	-8.189042
1.310	-5.402664	-5.402664	-5.402664	-5.402664	-8.559613	-7.862216	-7.598579	-8.189042
1.320	-4.538154	-4.538154	-4.538154	-4.538154	-8.264480	-7.258291	-7.598579	-8.189042
1.330	-3.587068	-3.587068	-3.587068	-3.587068	-7.674213	-7.258291	-6.972927	-7.859121
1.340	-2.567551	-2.567551	-2.567551	-2.567551	-7.099479	-6.621723	-6.668555	-7.162621
1.350	-1.499053	-1.499053	-1.499053	-1.499053	-6.509213	-6.001476	-6.059813	-6.154529
1.360	-0.401957	-0.401957	-0.401957	-0.401957	-5.344212	-5.087428	-5.434161	-5.128108
1.370	0.702807	0.702807	0.702807	0.702807	-5.033545	-4.157059	-4.182857	-4.120016
1.380	1.794164	1.794164	1.794164	1.794164	-3.588945	-3.243011	-3.574114	-2.727016
1.390	2.851293	2.851293	2.851293	2.851293	-2.998678	-2.312641	-2.339719	-1.718924
1.400	3.854027	3.854027	3.854027	3.854027	-1.818144	-1.088470	-1.105325	-0.362582
1.410	4.783238	4.783238	4.783238	4.783238	-0.948277	-0.174423	-0.175301	0.645510
1.420	5.621198	5.621198	5.621198	5.621198	0.216723	1.049748	1.092912	1.671931
1.430	6.351922	6.351922	6.351922	6.351922	1.102123	1.980118	2.310398	3.046602
1.440	6.961469	6.961469	6.961469	6.961469	2.267124	3.220611	3.240421	4.421273
1.450	7.438211	7.438211	7.438211	7.438211	3.152524	4.150981	4.491725	4.751194
1.460	7.773053	7.773053	7.773053	7.773053	4.022391	4.787550	5.421749	6.107536
1.470	7.959608	7.959608	7.959608	7.959608	4.892258	5.685275	5.726120	6.785707
1.480	7.994316	7.994316	7.994316	7.994316	5.187392	6.321844	6.656143	7.133957
1.490	7.876515	7.876515	7.876515	7.876515	5.482525	6.615645	7.281795	7.812128
1.500	7.608453	7.608453	7.608453	7.608453	6.057259	7.235892	7.586167	8.160378
1.510	7.195243	7.195243	7.195243	7.195243	6.057259	7.529693	7.586167	8.508628
1.520	6.644769	6.644769	6.644769	6.644769	6.367925	7.235892	7.264886	8.160378
1.530	5.967531	5.967531	5.967531	5.967531	6.367925	7.235892	7.264886	8.160378
1.540	5.176450	5.176450	5.176450	5.176450	6.072792	7.235892	7.586167	7.812128
1.550	4.286617	4.286617	4.286617	4.286617	6.072792	7.235892	7.264886	7.482207
1.560	3.315007	3.315007	3.315007	3.315007	5.482525	6.615645	6.656143	6.804036
1.570	2.280157	2.280157	2.280157	2.280157	4.597125	5.995399	6.047401	6.455786
1.580	1.201808	1.201808	1.201808	1.201808	4.022391	5.375152	5.421749	5.447694
1.590	0.100531	0.100531	0.100531	0.100531	3.152524	4.444782	4.491725	4.751194
1.600	-1.002663	-1.002663	-1.002663	-1.002663	2.267124	3.530735	3.240421	3.724773
1.610	-2.086729	-2.086729	-2.086729	-2.086729	1.102123	2.600365	2.327307	2.698352
1.620	-3.130987	-3.130987	-3.130987	-3.130987	0.216723	1.376194	1.397284	1.690260
1.630	-4.115514	-4.115514	-4.115514	-4.115514	-0.948277	0.445824	0.129070	0.663839
1.640	-5.021528	-5.021528	-5.021528	-5.021528	-1.818144	-0.484546	-1.105325	-1.040753
1.650	-5.831747	-5.831747	-5.831747	-5.831747	-2.703545	-2.018840	-2.018439	-1.718924
1.660	-6.530712	-6.530712	-6.530712	-6.530712	-3.573412	-2.639087	-3.252833	-3.405187
1.670	-7.105090	-7.105090	-7.105090	-7.105090	-4.738412	-3.863258	-3.895395	-4.083358
1.680	-7.543923	-7.543923	-7.543923	-7.543923	-5.328679	-4.793627	-4.825418	-5.128108
1.690	-7.838840	-7.838840	-7.838840	-7.838840	-6.214079	-5.707675	-5.434161	-6.136200
1.700	-7.984214	-7.984214	-7.984214	-7.984214	-7.083946	-6.344244	-6.347275	-6.814371
1.710	-7.977271	-7.977271	-7.977271	-7.977271	-7.674213	-6.948168	-6.668555	-7.510871
1.720	-7.818146	-7.818146	-7.818146	-7.818146	-7.969346	-7.241969	-7.277298	-7.859121
1.730	-7.509872	-7.509872	-7.509872	-7.509872	-8.544080	-7.241969	-7.615488	-8.189042
1.740	-7.058331	-7.058331	-7.058331	-7.058331	-8.248947	-7.552092	-7.919860	-8.170713
1.750	-6.472138	-6.472138	-6.472138	-6.472138	-8.248947	-7.878538	-7.919860	-8.189042
1.760	-5.762475	-5.762475	-5.762475	-5.762475	-8.544080	-7.584737	-7.598579	-8.189042
1.770	-4.942880	-4.942880	-4.942880	-4.942880	-8.559613	-7.568415	-7.615488	-8.189042
1.780	-4.028989	-4.028989	-4.028989	-4.028989	-7.674213	-7.241969	-7.615488	-7.840792
1.790	-3.038236	-3.038236	-3.038236	-3.038236	-7.379080	-6.931846	-7.006746	-7.510871
1.800	-1.989522	-1.989522	-1.989522	-1.989522	-6.804346	-6.017798	-6.685465	-6.484450
1.810	-0.902854	-0.902854	-0.902854	-0.902854	-6.198546	-5.397552	-5.755442	-5.476358
1.820	0.201037	0.201037	0.201037	0.201037	-5.033545	-4.483504	-5.112880	-4.431608
1.830	1.301094	1.301094	1.301094	1.301094	-4.163678	-3.863258	-3.878485	-3.423516
1.840	2.376329	2.376329	2.376329	2.376329	-3.278278	-2.639087	-2.644091	-2.030516
1.850	3.406231	3.406231	3.406231	3.406231	-2.408411	-2.018840	-1.714067	-1.022424
1.860	4.371152	4.371152	4.371152	4.371152	-0.963811	-0.468224	-0.479673	0.003997
1.870	5.252683	5.252683	5.252683	5.252683	-0.078410	0.445824	0.450351	1.012089
1.880	6.034009	6.034009	6.034009	6.034009	0.806990	1.376194	1.701655	2.716681
1.890	6.700222	6.700222	6.700222	6.700222	1.971990	2.600365	2.631678	3.743102
1.900	7.238615	7.238615	7.238615	7.238615	2.857391	3.857180	3.866073	4.421273
1.910	7.638915	7.638915	7.638915	7.638915	3.727258	4.461104	4.813006	5.777615
1.920	7.893487	7.893487	7.893487	7.893487	4.612658	5.375152	5.726120	6.437457
1.930	7.997473	7.997473	7.997473	7.997473	5.187392	5.701597	6.351772	7.482207
1.940	7.948891	7.948891	7.948891	7.948891	5.482525	6.321844	6.960514	7.830457
1.950	7.748666	7.748666	7.748666	7.748666	5.777658	6.942091	7.281795	7.830457
1.960	7.400619	7.400619	7.400619	7.400619	6.072792	7.252214	7.569257	8.160378
1.970	6.911389	6.911389	6.911389	6.911389	6.367925	7.562337	7.586167	8.160378
1.980	6.290310	6.290310	6.290310	6.290310	6.367925	7.529693	7.569257	7.812128
1.990	5.549229	5.549229	5.549229	5.549229	6.072792	7.235892	7.586167	8.160378
2.000	4.702285	4.702285	4.702285	4.702285	6.072792	7.235892	7.586167	7.812128
2.010	3.765635	3.765635	3.765635	3.765635	5.777658	6.942091	6.977424	7.463878
2.020	2.757147	2.757147	2.757147	2.757147	4.892258	6.321844	6.030491	6.804036
2.030	1.696061	1.696061	1.696061	1.696061	4.317525	5.701597	5.421749	6.107536
2.040	0.602618	0.602618	0.602618	0.602618	3.432124	4.754905	4.796096	5.099444
2.050	-0.502320	-0.502320	-0.502320	-0.502320	2.562257	4.150981	3.866073	4.421273
2.060	-1.597676	-1.597676	-1.597676	-1.597676	1.676857	2.926810	2.936050	3.376523
2.070	-2.662553	-2.662553	-2.662553	-2.662553	0.806990	2.012763	2.006026	2.350102
2.080	-3.676635	-3.676635	-3.676635	-3.676635	-0.358010	0.739625	0.450351	0.993760
2.090	-4.620578	-4.620578	-4.620578	-4.620578	-1.523011	-0.174423	-0.479673	-0.362582
2.100	-5.476374	-5.476374	-5.476374	-5.476374	-2.392878	-1.072148	-1.392786	-1.370674
2.110	-6.227696	-6.227696	-6.227696	-6.227696	-3.573412	-2.312641	-2.644091	-2.727016
2.120	-6.860211	-6.860211	-6.860211	-6.860211	-4.163678	-3.243011	-3.878485	-3.753437
2.130	-7.361853	-7.361853	-7.361853	-7.361853	-5.049079	-4.189703	-4.504137	-4.779858
2.140	-7.723052	-7.723052	-7.723052	-7.723052	-5.934479	-5.413874	-5.434161	-5.806279
2.150	-7.936917	-7.936917	-7.936917	-7.936917	-6.493679	-6.001476	-6.364184	-6.484450
2.160	-7.999368	-7.999368	-7.999368	-7.999368	-7.083946	-6.327922	-6.989836	-7.144292
2.170	-7.909215	-7.909215	-7.909215	-7.909215	-7.674213	-6.931846	-7.598579	-7.510871
2.180	-7.668175	-7.668175	-7.668175	-7.668175	-8.248947	-7.258291	-7.598579	-7.510871
2.190	-7.280849	-7.280849	-7.280849	-7.280849	-8.264480	-7.552092	-7.598579	-7.859121
2.200	-6.754626	-6.754626	-6.754626	-6.754626	-8.544080	-7.568415	-7.919860	-8.189042
2.210	-6.099543	-6.099543	-6.099543	-6.099543	-8.544080	-7.568415	-8.224231	-8.170713
2.220	-5.328098	-5.328098	-5.328098	-5.328098	-8.264480	-7.552092	-7.902950	-8.189042
2.230	-4.455008	-4.455008	-4.455008	-4.455008	-7.969346	-7.258291	-7.615488	-8.189042
2.240	-3.496930	-3.496930	-3.496930	-3.496930	-7.394613	-6.948168	-7.311117	-7.474213
2.250	-2.472140	-2.472140	-2.472140	-2.472140	-7.099479	-6.638045	-6.989836	-7.162621
2.260	-1.400189	-1.400189	-1.400189	-1.400189	-6.214079	-6.017798	-6.059813	-6.154529
2.270	-0.301526	-0.301526	-0.301526	-0.301526	-5.639346	-5.103751	-5.129790	-4.779858
2.280	0.802889	0.802889	0.802889	0.802889	-4.458812	-4.173381	-4.182857	-3.753437
2.290	1.891988	1.891988	1.891988	1.891988	-3.868545	-3.243011	-3.252833	-2.745345
2.300	2.944992	2.944992	2.944992	2.944992	-2.703545	-2.312641	-2.018439	-1.370674
2.310	3.941815	3.941815	3.941815	3.941815	-1.523011	-1.382271	-1.105325	-0.362582
2.320	4.863439	4.863439	4.863439	4.863439	-0.668677	-0.174423	0.145979	0.663839
2.330	5.692282	5.692282	5.692282	5.692282	0.511857	1.066070	1.076003	1.708589
2.340	6.412533	6.412533	6.412533	6.412533	1.381724	2.290241	2.310398	2.716681
2.350	7.010451	7.010451	7.010451	7.010451	2.267124	3.220611	3.544792	4.054694
2.360	7.474630	7.474630	7.474630	7.474630	3.152524	4.134659	4.474816	5.447694
2.370	7.796214	7.796214	7.796214	7.796214	4.006858	4.771228	5.404839	6.107536
2.380	7.969068	7.969068	7.969068	7.969068	4.892258	5.701597	6.030491	6.804036
2.390	7.989896	7.989896	7.989896	7.989896	5.482525	6.321844	6.656143	7.830457
2.400	7.858299	7.858299	7.858299	7.858299	6.057259	6.631967	6.960514	8.160378
2.410	7.576788	7.576788	7.576788	7.576788	6.352392	6.925768	7.281795	8.160378
2.420	7.150733	7.150733	7.150733	7.150733	6.367925	6.925768	7.907447	8.178707
2.430	6.588263	6.588263	6.588263	6.588263	6.352392	6.925768	7.907447	8.160378
2.440	5.900108	5.900108	5.900108	5.900108	6.352392	6.925768	7.603076	8.160378
2.450	5.099395	5.099395	5.099395	5.099395	6.367925	7.235892	7.586167	8.160378
2.460	4.201401	4.201401	4.201401	4.201401	5.777658	6.925768	6.960514	7.482207
2.470	3.223256	3.223256	3.223256	3.223256	5.187392	6.631967	6.656143	6.785707
2.480	2.183620	2.183620	2.183620	2.183620	4.612658	6.011721	5.726120	6.107536
2.490	1.102327	1.102327	1.102327	1.102327	4.022391	5.081351	5.100468	5.429365
2.500	0.000005	0.000005	0.000005	0.000005	3.152524	4.461104	4.187354	4.402944
2.510	-1.102318	-1.102318	-1.102318	-1.102318	1.971990	3.236933	3.257330	3.743102
2.520	-2.183611	-2.183611	-2.183611	-2.183611	1.397257	2.306564	2.327307	2.716681
2.530	-3.223247	-3.223247	-3.223247	-3.223247	0.511857	1.376194	1.076003	1.360339
2.540	-4.201393	-4.201393	-4.201393	-4.201393	-0.668677	0.152023	0.145979	0.315589
2.550	-5.099388	-5.099388	-5.099388	-5.099388	-1.818144	-0.484546	-1.105325	-1.022424
2.560	-5.900102	-5.900102	-5.900102	-5.900102	-2.998678	-1.692395	-2.018439	-2.067174
2.570	-6.588258	-6.588258	-6.588258	-6.588258	-4.163678	-2.949210	-2.965371	-3.423516
2.580	-7.150729	-7.150729	-7.150729	-7.150729	-5.049079	-3.863258	-3.895395	-4.449937
2.590	-7.576785	-7.576785	-7.576785	-7.576785	-5.639346	-4.467182	-4.825418	-5.109779
2.600	-7.858297	-7.858297	-7.858297	-7.858297	-6.214079	-5.723997	-6.042903	-6.136200
2.610	-7.989895	-7.989895	-7.989895	-7.989895	-7.099479	-6.327922	-6.364184	-7.144292
2.620	-7.969069	-7.969069	-7.969069	-7.969069	-7.674213	-6.621723	-7.294208	-7.510871
2.630	-7.796216	-7.796216	-7.796216	-7.796216	-8.280013	-7.258291	-7.598579	-7.840792
2.640	-7.474633	-7.474633	-7.474633	-7.474633	-8.264480	-7.584737	-7.919860	-8.189042
2.650	-7.010456	-7.010456	-7.010456	-7.010456	-8.264480	-7.584737	-7.919860	-8.189042
2.660	-6.412539	-6.412539	-6.412539	-6.412539	-8.248947	-7.878538	-7.919860	-8.189042
2.670	-5.692289	-5.692289	-5.692289	-5.692289	-8.264480	-7.862216	-7.919860	-8.170713
2.680	-4.863446	-4.863446	-4.863446	-4.863446	-7.984880	-7.568415	-7.615488	-8.170713
2.690	-3.941823	-3.941823	-3.941823	-3.941823	-7.984880	-7.258291	-7.598579	-7.840792
2.700	-2.945001	-2.945001	-2.945001	-2.945001	-7.083946	-6.638045	-6.989836	-7.162621
2.710	-1.891997	-1.891997	-1.891997	-1.891997	-6.788813	-6.344244	-6.364184	-6.484450
2.720	-0.802899	-0.802899	-0.802899	-0.802899	-5.623812	-5.397552	-5.738532	-5.806279
2.730	0.301516	0.301516	0.301516	0.301516	-5.328679	-4.467182	-4.825418	-4.449937
2.740	1.400179	1.400179	1.400179	1.400179	-4.179212	-3.553134	-3.574114	-3.423516
2.750	2.472131	2.472131	2.472131	2.472131	-3.293811	-2.622764	-2.322810	-2.397095
2.760	3.496921	3.496921	3.496921	3.496921	-2.423944	-1.708717	-1.714067	-1.040753
2.770	4.455001	4.455001	4.455001	4.455001	-1.243411	-0.468224	-0.479673	0.333918
2.780	5.328091	5.328091	5.328091	5.328091	-0.078410	0.755947	0.433441	1.690260
2.790	6.099537	6.099537	6.099537	6.099537	1.102123	1.686317	1.684745	2.368431
2.800	6.754621	6.754621	6.754621	6.754621	1.971990	2.926810	2.936050	4.073023
2.810	7.280846	7.280846	7.280846	7.280846	2.841857	3.857180	3.882983	4.751194
2.820	7.668173	7.668173	7.668173	7.668173	3.727258	4.461104	4.779187	5.777615
2.830	7.909213	7.909213	7.909213	7.909213	4.597125	5.375152	5.726120	6.785707
2.840	7.999368	7.999368	7.999368	7.999368	5.171858	5.995399	6.030491	7.152286
2.850	7.936918	7.936918	7.936918	7.936918	5.777658	6.599323	6.656143	7.830457
2.860	7.723055	7.723055	7.723055	7.723055	6.072792	6.615645	6.977424	8.508628
2.870	7.361857	7.361857	7.361857	7.361857	6.072792	6.925768	7.264886	8.160378
2.880	6.860216	6.860216	6.860216	6.860216	6.057259	6.925768	7.586167	8.490299
2.890	6.227702	6.227702	6.227702	6.227702	6.057259	6.942091	7.586167	8.160378
2.900	5.476381	5.476381	5.476381	5.476381	6.072792	6.925768	7.603076	7.812128
2.910	4.620586	4.620586	4.620586	4.620586	6.072792	6.925768	7.281795	7.812128
2.920	3.676644	3.676644	3.676644	3.676644	5.498058	6.925768	6.977424	7.133957
2.930	2.662562	2.662562	2.662562	2.662562	4.892258	6.321844	6.334862	6.785707
2.940	1.597685	1.597685	1.597685	1.597685	4.022391	5.701597	5.726120	5.759286
2.950	0.502330	0.502330	0.502330	0.502330	3.432124	4.771228	4.796096	4.769523
2.960	-0.602609	-0.602609	-0.602609	-0.602609	2.562257	4.150981	3.866073	4.073023
2.970	-1.696051	-1.696051	-1.696051	-1.696051	1.676857	2.926810	2.614769	3.394852
2.980	-2.757138	-2.757138	-2.757138	-2.757138	1.086590	1.996440	1.684745	2.038510
2.990	-3.765626	-3.765626	-3.765626	-3.765626	-0.373544	1.066070	0.788541	1.012089
3.000	-4.702277	-4.702277	-4.702277	-4.702277	-1.523011	-0.468224	-0.784044	-0.362582
3.010	-5.549222	-5.549222	-5.549222	-5.549222	-2.423944	-1.398594	-1.714067	-1.352345
3.020	-6.290304	-6.290304	-6.290304	-6.290304	-3.604478	-2.312641	-2.965371	-2.708687
3.030	-6.911384	-6.911384	-6.911384	-6.911384	-4.458812	-3.553134	-3.878485	-3.753437
3.040	-7.400615	-7.400615	-7.400615	-7.400615	-5.344212	-4.483504	-4.825418	-4.761529
3.050	-7.748664	-7.748664	-7.748664	-7.748664	-6.214079	-5.430196	-5.755442	-5.787950
3.060	-7.948890	-7.948890	-7.948890	-7.948890	-6.804346	-6.017798	-6.364184	-6.484450
3.070	-7.997474	-7.997474	-7.997474	-7.997474	-7.379080	-6.638045	-6.972927	-7.492542
3.080	-7.893488	-7.893488	-7.893488	-7.893488	-7.953813	-6.948168	-7.598579	-7.859121
3.090	-7.638918	-7.638918	-7.638918	-7.638918	-8.544080	-7.274614	-7.919860	-8.189042
3.100	-7.238619	-7.238619	-7.238619	-7.238619	-8.559613	-7.568415	-8.224231	-8.170713
3.110	-6.700228	-6.700228	-6.700228	-6.700228	-8.559613	-7.552092	-7.902950	-8.537292
3.120	-6.034015	-6.034015	-6.034015	-6.034015	-8.559613	-7.568415	-7.936769	-8.207371
3.130	-5.252690	-5.252690	-5.252690	-5.252690	-8.264480	-7.568415	-7.919860	-8.189042
3.140	-4.371160	-4.371160	-4.371160	-4.371160	-7.984880	-7.241969	-7.598579	-8.189042
3.150	-3.406240	-3.406240	-3.406240	-3.406240	-7.674213	-6.931846	-7.277298	-7.840792
3.160	-2.376338	-2.376338	-2.376338	-2.376338	-6.804346	-6.621723	-6.989836	-6.814371
3.170	-1.301103	-1.301103	-1.301103	-1.301103	-6.509213	-5.707675	-6.059813	-5.787950
3.180	-0.201047	-0.201047	-0.201047	-0.201047	-5.359746	-4.777305	-5.112880	-4.779858
3.190	0.902845	0.902845	0.902845	0.902845	-4.753945	-4.157059	-4.199766	-4.083358
3.200	1.989513	1.989513	1.989513	1.989513	-3.588945	-3.243011	-2.965371	-2.708687
3.210	3.038227	3.038227	3.038227	3.038227	-2.719078	-2.002518	-2.035348	-1.370674
3.220	4.028980	4.028980	4.028980	4.028980	-1.538544	-0.778347	-1.071506	-0.362582
3.230	4.942872	4.942872	4.942872	4.942872	-0.684211	0.152023	0.162889	1.030418
3.240	5.762468	5.762468	5.762468	5.762468	0.511857	1.066070	1.076003	2.038510
3.250	6.472132	6.472132	6.472132	6.472132	1.676857	2.306564	2.327307	3.046602
3.260	7.058327	7.058327	7.058327	7.058327	2.546724	3.220611	3.561702	4.402944
3.270	7.509869	7.509869	7.509869	7.509869	3.432124	4.167303	4.796096	5.447694
3.280	7.818144	7.818144	7.818144	7.818144	4.301991	5.065029	5.421749	6.107536
3.290	7.977271	7.977271	7.977271	7.977271	4.892258	5.701597	6.351772	7.133957
3.300	7.984214	7.984214	7.984214	7.984214	5.482525	6.305522	6.960514	7.812128
3.310	7.838842	7.838842	7.838842	7.838842	5.777658	6.631967	7.281795	8.178707
3.320	7.543926	7.543926	7.543926	7.543926	6.072792	6.925768	7.281795	8.160378
3.330	7.105094	7.105094	7.105094	7.105094	6.352392	7.252214	7.603076	8.160378
3.340	6.530718	6.530718	6.530718	6.530718	6.072792	7.235892	7.586167	8.160378
3.350	5.831753	5.831753	5.831753	5.831753	6.367925	7.235892	7.586167	8.160378
3.360	5.021536	5.021536	5.021536	5.021536	6.057259	7.235892	7.586167	7.812128
3.370	4.115522	4.115522	4.115522	4.115522	5.777658	7.235892	7.281795	7.812128
3.380	3.130995	3.130995	3.130995	3.130995	5.187392	6.321844	6.656143	6.785707
3.390	2.086738	2.086738	2.086738	2.086738	4.597125	5.995399	6.030491	6.125865
3.400	1.002672	1.002672	1.002672	1.002672	3.727258	5.097673	5.100468	5.429365
3.410	-0.100522	-0.100522	-0.100522	-0.100522	2.857391	4.150981	4.491725	4.769523
3.420	-1.201798	-1.201798	-1.201798	-1.201798	1.971990	3.220611	3.240421	3.394852
3.430	-2.280148	-2.280148	-2.280148	-2.280148	1.086590	2.322886	2.310398	2.368431
3.440	-3.314999	-3.314999	-3.314999	-3.314999	-0.062877	1.376194	1.076003	1.342010
3.450	-4.286609	-4.286609	-4.286609	-4.286609	-0.948277	0.152023	-0.141482	0.315589
3.460	-5.176443	-5.176443	-5.176443	-5.176443	-2.128811	-0.778347	-1.105325	-0.710832
3.470	-5.967525	-5.967525	-5.967525	-5.967525	-3.293811	-2.002518	-2.339719	-2.397095
3.480	-6.644764	-6.644764	-6.644764	-6.644764	-4.163678	-2.949210	-3.269743	-3.423516
3.490	-7.195239	-7.195239	-7.195239	-7.195239	-4.753945	-3.863258	-4.182857	-4.449937
3.500	-7.608450	-7.608450	-7.608450	-7.608450	-5.623812	-5.087428	-5.129790	-5.458029
3.510	-7.876514	-7.876514	-7.876514	-7.876514	-6.493679	-5.707675	-6.042903	-6.484450
3.520	-7.994316	-7.994316	-7.994316	-7.994316	-7.099479	-6.638045	-6.668555	-7.162621
3.530	-7.959609	-7.959609	-7.959609	-7.959609	-7.969346	-7.258291	-7.294208	-7.840792
3.540	-7.773055	-7.773055	-7.773055	-7.773055	-8.248947	-7.258291	-7.598579	-8.189042
3.550	-7.438214	-7.438214	-7.438214	-7.438214	-8.559613	-7.568415	-7.902950	-8.189042
3.560	-6.961473	-6.961473	-6.961473	-6.961473	-8.559613	-7.894860	-7.919860	-8.207371
3.570	-6.351927	-6.351927	-6.351927	-6.351927	-8.559613	-7.878538	-7.919860	-8.170713
3.580	-5.621205	-5.621205	-5.621205	-5.621205	-8.264480	-7.878538	-7.919860	-8.170713
3.590	-4.783245	-4.783245	-4.783245	-4.783245	-8.264480	-7.568415	-7.598579	-8.170713
3.600	-3.854035	-3.854035	-3.854035	-3.854035	-7.379080	-6.948168	-7.294208	-7.859121
3.610	-2.851301	-2.851301	-2.851301	-2.851301	-7.394613	-6.638045	-6.989836	-7.510871
3.620	-1.794173	-1.794173	-1.794173	-1.794173	-6.509213	-6.034121	-6.364184	-6.136200
3.630	-0.702816	-0.702816	-0.702816	-0.702816	-5.918946	-5.397552	-5.434161	-5.458029
3.640	0.401948	0.401948	0.401948	0.401948	-4.753945	-4.483504	-4.521047	-4.449937
3.650	1.499044	1.499044	1.499044	1.499044	-4.163678	-3.553134	-3.574114	-3.405187
3.660	2.567542	2.567542	2.567542	2.567542	-3.278278	-2.622764	-2.661000	-2.048845
3.670	3.587060	3.587060	3.587060	3.587060	-2.113278	-1.708717	-1.714067	-0.692503
3.680	4.538146	4.538146	4.538146	4.538146	-0.948277	-0.468224	-0.479673	0.315589
3.690	5.402657	5.402657	5.402657	5.402657	-0.062877	0.445824	0.771632	1.690260
3.700	6.164101	6.164101	6.164101	6.164101	1.102123	1.669995	1.684745	2.716681
3.710	6.807952	6.807952	6.807952	6.807952	1.971990	2.600365	2.936050	3.724773
3.720	7.321927	7.321927	7.321927	7.321927	2.841857	3.840858	4.187354	4.751194
3.730	7.696219	7.696219	7.696219	7.696219	3.432124	4.461104	4.796096	5.777615
3.740	7.923690	7.923690	7.923690	7.923690	4.597125	5.375152	5.709210	6.107536
3.750	8.000000	8.000000	8.000000	8.000000	5.202925	5.995399	6.656143	7.115628
3.760	7.923692	7.923692	7.923692	7.923692	5.498058	6.631967	6.960514	7.812128
3.770	7.696223	7.696223	7.696223	7.696223	5.777658	6.925768	6.977424	8.490299
3.780	7.321932	7.321932	7.321932	7.321932	6.367925	7.252214	7.281795	8.490299
3.790	6.807960	6.807960	6.807960	6.807960	6.352392	7.235892	7.264886	8.490299
3.800	6.164111	6.164111	6.164111	6.164111	6.367925	7.235892	7.586167	8.178707
3.810	5.402668	5.402668	5.402668	5.402668	6.352392	7.235892	7.264886	8.160378
3.820	4.538158	4.538158	4.538158	4.538158	5.762125	6.925768	7.264886	7.812128
3.830	3.587072	3.587072	3.587072	3.587072	5.482525	6.925768	7.264886	7.133957
3.840	2.567556	2.567556	2.567556	2.567556	4.907791	5.995399	6.047401	6.455786
3.850	1.499058	1.499058	1.499058	1.499058	4.022391	5.685275	5.726120	5.777615
3.860	0.401962	0.401962	0.401962	0.401962	3.432124	4.754905	4.796096	4.769523
3.870	-0.702802	-0.702802	-0.702802	-0.702802	2.562257	3.840858	3.866073	4.073023
3.880	-1.794159	-1.794159	-1.794159	-1.794159	1.676857	2.926810	2.631678	3.046602
3.890	-2.851288	-2.851288	-2.851288	-2.851288	0.527390	1.669995	1.701655	2.020181
3.900	-3.854023	-3.854023	-3.854023	-3.854023	-0.373544	0.772269	0.467260	0.663839
3.910	-4.783234	-4.783234	-4.783234	-4.783234	-1.523011	-0.468224	-0.784044	-0.710832
3.920	-5.621194	-5.621194	-5.621194	-5.621194	-2.719078	-1.398594	-1.714067	-1.718924
3.930	-6.351919	-6.351919	-6.351919	-6.351919	-3.588945	-2.328963	-2.661000	-2.727016
3.940	-6.961466	-6.961466	-6.961466	-6.961466	-4.458812	-3.243011	-3.878485	-3.771766
3.950	-7.438209	-7.438209	-7.438209	-7.438209	-5.344212	-4.467182	-4.521047	-4.779858
3.960	-7.773052	-7.773052	-7.773052	-7.773052	-6.214079	-5.397552	-5.755442	-6.136200
3.970	-7.959607	-7.959607	-7.959607	-7.959607	-7.083946	-6.034121	-6.668555	-6.832700
3.980	-7.994316	-7.994316	-7.994316	-7.994316	-7.379080	-6.638045	-7.294208	-7.510871
3.990	-7.876516	-7.876516	-7.876516	-7.876516	-7.674213	-6.964490	-7.598579	-8.189042
4.000	-7.608454	-7.608454	-7.608454	-7.608454	-7.953813	-7.274614	-7.615488	-8.170713
4.010	-7.195245	-7.195245	-7.195245	-7.195245	-8.264480	-7.568415	-7.615488	-8.189042
4.020	-6.644771	-6.644771	-6.644771	-6.644771	-8.264480	-7.568415	-7.615488	-8.189042
4.030	-5.967534	-5.967534	-5.967534	-5.967534	-8.248947	-7.568415	-7.919860	-8.189042
4.040	-5.176454	-5.176454	-5.176454	-5.176454	-8.248947	-7.568415	-7.598579	-8.189042
4.050	-4.286621	-4.286621	-4.286621	-4.286621	-7.953813	-7.552092	-7.598579	-8.189042
4.060	-3.315012	-3.315012	-3.315012	-3.315012	-7.394613	-6.948168	-7.311117	-7.510871
4.070	-2.280161	-2.280161	-2.280161	-2.280161	-7.099479	-6.638045	-6.685465	-6.814371
4.080	-1.201812	-1.201812	-1.201812	-1.201812	-5.934479	-5.723997	-6.042903	-5.806279
4.090	-0.100536	-0.100536	-0.100536	-0.100536	-5.344212	-4.777305	-5.129790	-4.779858
4.100	1.002658	1.002658	1.002658	1.002658	-4.458812	-3.863258	-3.878485	-3.753437
4.110	2.086725	2.086725	2.086725	2.086725	-3.573412	-3.259333	-2.644091	-2.397095
4.120	3.130982	3.130982	3.130982	3.130982	-2.703545	-2.002518	-2.018439	-1.370674
4.130	4.115510	4.115510	4.115510	4.115510	-1.523011	-1.088470	-1.105325	-0.344253
4.140	5.021525	5.021525	5.021525	5.021525	-0.668677	0.152023	0.450351	0.993760
4.150	5.831744	5.831744	5.831744	5.831744	0.511857	1.082393	1.380374	2.020181
4.160	6.530709	6.530709	6.530709	6.530709	1.692390	2.600365	2.614769	3.046602
4.170	7.105088	7.105088	7.105088	7.105088	2.562257	3.530735	3.866073	4.054694
4.180	7.543922	7.543922	7.543922	7.543922	3.447658	4.150981	4.796096	5.099444
4.190	7.838839	7.838839	7.838839	7.838839	4.317525	4.771228	5.100468	6.125865
4.200	7.984213	7.984213	7.984213	7.984213	5.202925	5.685275	6.030491	6.804036
4.210	7.977272	7.977272	7.977272	7.977272	5.498058	6.321844	6.639234	7.482207
4.220	7.818147	7.818147	7.818147	7.818147	5.793192	6.615645	6.960514	8.160378
4.230	7.509874	7.509874	7.509874	7.509874	6.072792	6.942091	7.281795	8.142049
4.240	7.058334	7.058334	7.058334	7.058334	6.383459	7.235892	7.586167	8.160378
4.250	6.472141	6.472141	6.472141	6.472141	6.367925	7.235892	7.281795	8.160378
4.260	5.762478	5.762478	5.762478	5.762478	6.352392	7.235892	7.281795	7.812128
4.270	4.942883	4.942883	4.942883	4.942883	6.072792	7.219569	7.298705	8.160378
4.280	4.028993	4.028993	4.028993	4.028993	5.482525	6.925768	6.977424	7.133957
4.290	3.038240	3.038240	3.038240	3.038240	5.202925	6.321844	6.673053	6.804036
4.300	1.989527	1.989527	1.989527	1.989527	4.317525	5.995399	6.064310	5.777615
4.310	0.902859	0.902859	0.902859	0.902859	3.727258	5.081351	5.117377	5.099444
4.320	-0.201033	-0.201033	-0.201033	-0.201033	2.841857	4.167303	4.204263	4.054694
4.330	-1.301089	-1.301089	-1.301089	-1.301089	1.971990	3.220611	3.257330	3.376523
4.340	-2.376325	-2.376325	-2.376325	-2.376325	1.102123	2.290241	2.310398	2.350102
4.350	-3.406227	-3.406227	-3.406227	-3.406227	0.511857	1.049748	1.092912	1.342010
4.360	-4.371148	-4.371148	-4.371148	-4.371148	-1.227877	0.135701	-0.158392	-0.014332
4.370	-5.252680	-5.252680	-5.252680	-5.252680	-2.113278	-1.088470	-1.392786	-1.022424
4.380	-6.034006	-6.034006	-6.034006	-6.034006	-2.983145	-2.002518	-2.322810	-2.048845
4.390	-6.700220	-6.700220	-6.700220	-6.700220	-4.163678	-2.965532	-3.252833	-3.423516
4.400	-7.238613	-7.238613	-7.238613	-7.238613	-5.049079	-3.863258	-4.199766	-4.449937
4.410	-7.638914	-7.638914	-7.638914	-7.638914	-5.639346	-4.793627	-5.112880	-5.458029
4.420	-7.893486	-7.893486	-7.893486	-7.893486	-6.493679	-5.723997	-6.042903	-6.154529
4.430	-7.997473	-7.997473	-7.997473	-7.997473	-7.099479	-6.327922	-6.668555	-6.814371
4.440	-7.948891	-7.948891	-7.948891	-7.948891	-7.674213	-6.654367	-7.277298	-7.529200
4.450	-7.748667	-7.748667	-7.748667	-7.748667	-7.953813	-7.258291	-7.598579	-7.859121
4.460	-7.400621	-7.400621	-7.400621	-7.400621	-8.559613	-7.241969	-7.598579	-8.170713
4.470	-6.911392	-6.911392	-6.911392	-6.911392	-8.839213	-7.568415	-8.224231	-8.189042
4.480	-6.290313	-6.290313	-6.290313	-6.290313	-8.528547	-7.568415	-7.902950	-7.840792
4.490	-5.549233	-5.549233	-5.549233	-5.549233	-8.559613	-7.568415	-7.919860	-8.189042
4.500	-4.702289	-4.702289	-4.702289	-4.702289	-7.969346	-7.568415	-7.598579	-7.859121
4.510	-3.765639	-3.765639	-3.765639	-3.765639	-7.969346	-7.258291	-7.277298	-7.840792
4.520	-2.757151	-2.757151	-2.757151	-2.757151	-7.083946	-6.638045	-6.651646	-7.180950
4.530	-1.696065	-1.696065	-1.696065	-1.696065	-6.509213	-6.344244	-6.347275	-6.154529
4.540	-0.602623	-0.602623	-0.602623	-0.602623	-5.639346	-5.120073	-5.417251	-5.458029
4.550	0.502316	0.502316	0.502316	0.502316	-5.344212	-4.483504	-4.504137	-4.413279
4.560	1.597671	1.597671	1.597671	1.597671	-3.884078	-3.569457	-3.252833	-3.056937
4.570	2.662548	2.662548	2.662548	2.662548	-3.293811	-2.312641	-2.322810	-2.067174
4.580	3.676631	3.676631	3.676631	3.676631	-1.833678	-1.382271	-1.392786	-1.040753
4.590	4.620575	4.620575	4.620575	4.620575	-0.963811	-0.158100	-0.141482	0.663839
4.600	5.476371	5.476371	5.476371	5.476371	0.216723	0.755947	0.771632	1.360339
4.610	6.227693	6.227693	6.227693	6.227693	1.381724	1.980118	2.022936	3.064931
4.620	6.860209	6.860209	6.860209	6.860209	1.971990	2.910488	2.952959	4.073023
4.630	7.361851	7.361851	7.361851	7.361851	3.136991	3.824536	4.187354	5.099444
4.640	7.723051	7.723051	7.723051	7.723051	4.022391	4.771228	4.796096	6.125865
4.650	7.936917	7.936917	7.936917	7.936917	4.892258	5.701597	5.743029	6.804036
4.660	7.999368	7.999368	7.999368	7.999368	4.907791	6.305522	6.351772	7.482207
4.670	7.909215	7.909215	7.909215	7.909215	5.482525	6.305522	6.977424	7.812128
4.680	7.668177	7.668177	7.668177	7.668177	6.057259	6.925768	6.960514	8.160378
4.690	7.280851	7.280851	7.280851	7.280851	6.367925	7.219569	7.281795	8.142049
4.700	6.754628	6.754628	6.754628	6.754628	6.057259	7.235892	7.281795	8.160378
4.710	6.099546	6.099546	6.099546	6.099546	6.367925	7.235892	7.298705	8.160378
4.720	5.328102	5.328102	5.328102	5.328102	6.367925	7.235892	7.264886	8.160378
4.730	4.455012	4.455012	4.455012	4.455012	6.057259	7.235892	7.281795	7.812128
4.740	3.496934	3.496934	3.496934	3.496934	5.482525	6.631967	6.960514	7.152286
4.750	2.472144	2.472144	2.472144	2.472144	4.892258	5.995399	6.351772	6.455786
4.760	1.400193	1.400193	1.400193	1.400193	4.301991	5.391474	5.743029	5.777615
4.770	0.301530	0.301530	0.301530	0.301530	3.432124	4.461104	4.796096	4.751194
4.780	-0.802885	-0.802885	-0.802885	-0.802885	2.251591	3.530735	3.561702	3.743102
4.790	-1.891983	-1.891983	-1.891983	-1.891983	1.676857	2.600365	2.614769	3.046602
4.800	-2.944988	-2.944988	-2.944988	-2.944988	0.511857	1.669995	1.397284	1.708589
4.810	-3.941811	-3.941811	-3.941811	-3.941811	-0.668677	0.445824	0.450351	0.700497
4.820	-4.863435	-4.863435	-4.863435	-4.863435	-1.538544	-0.484546	-0.462763	-0.344253
4.830	-5.692279	-5.692279	-5.692279	-5.692279	-2.703545	-1.414916	-2.035348	-1.700595
4.840	-6.412530	-6.412530	-6.412530	-6.412530	-3.573412	-2.639087	-2.948462	-3.075266
4.850	-7.010449	-7.010449	-7.010449	-7.010449	-4.753945	-3.536812	-3.878485	-3.735108
4.860	-7.474628	-7.474628	-7.474628	-7.474628	-5.328679	-4.467182	-4.808509	-4.761529
4.870	-7.796213	-7.796213	-7.796213	-7.796213	-6.214079	-5.413874	-5.738532	-5.787950
4.880	-7.969068	-7.969068	-7.969068	-7.969068	-7.083946	-6.344244	-6.364184	-6.484450
4.890	-7.989896	-7.989896	-7.989896	-7.989896	-7.379080	-6.621723	-6.989836	-7.162621
4.900	-7.858300	-7.858300	-7.858300	-7.858300	-7.689746	-6.931846	-7.311117	-8.207371
4.910	-7.576789	-7.576789	-7.576789	-7.576789	-8.264480	-7.568415	-7.598579	-8.207371
4.920	-7.150736	-7.150736	-7.150736	-7.150736	-8.559613	-7.845893	-7.598579	-8.189042
4.930	-6.588266	-6.588266	-6.588266	-6.588266	-8.544080	-7.878538	-7.919860	-8.170713
4.940	-5.900111	-5.900111	-5.900111	-5.900111	-8.544080	-7.862216	-7.615488	-8.170713
4.950	-5.099399	-5.099399	-5.099399	-5.099399	-8.559613	-7.878538	-7.919860	-8.189042
4.960	-4.201405	-4.201405	-4.201405	-4.201405	-7.953813	-7.258291	-7.598579	-8.207371
4.970	-3.223260	-3.223260	-3.223260	-3.223260	-7.394613	-6.931846	-6.972927	-7.510871
4.980	-2.183625	-2.183625	-2.183625	-2.183625	-6.509213	-6.327922	-6.668555	-6.832700
4.990	-1.102332	-1.102332	-1.102332	-1.102332	-6.214079	-5.397552	-5.738532	-5.806279
5.000	-0.000009	-0.000009	-0.000009	-0.000009	-5.049079	-4.483504	-5.129790	-4.798187
5.010	1.102313	1.102313	1.102313	1.102313	-4.458812	-3.846935	-3.895395	-3.771766
5.020	2.183606	2.183606	2.183606	2.183606	-3.293811	-2.639087	-2.948462	-2.727016
5.030	3.223243	3.223243	3.223243	3.223243	-2.408411	-2.018840	-1.697158	-1.370674
5.040	4.201389	4.201389	4.201389	4.201389	-1.538544	-0.794669	-0.784044	-0.344253
5.050	5.099385	5.099385	5.099385	5.099385	-0.373544	0.135701	0.450351	1.012089
5.060	5.900098	5.900098	5.900098	5.900098	0.527390	1.376194	1.076003	2.350102
5.070	6.588255	6.588255	6.588255	6.588255	1.676857	2.600365	2.614769	3.394852
5.080	7.150727	7.150727	7.150727	7.150727	2.546724	3.824536	3.866073	4.421273
5.090	7.576783	7.576783	7.576783	7.576783	3.416591	4.461104	4.779187	5.777615
5.100	7.858296	7.858296	7.858296	7.858296	4.301991	5.081351	5.726120	6.125865
5.110	7.989895	7.989895	7.989895	7.989895	5.187392	6.011721	6.656143	7.133957
5.120	7.969070	7.969070	7.969070	7.969070	5.482525	6.321844	6.960514	7.793799
5.130	7.796217	7.796217	7.796217	7.796217	5.762125	6.925768	7.281795	8.160378
5.140	7.474635	7.474635	7.474635	7.474635	6.352392	7.219569	7.586167	8.160378
5.150	7.010458	7.010458	7.010458	7.010458	6.352392	7.252214	7.586167	8.178707
5.160	6.412542	6.412542	6.412542	6.412542	6.367925	7.546015	7.907447	8.160378
5.170	5.692292	5.692292	5.692292	5.692292	6.352392	7.235892	7.907447	8.142049
5.180	4.863450	4.863450	4.863450	4.863450	6.072792	7.235892	7.281795	7.793799
5.190	3.941827	3.941827	3.941827	3.941827	5.482525	7.252214	7.264886	7.482207
5.200	2.945006	2.945006	2.945006	2.945006	4.892258	6.305522	6.334862	6.785707
5.210	1.892002	1.892002	1.892002	1.892002	4.301991	5.701597	5.726120	6.107536
5.220	0.802904	0.802904	0.802904	0.802904	3.727258	5.065029	5.100468	5.081115
5.230	-0.301512	-0.301512	-0.301512	-0.301512	2.857391	4.167303	3.866073	4.054694
5.240	-1.400175	-1.400175	-1.400175	-1.400175	1.676857	2.910488	2.936050	3.376523
5.250	-2.472127	-2.472127	-2.472127	-2.472127	0.791457	2.290241	1.989117	2.368431
5.260	-3.496917	-3.496917	-3.496917	-3.496917	-0.062877	1.359872	0.771632	0.993760
5.270	-4.454997	-4.454997	-4.454997	-4.454997	-0.948277	0.135701	-0.175301	-0.362582
5.280	-5.328088	-5.328088	-5.328088	-5.328088	-2.113278	-0.778347	-1.105325	-1.022424
5.290	-6.099534	-6.099534	-6.099534	-6.099534	-3.293811	-2.018840	-2.339719	-2.378766
5.300	-6.754618	-6.754618	-6.754618	-6.754618	-4.179212	-3.243011	-3.269743	-3.405187
5.310	-7.280844	-7.280844	-7.280844	-7.280844	-5.064612	-4.173381	-4.199766	-4.413279
5.320	-7.668171	-7.668171	-7.668171	-7.668171	-5.934479	-5.103751	-5.112880	-5.458029
5.330	-7.909212	-7.909212	-7.909212	-7.909212	-6.804346	-5.723997	-6.059813	-6.136200
5.340	-7.999368	-7.999368	-7.999368	-7.999368	-7.379080	-6.327922	-6.668555	-7.162621
5.350	-7.936919	-7.936919	-7.936919	-7.936919	-7.674213	-6.948168	-7.294208	-7.510871
5.360	-7.723056	-7.723056	-7.723056	-7.723056	-8.575147	-6.948168	-7.632398	-7.840792
5.370	-7.361859	-7.361859	-7.361859	-7.361859	-8.559613	-7.258291	-7.598579	-8.170713
5.380	-6.860218	-6.860218	-6.860218	-6.860218	-8.559613	-7.568415	-7.615488	-8.189042
5.390	-6.227705	-6.227705	-6.227705	-6.227705	-8.839213	-7.568415	-7.598579	-8.189042
5.400	-5.476384	-5.476384	-5.476384	-5.476384	-8.528547	-7.552092	-7.615488	-8.189042
5.410	-4.620590	-4.620590	-4.620590	-4.620590	-8.264480	-7.552092	-7.615488	-8.189042
5.420	-3.676648	-3.676648	-3.676648	-3.676648	-7.379080	-6.964490	-7.311117	-7.840792
5.430	-2.662566	-2.662566	-2.662566	-2.662566	-7.394613	-6.638045	-6.685465	-7.162621
5.440	-1.597690	-1.597690	-1.597690	-1.597690	-6.214079	-6.034121	-6.364184	-6.154529
5.450	-0.502334	-0.502334	-0.502334	-0.502334	-5.934479	-5.397552	-5.434161	-5.128108
5.460	0.602604	0.602604	0.602604	0.602604	-5.049079	-4.157059	-4.504137	-4.101687
5.470	1.696047	1.696047	1.696047	1.696047	-3.884078	-3.536812	-3.574114	-3.075266
5.480	2.757134	2.757134	2.757134	2.757134	-2.998678	-2.312641	-2.339719	-1.718924
5.490	3.765622	3.765622	3.765622	3.765622	-1.833678	-1.398594	-1.409696	-0.692503
5.500	4.702274	4.702274	4.702274	4.702274	-0.948277	-0.158100	-0.175301	0.663839
5.510	5.549219	5.549219	5.549219	5.549219	0.216723	0.755947	0.754722	1.360339
5.520	6.290301	6.290301	6.290301	6.290301	1.086590	2.012763	1.989117	2.716681
5.530	6.911382	6.911382	6.911382	6.911382	2.546724	2.910488	2.936050	4.073023
5.540	7.400614	7.400614	7.400614	7.400614	3.136991	4.150981	4.187354	5.099444
5.550	7.748663	7.748663	7.748663	7.748663	3.727258	5.081351	5.117377	6.107536
5.560	7.948889	7.948889	7.948889	7.948889	4.892258	5.701597	5.726120	6.804036
5.570	7.997474	7.997474	7.997474	7.997474	5.482525	6.321844	6.656143	7.812128
5.580	7.893489	7.893489	7.893489	7.893489	5.777658	6.305522	6.977424	8.142049
5.590	7.638919	7.638919	7.638919	7.638919	6.057259	6.942091	7.281795	8.142049
5.600	7.238621	7.238621	7.238621	7.238621	6.336859	6.925768	7.603076	8.178707
5.610	6.700230	6.700230	6.700230	6.700230	6.631992	6.909446	7.569257	8.160378
5.620	6.034018	6.034018	6.034018	6.034018	6.336859	6.925768	7.586167	8.178707
5.630	5.252694	5.252694	5.252694	5.252694	6.367925	7.235892	7.281795	8.142049
5.640	4.371164	4.371164	4.371164	4.371164	5.762125	6.942091	7.281795	7.812128
5.650	3.406244	3.406244	3.406244	3.406244	5.482525	6.615645	6.960514	7.115628
5.660	2.376343	2.376343	2.376343	2.376343	4.597125	6.011721	6.047401	6.125865
5.670	1.301108	1.301108	1.301108	1.301108	4.022391	5.391474	5.421749	5.447694
5.680	0.201051	0.201051	0.201051	0.201051	3.136991	4.477427	4.491725	4.732865
5.690	-0.902840	-0.902840	-0.902840	-0.902840	2.251591	3.840858	3.561702	4.073023
5.700	-1.989509	-1.989509	-1.989509	-1.989509	1.381724	2.616687	2.614769	2.716681
5.710	-3.038223	-3.038223	-3.038223	-3.038223	0.527390	1.686317	1.397284	1.690260
5.720	-4.028976	-4.028976	-4.028976	-4.028976	-0.668677	0.462146	0.450351	0.315589
5.730	-4.942868	-4.942868	-4.942868	-4.942868	-1.538544	-0.468224	-0.784044	-0.692503
5.740	-5.762465	-5.762465	-5.762465	-5.762465	-2.719078	-1.725039	-2.035348	-2.067174
5.750	-6.472130	-6.472130	-6.472130	-6.472130	-3.588945	-2.622764	-2.661000	-3.075266
5.760	-7.058325	-7.058325	-7.058325	-7.058325	-4.769479	-3.863258	-3.878485	-4.101687
5.770	-7.509867	-7.509867	-7.509867	-7.509867	-5.313146	-4.483504	-4.808509	-5.128108
5.780	-7.818143	-7.818143	-7.818143	-7.818143	-6.214079	-5.413874	-5.738532	-6.136200
5.790	-7.977270	-7.977270	-7.977270	-7.977270	-6.804346	-6.344244	-6.685465	-6.484450
5.800	-7.984215	-7.984215	-7.984215	-7.984215	-7.394613	-6.638045	-7.294208	-7.180950
5.810	-7.838843	-7.838843	-7.838843	-7.838843	-7.969346	-6.931846	-7.919860	-7.510871
5.820	-7.543928	-7.543928	-7.543928	-7.543928	-7.953813	-7.274614	-7.919860	-8.189042
5.830	-7.105097	-7.105097	-7.105097	-7.105097	-8.544080	-7.878538	-7.598579	-8.518963
5.840	-6.530720	-6.530720	-6.530720	-6.530720	-8.248947	-7.878538	-7.919860	-8.189042
5.850	-5.831757	-5.831757	-5.831757	-5.831757	-8.544080	-7.878538	-7.902950	-8.537292
5.860	-5.021539	-5.021539	-5.021539	-5.021539	-8.248947	-7.568415	-7.598579	-8.189042
5.870	-4.115526	-4.115526	-4.115526	-4.115526	-8.248947	-7.258291	-7.598579	-8.170713
5.880	-3.131000	-3.131000	-3.131000	-3.131000	-7.379080	-6.654367	-6.989836	-7.492542
5.890	-2.086743	-2.086743	-2.086743	-2.086743	-7.083946	-6.327922	-6.668555	-6.484450
5.900	-1.002677	-1.002677	-1.002677	-1.002677	-5.918946	-5.723997	-5.755442	-5.806279
5.910	0.100517	0.100517	0.100517	0.100517	-5.033545	-4.777305	-5.112880	-4.761529
5.920	1.201794	1.201794	1.201794	1.201794	-4.458812	-3.863258	-3.878485	-3.423516
5.930	2.280143	2.280143	2.280143	2.280143	-3.573412	-2.949210	-2.644091	-2.397095
5.940	3.314994	3.314994	3.314994	3.314994	-2.408411	-1.708717	-1.697158	-1.040753
5.950	4.286605	4.286605	4.286605	4.286605	-1.227877	-0.778347	-0.784044	-0.014332
5.960	5.176439	5.176439	5.176439	5.176439	-0.358010	0.152023	0.450351	0.993760
5.970	5.967522	5.967522	5.967522	5.967522	0.822523	1.376194	1.684745	2.368431
5.980	6.644761	6.644761	6.644761	6.644761	1.987524	2.600365	2.631678	3.394852
5.990	7.195237	7.195237	7.195237	7.195237	2.857391	3.530735	3.866073	4.402944
6.000	7.608449	7.608449	7.608449	7.608449	3.432124	4.134659	4.491725	5.411036
6.010	7.876513	7.876513	7.876513	7.876513	4.333058	5.081351	5.404839	6.107536
6.020	7.994315	7.994315	7.994315	7.994315	4.907791	5.701597	6.047401	7.133957
6.030	7.959609	7.959609	7.959609	7.959609	5.482525	6.305522	6.656143	7.812128
6.040	7.773057	7.773057	7.773057	7.773057	5.777658	6.615645	6.960514	8.142049
6.050	7.438216	7.438216	7.438216	7.438216	6.383459	6.925768	7.586167	8.490299
6.060	6.961476	6.961476	6.961476	6.961476	6.367925	7.219569	7.586167	8.508628
6.070	6.351930	6.351930	6.351930	6.351930	6.367925	7.235892	7.586167	8.508628
6.080	5.621208	5.621208	5.621208	5.621208	6.088325	7.219569	7.586167	8.160378
6.090	4.783249	4.783249	4.783249	4.783249	6.367925	7.235892	7.281795	7.830457
6.100	3.854039	3.854039	3.854039	3.854039	5.777658	6.631967	6.960514	7.463878
6.110	2.851306	2.851306	2.851306	2.851306	4.923325	6.321844	6.656143	6.804036
6.120	1.794177	1.794177	1.794177	1.794177	4.317525	5.685275	5.726120	5.777615
6.130	0.702821	0.702821	0.702821	0.702821	3.742791	4.771228	5.100468	5.099444
6.140	-0.401943	-0.401943	-0.401943	-0.401943	2.577791	4.150981	3.866073	4.402944
6.150	-1.499039	-1.499039	-1.499039	-1.499039	1.692390	3.220611	2.936050	3.376523
6.160	-2.567538	-2.567538	-2.567538	-2.567538	0.806990	1.996440	1.989117	2.020181
6.170	-3.587055	-3.587055	-3.587055	-3.587055	-0.078410	1.082393	0.771632	0.993760
6.180	-4.538142	-4.538142	-4.538142	-4.538142	-1.243411	-0.174423	-0.175301	-0.362582
6.190	-5.402654	-5.402654	-5.402654	-5.402654	-2.423944	-1.382271	-1.392786	-1.389003
6.200	-6.164098	-6.164098	-6.164098	-6.164098	-3.278278	-2.328963	-2.339719	-2.378766
6.210	-6.807950	-6.807950	-6.807950	-6.807950	-4.163678	-2.932888	-3.574114	-3.441845
6.220	-7.321925	-7.321925	-7.321925	-7.321925	-5.033545	-4.173381	-4.504137	-4.779858
6.230	-7.696218	-7.696218	-7.696218	-7.696218	-5.918946	-5.087428	-5.434161	-5.824608
6.240	-7.923690	-7.923690	-7.923690	-7.923690	-6.509213	-5.691353	-6.059813	-6.484450
6.250	-8.000000	-8.000000	-8.000000	-8.000000	-7.379080	-6.638045	-6.685465	-7.144292
6.260	-7.923693	-7.923693	-7.923693	-7.923693	-7.658680	-7.258291	-7.311117	-7.510871
6.270	-7.696225	-7.696225	-7.696225	-7.696225	-8.248947	-7.568415	-7.294208	-8.170713
6.280	-7.321934	-7.321934	-7.321934	-7.321934	-8.264480	-7.878538	-7.902950	-8.189042
6.290	-6.807962	-6.807962	-6.807962	-6.807962	-8.544080	-7.878538	-7.919860	-8.189042
6.300	-6.164114	-6.164114	-6.164114	-6.164114	-8.248947	-7.862216	-7.919860	-8.189042
6.310	-5.402671	-5.402671	-5.402671	-5.402671	-8.264480	-7.552092	-7.598579	-8.189042
6.320	-4.538161	-4.538161	-4.538161	-4.538161	-7.969346	-7.568415	-7.615488	-8.189042
6.330	-3.587076	-3.587076	-3.587076	-3.587076	-7.658680	-7.258291	-7.311117	-8.189042
6.340	-2.567560	-2.567560	-2.567560	-2.567560	-7.099479	-6.638045	-6.989836	-7.180950
6.350	-1.499062	-1.499062	-1.499062	-1.499062	-6.493679	-6.001476	-6.042903	-6.154529
6.360	-0.401967	-0.401967	-0.401967	-0.401967	-5.623812	-5.087428	-5.434161	-5.458029
6.370	0.702798	0.702798	0.702798	0.702798	-4.753945	-4.157059	-4.504137	-4.101687
6.380	1.794154	1.794154	1.794154	1.794154	-3.868545	-2.932888	-3.269743	-3.075266
6.390	2.851284	2.851284	2.851284	2.851284	-3.014211	-2.312641	-2.035348	-1.718924
6.400	3.854019	3.854019	3.854019	3.854019	-1.818144	-1.088470	-1.409696	-0.710832
6.410	4.783230	4.783230	4.783230	4.783230	-0.948277	-0.158100	-0.175301	0.993760
6.420	5.621191	5.621191	5.621191	5.621191	0.216723	1.082393	1.076003	2.038510
6.430	6.351916	6.351916	6.351916	6.351916	1.397257	1.996440	2.293488	3.064931
6.440	6.961464	6.961464	6.961464	6.961464	2.267124	3.236933	3.223511	4.073023
6.450	7.438207	7.438207	7.438207	7.438207	3.152524	4.150981	4.170444	5.117773
6.460	7.773051	7.773051	7.773051	7.773051	4.317525	4.771228	5.100468	5.759286
6.470	7.959607	7.959607	7.959607	7.959607	4.892258	5.685275	6.030491	6.455786
6.480	7.994316	7.994316	7.994316	7.994316	5.187392	6.011721	6.639234	7.133957
6.490	7.876517	7.876517	7.876517	7.876517	5.482525	6.925768	6.960514	8.160378
6.500	7.608456	7.608456	7.608456	7.608456	6.057259	7.252214	7.264886	8.142049
6.510	7.195247	7.195247	7.195247	7.195247	6.367925	7.235892	7.586167	8.490299
6.520	6.644774	6.644774	6.644774	6.644774	6.072792	7.562337	7.569257	8.490299
6.530	5.967537	5.967537	5.967537	5.967537	6.367925	7.235892	7.569257	8.471970
6.540	5.176457	5.176457	5.176457	5.176457	6.072792	7.235892	7.264886	7.812128
6.550	4.286625	4.286625	4.286625	4.286625	5.762125	7.235892	7.281795	7.793799
6.560	3.315016	3.315016	3.315016	3.315016	5.187392	6.321844	6.960514	6.785707
6.570	2.280166	2.280166	2.280166	2.280166	4.892258	5.995399	6.334862	6.107536
6.580	1.201817	1.201817	1.201817	1.201817	4.022391	5.407796	5.100468	5.429365
6.590	0.100541	0.100541	0.100541	0.100541	3.136991	4.477427	4.474816	4.751194
6.600	-1.002654	-1.002654	-1.002654	-1.002654	2.267124	3.220611	3.240421	3.724773
6.610	-2.086720	-2.086720	-2.086720	-2.086720	1.381724	2.290241	2.293488	2.698352
6.620	-3.130978	-3.130978	-3.130978	-3.130978	0.527390	1.376194	1.380374	1.342010
6.630	-4.115506	-4.115506	-4.115506	-4.115506	-0.963811	0.462146	0.145979	0.663839
6.640	-5.021521	-5.021521	-5.021521	-5.021521	-1.818144	-0.778347	-1.088415	-0.692503
6.650	-5.831740	-5.831740	-5.831740	-5.831740	-2.703545	-1.708717	-2.035348	-2.067174
6.660	-6.530707	-6.530707	-6.530707	-6.530707	-3.868545	-2.622764	-3.269743	-3.441845
6.670	-7.105086	-7.105086	-7.105086	-7.105086	-5.049079	-3.569457	-4.199766	-4.083358
6.680	-7.543920	-7.543920	-7.543920	-7.543920	-5.639346	-4.483504	-5.112880	-5.128108
6.690	-7.838838	-7.838838	-7.838838	-7.838838	-6.509213	-5.707675	-5.451070	-6.154529
6.700	-7.984213	-7.984213	-7.984213	-7.984213	-7.083946	-6.638045	-6.381094	-6.832700
6.710	-7.977272	-7.977272	-7.977272	-7.977272	-7.674213	-6.931846	-7.006746	-7.180950
6.720	-7.818148	-7.818148	-7.818148	-7.818148	-7.674213	-7.258291	-7.311117	-7.859121
6.730	-7.509875	-7.509875	-7.509875	-7.509875	-7.969346	-7.552092	-7.936769	-8.189042
6.740	-7.058336	-7.058336	-7.058336	-7.058336	-8.544080	-7.878538	-7.615488	-8.207371
6.750	-6.472143	-6.472143	-6.472143	-6.472143	-8.559613	-7.862216	-7.936769	-8.189042
6.760	-5.762481	-5.762481	-5.762481	-5.762481	-8.559613	-7.862216	-7.632398	-8.189042
6.770	-4.942887	-4.942887	-4.942887	-4.942887	-8.264480	-7.568415	-7.919860	-8.189042
6.780	-4.028997	-4.028997	-4.028997	-4.028997	-7.674213	-6.931846	-7.615488	-8.207371
6.790	-3.038245	-3.038245	-3.038245	-3.038245	-7.379080	-6.638045	-6.989836	-7.510871
6.800	-1.989532	-1.989532	-1.989532	-1.989532	-6.493679	-6.017798	-6.381094	-6.484450
6.810	-0.902864	-0.902864	-0.902864	-0.902864	-6.214079	-5.397552	-5.755442	-5.458029
6.820	0.201028	0.201028	0.201028	0.201028	-5.328679	-4.777305	-4.825418	-4.779858
6.830	1.301085	1.301085	1.301085	1.301085	-4.163678	-3.879580	-3.912304	-3.423516
6.840	2.376320	2.376320	2.376320	2.376320	-2.983145	-2.639087	-2.661000	-2.397095
6.850	3.406223	3.406223	3.406223	3.406223	-2.423944	-2.035162	-1.714067	-1.022424
6.860	4.371144	4.371144	4.371144	4.371144	-1.227877	-0.484546	-0.462763	-0.014332
6.870	5.252676	5.252676	5.252676	5.252676	-0.062877	0.135701	0.450351	1.342010
6.880	6.034003	6.034003	6.034003	6.034003	0.822523	1.702639	1.684745	2.368431
6.890	6.700217	6.700217	6.700217	6.700217	1.692390	2.600365	2.936050	3.743102
6.900	7.238611	7.238611	7.238611	7.238611	2.857391	3.530735	4.153535	4.402944
6.910	7.638912	7.638912	7.638912	7.638912	3.727258	4.444782	4.779187	5.777615
6.920	7.893485	7.893485	7.893485	7.893485	4.317525	5.375152	5.726120	6.804036
6.930	7.997473	7.997473	7.997473	7.997473	5.202925	5.995399	6.656143	7.482207
6.940	7.948892	7.948892	7.948892	7.948892	5.498058	6.305522	6.960514	7.830457
6.950	7.748669	7.748669	7.748669	7.748669	5.777658	6.909446	6.960514	8.160378
6.960	7.400623	7.400623	7.400623	7.400623	6.057259	6.925768	7.264886	8.160378
6.970	6.911394	6.911394	6.911394	6.911394	6.367925	7.235892	7.247976	8.178707
6.980	6.290316	6.290316	6.290316	6.290316	6.367925	7.235892	7.264886	7.812128
6.990	5.549236	5.549236	5.549236	5.549236	6.352392	7.235892	7.264886	8.160378
7.000	4.702293	4.702293	4.702293	4.702293	5.777658	7.235892	7.281795	7.812128
7.010	3.765643	3.765643	3.765643	3.765643	5.793192	6.925768	7.264886	7.482207
7.020	2.757156	2.757156	2.757156	2.757156	4.907791	6.305522	6.334862	6.785707
7.030	1.696070	1.696070	1.696070	1.696070	4.301991	5.391474	6.030491	6.125865
7.040	0.602628	0.602628	0.602628	0.602628	3.432124	4.754905	5.100468	5.099444
7.050	-0.502311	-0.502311	-0.502311	-0.502311	2.562257	3.857180	3.849164	4.073023
7.060	-1.597667	-1.597667	-1.597667	-1.597667	1.692390	2.926810	2.919140	3.046602
7.070	-2.662544	-2.662544	-2.662544	-2.662544	1.102123	1.996440	1.667836	2.038510
7.080	-3.676627	-3.676627	-3.676627	-3.676627	-0.358010	0.755947	0.450351	1.012089
7.090	-4.620571	-4.620571	-4.620571	-4.620571	-1.523011	-0.190745	-0.479673	-0.014332
7.100	-5.476367	-5.476367	-5.476367	-5.476367	-2.423944	-1.398594	-1.426606	-1.718924
7.110	-6.227690	-6.227690	-6.227690	-6.227690	-3.278278	-2.345286	-2.661000	-2.745345
7.120	-6.860206	-6.860206	-6.860206	-6.860206	-4.458812	-3.259333	-3.591024	-3.753437
7.130	-7.361850	-7.361850	-7.361850	-7.361850	-5.328679	-4.483504	-4.521047	-4.449937
7.140	-7.723050	-7.723050	-7.723050	-7.723050	-6.214079	-5.103751	-5.434161	-5.806279
7.150	-7.936916	-7.936916	-7.936916	-7.936916	-6.804346	-5.723997	-6.381094	-6.466121
7.160	-7.999369	-7.999369	-7.999369	-7.999369	-7.099479	-6.638045	-7.006746	-7.180950
7.170	-7.909216	-7.909216	-7.909216	-7.909216	-7.658680	-6.964490	-7.936769	-7.859121
7.180	-7.668178	-7.668178	-7.668178	-7.668178	-8.264480	-7.274614	-7.632398	-8.189042
7.190	-7.280853	-7.280853	-7.280853	-7.280853	-8.559613	-7.568415	-7.632398	-8.189042
7.200	-6.754631	-6.754631	-6.754631	-6.754631	-8.559613	-7.584737	-7.919860	-8.189042
7.210	-6.099549	-6.099549	-6.099549	-6.099549	-8.559613	-7.552092	-7.936769	-8.189042
7.220	-5.328105	-5.328105	-5.328105	-5.328105	-8.248947	-7.568415	-7.919860	-8.170713
7.230	-4.455016	-4.455016	-4.455016	-4.455016	-8.264480	-7.568415	-7.615488	-8.207371
7.240	-3.496938	-3.496938	-3.496938	-3.496938	-7.394613	-6.948168	-7.294208	-7.859121
7.250	-2.472149	-2.472149	-2.472149	-2.472149	-7.083946	-6.638045	-6.989836	-7.162621
7.260	-1.400198	-1.400198	-1.400198	-1.400198	-6.214079	-5.707675	-6.059813	-6.154529
7.270	-0.301535	-0.301535	-0.301535	-0.301535	-5.639346	-5.103751	-5.434161	-4.761529
7.280	0.802880	0.802880	0.802880	0.802880	-4.738412	-4.189703	-4.199766	-4.101687
7.290	1.891979	1.891979	1.891979	1.891979	-3.884078	-2.949210	-3.269743	-2.727016
7.300	2.944984	2.944984	2.944984	2.944984	-2.983145	-2.328963	-2.339719	-1.718924
7.310	3.941807	3.941807	3.941807	3.941807	-1.538544	-1.398594	-1.409696	-0.710832
7.320	4.863431	4.863431	4.863431	4.863431	-0.668677	0.135701	0.162889	0.663839
7.330	5.692276	5.692276	5.692276	5.692276	0.216723	1.066070	1.380374	2.038510
7.340	6.412528	6.412528	6.412528	6.412528	1.397257	1.996440	2.293488	3.046602
7.350	7.010447	7.010447	7.010447	7.010447	2.546724	3.220611	3.561702	4.073023
7.360	7.474627	7.474627	7.474627	7.474627	3.136991	4.167303	4.170444	5.081115
7.370	7.796212	7.796212	7.796212	7.796212	4.022391	5.065029	5.117377	6.107536
7.380	7.969068	7.969068	7.969068	7.969068	4.923325	5.995399	5.726120	7.133957
7.390	7.989896	7.989896	7.989896	7.989896	5.482525	6.615645	6.334862	7.812128
7.400	7.858301	7.858301	7.858301	7.858301	6.072792	6.615645	6.960514	8.160378
7.410	7.576791	7.576791	7.576791	7.576791	6.352392	6.909446	7.264886	8.490299
7.420	7.150738	7.150738	7.150738	7.150738	6.383459	7.235892	7.586167	8.142049
7.430	6.588269	6.588269	6.588269	6.588269	6.367925	6.925768	7.264886	8.142049
7.440	5.900114	5.900114	5.900114	5.900114	6.367925	7.235892	7.264886	8.160378
7.450	5.099403	5.099403	5.099403	5.099403	6.072792	6.925768	7.586167	8.160378
7.460	4.201409	4.201409	4.201409	4.201409	5.793192	6.942091	7.264886	7.482207
7.470	3.223264	3.223264	3.223264	3.223264	5.202925	6.631967	6.960514	7.133957
7.480	2.183629	2.183629	2.183629	2.183629	4.597125	6.011721	5.726120	6.107536
7.500	0.000014	0.000014	0.000014	0.000014	2.857391	4.150981	4.170444	4.769523
7.510	-1.102308	-1.102308	-1.102308	-1.102308	2.267124	3.220611	3.240421	3.724773
7.520	-2.183602	-2.183602	-2.183602	-2.183602	1.397257	2.290241	2.327307	2.716681
7.530	-3.223238	-3.223238	-3.223238	-3.223238	0.511857	1.376194	1.363465	1.360339
7.540	-4.201385	-4.201385	-4.201385	-4.201385	-0.653144	0.135701	0.129070	0.333918
7.550	-5.099381	-5.099381	-5.099381	-5.099381	-1.833678	-0.451901	-1.122234	-1.059082
7.560	-5.900095	-5.900095	-5.900095	-5.900095	-2.983145	-2.018840	-1.730977	-2.030516
7.570	-6.588253	-6.588253	-6.588253	-6.588253	-3.868545	-2.949210	-2.948462	-3.093595
7.580	-7.150725	-7.150725	-7.150725	-7.150725	-5.049079	-3.553134	-3.895395	-4.101687
7.590	-7.576782	-7.576782	-7.576782	-7.576782	-5.918946	-4.777305	-5.129790	-5.128108
7.600	-7.858295	-7.858295	-7.858295	-7.858295	-6.198546	-5.397552	-5.755442	-6.136200
7.610	-7.989895	-7.989895	-7.989895	-7.989895	-7.099479	-6.327922	-6.381094	-6.814371
7.620	-7.969070	-7.969070	-7.969070	-7.969070	-7.674213	-6.948168	-6.989836	-7.492542
7.630	-7.796218	-7.796218	-7.796218	-7.796218	-7.969346	-7.241969	-7.615488	-7.859121
7.640	-7.474637	-7.474637	-7.474637	-7.474637	-8.544080	-7.568415	-7.936769	-8.189042
7.650	-7.010460	-7.010460	-7.010460	-7.010460	-8.544080	-7.568415	-7.615488	-8.189042
7.660	-6.412545	-6.412545	-6.412545	-6.412545	-8.248947	-7.568415	-7.936769	-8.207371
7.670	-5.692296	-5.692296	-5.692296	-5.692296	-8.248947	-7.568415	-7.919860	-8.189042
7.680	-4.863454	-4.863454	-4.863454	-4.863454	-8.264480	-7.568415	-7.615488	-8.207371
7.690	-3.941831	-3.941831	-3.941831	-3.941831	-7.953813	-7.241969	-7.294208	-8.189042
7.700	-2.945010	-2.945010	-2.945010	-2.945010	-7.083946	-6.638045	-6.989836	-7.162621
7.710	-1.892006	-1.892006	-1.892006	-1.892006	-7.099479	-6.311599	-6.381094	-6.154529
7.720	-0.802908	-0.802908	-0.802908	-0.802908	-5.623812	-5.103751	-5.738532	-5.476358
7.730	0.301507	0.301507	0.301507	0.301507	-5.344212	-4.483504	-4.825418	-4.468266
7.740	1.400170	1.400170	1.400170	1.400170	-4.163678	-3.553134	-3.574114	-3.423516
7.750	2.472122	2.472122	2.472122	2.472122	-3.293811	-2.622764	-2.644091	-2.067174
7.760	3.496913	3.496913	3.496913	3.496913	-2.113278	-1.708717	-1.714067	-1.040753
7.770	4.454993	4.454993	4.454993	4.454993	-1.243411	-0.468224	-0.175301	-0.032661
7.780	5.328084	5.328084	5.328084	5.328084	-0.358010	0.755947	0.771632	1.690260
7.790	6.099531	6.099531	6.099531	6.099531	1.086590	1.686317	2.006026	2.698352
7.800	6.754616	6.754616	6.754616	6.754616	1.971990	2.616687	2.919140	3.724773
7.810	7.280842	7.280842	7.280842	7.280842	2.857391	3.840858	4.153535	4.751194
7.820	7.668170	7.668170	7.668170	7.668170	3.727258	4.461104	4.779187	5.777615
7.830	7.909212	7.909212	7.909212	7.909212	4.612658	5.391474	5.709210	6.455786
7.840	7.999368	7.999368	7.999368	7.999368	4.907791	6.321844	6.656143	7.152286
7.850	7.936919	7.936919	7.936919	7.936919	5.482525	6.615645	6.977424	8.160378
7.860	7.723057	7.723057	7.723057	7.723057	5.777658	6.925768	7.281795	8.160378
7.870	7.361861	7.361861	7.361861	7.361861	6.367925	7.235892	7.264886	8.142049
7.880	6.860221	6.860221	6.860221	6.860221	6.057259	7.235892	7.264886	8.508628
7.890	6.227708	6.227708	6.227708	6.227708	6.352392	7.235892	7.569257	8.160378
7.900	5.476388	5.476388	5.476388	5.476388	6.072792	7.235892	7.586167	8.142049
7.910	4.620594	4.620594	4.620594	4.620594	6.072792	7.235892	7.264886	7.812128
7.920	3.676652	3.676652	3.676652	3.676652	5.482525	6.631967	6.960514	7.133957
7.930	2.662570	2.662570	2.662570	2.662570	5.187392	6.321844	6.639234	6.455786
7.940	1.597695	1.597695	1.597695	1.597695	4.317525	5.391474	5.692301	6.107536
7.950	0.502339	0.502339	0.502339	0.502339	3.447658	4.771228	4.796096	5.081115
7.960	-0.602599	-0.602599	-0.602599	-0.602599	2.857391	3.840858	3.544792	4.073023
7.970	-1.696042	-1.696042	-1.696042	-1.696042	1.692390	2.910488	2.919140	3.046602
7.980	-2.757129	-2.757129	-2.757129	-2.757129	0.806990	1.996440	1.701655	2.020181
7.990	-3.765618	-3.765618	-3.765618	-3.765618	-0.062877	0.755947	0.754722	1.012089
8.000	-4.702270	-4.702270	-4.702270	-4.702270	-1.227877	-0.174423	-0.479673	-0.362582
8.010	-5.549216	-5.549216	-5.549216	-5.549216	-2.408411	-1.414916	-1.730977	-1.718924
8.020	-6.290298	-6.290298	-6.290298	-6.290298	-3.278278	-2.328963	-2.965371	-2.745345
8.030	-6.911380	-6.911380	-6.911380	-6.911380	-4.458812	-3.243011	-3.895395	-3.735108
8.040	-7.400612	-7.400612	-7.400612	-7.400612	-5.328679	-4.483504	-4.521047	-4.761529
8.050	-7.748662	-7.748662	-7.748662	-7.748662	-5.918946	-5.413874	-5.434161	-5.806279
8.060	-7.948889	-7.948889	-7.948889	-7.948889	-6.804346	-6.034121	-6.076722	-6.832700
8.070	-7.997474	-7.997474	-7.997474	-7.997474	-7.379080	-6.638045	-7.006746	-7.162621
8.080	-7.893490	-7.893490	-7.893490	-7.893490	-7.969346	-6.948168	-7.311117	-7.840792
8.090	-7.638921	-7.638921	-7.638921	-7.638921	-8.248947	-7.258291	-7.598579	-8.189042
8.100	-7.238623	-7.238623	-7.238623	-7.238623	-8.544080	-7.584737	-7.615488	-8.189042
8.110	-6.700233	-6.700233	-6.700233	-6.700233	-8.559613	-7.878538	-7.936769	-8.152384
8.120	-6.034021	-6.034021	-6.034021	-6.034021	-8.559613	-7.568415	-7.936769	-8.170713
8.130	-5.252698	-5.252698	-5.252698	-5.252698	-8.559613	-7.552092	-7.615488	-8.189042
8.140	-4.371168	-4.371168	-4.371168	-4.371168	-7.969346	-7.241969	-7.615488	-8.189042
8.150	-3.406248	-3.406248	-3.406248	-3.406248	-7.689746	-6.948168	-7.311117	-7.840792
8.160	-2.376347	-2.376347	-2.376347	-2.376347	-7.099479	-6.327922	-6.668555	-7.162621
8.170	-1.301113	-1.301113	-1.301113	-1.301113	-6.509213	-5.707675	-6.059813	-5.787950
8.180	-0.201056	-0.201056	-0.201056	-0.201056	-5.328679	-4.793627	-5.451070	-4.798187
8.190	0.902836	0.902836	0.902836	0.902836	-4.753945	-4.189703	-4.199766	-3.771766
8.200	1.989504	1.989504	1.989504	1.989504	-3.588945	-2.932888	-2.965371	-2.727016
8.210	3.038218	3.038218	3.038218	3.038218	-2.703545	-2.328963	-2.052258	-1.370674
8.220	4.028972	4.028972	4.028972	4.028972	-1.523011	-0.778347	-1.105325	-0.362582
8.230	4.942865	4.942865	4.942865	4.942865	-0.653144	0.135701	0.129070	1.012089
8.240	5.762461	5.762461	5.762461	5.762461	0.511857	1.359872	1.076003	2.020181
8.250	6.472127	6.472127	6.472127	6.472127	1.676857	2.306564	2.310398	3.046602
8.260	7.058322	7.058322	7.058322	7.058322	2.577791	3.220611	3.240421	4.091352
8.270	7.509865	7.509865	7.509865	7.509865	3.432124	4.150981	4.491725	5.429365
8.280	7.818142	7.818142	7.818142	7.818142	4.317525	5.065029	5.100468	6.107536
8.290	7.977270	7.977270	7.977270	7.977270	4.907791	5.701597	6.030491	7.133957
8.300	7.984215	7.984215	7.984215	7.984215	5.202925	6.305522	6.639234	7.482207
8.310	7.838844	7.838844	7.838844	7.838844	5.777658	6.615645	7.264886	7.812128
8.320	7.543930	7.543930	7.543930	7.543930	6.367925	6.942091	7.264886	7.830457
8.330	7.105099	7.105099	7.105099	7.105099	6.367925	7.252214	7.281795	8.160378
8.340	6.530723	6.530723	6.530723	6.530723	6.367925	7.219569	7.569257	8.160378
8.350	5.831760	5.831760	5.831760	5.831760	6.383459	7.235892	7.264886	8.142049
8.360	5.021543	5.021543	5.021543	5.021543	6.088325	7.235892	7.281795	7.812128
8.370	4.115530	4.115530	4.115530	4.115530	5.793192	6.909446	7.264886	7.463878
8.380	3.131004	3.131004	3.131004	3.131004	5.202925	6.321844	6.960514	6.804036
8.390	2.086747	2.086747	2.086747	2.086747	4.317525	5.701597	6.030491	6.125865
8.400	1.002682	1.002682	1.002682	1.002682	3.727258	5.081351	5.083558	5.099444
8.410	-0.100512	-0.100512	-0.100512	-0.100512	3.152524	4.134659	4.474816	4.769523
8.420	-1.201789	-1.201789	-1.201789	-1.201789	1.971990	3.220611	3.240421	3.743102
8.430	-2.280139	-2.280139	-2.280139	-2.280139	1.102123	2.306564	2.310398	2.386760
8.440	-3.314990	-3.314990	-3.314990	-3.314990	0.232256	1.376194	1.380374	1.360339
8.450	-4.286601	-4.286601	-4.286601	-4.286601	-1.227877	0.152023	0.145979	0.003997
8.460	-5.176436	-5.176436	-5.176436	-5.176436	-1.818144	-0.778347	-1.105325	-0.692503
8.470	-5.967519	-5.967519	-5.967519	-5.967519	-2.998678	-2.002518	-2.356629	-2.067174
8.480	-6.644758	-6.644758	-6.644758	-6.644758	-3.868545	-2.932888	-3.286652	-3.405187
8.490	-7.195235	-7.195235	-7.195235	-7.195235	-4.753945	-4.157059	-4.216676	-4.101687
8.500	-7.608447	-7.608447	-7.608447	-7.608447	-5.918946	-4.467182	-5.146699	-5.439700
8.510	-7.876512	-7.876512	-7.876512	-7.876512	-6.493679	-5.413874	-6.076722	-6.136200
8.520	-7.994315	-7.994315	-7.994315	-7.994315	-7.379080	-6.311599	-6.685465	-6.814371
8.530	-7.959610	-7.959610	-7.959610	-7.959610	-7.969346	-6.638045	-7.328027	-7.492542
8.540	-7.773058	-7.773058	-7.773058	-7.773058	-7.953813	-7.258291	-7.632398	-7.840792
8.550	-7.438218	-7.438218	-7.438218	-7.438218	-8.528547	-7.568415	-7.615488	-8.189042
8.560	-6.961478	-6.961478	-6.961478	-6.961478	-8.248947	-7.552092	-7.919860	-8.189042
8.570	-6.351933	-6.351933	-6.351933	-6.351933	-8.544080	-7.878538	-7.936769	-8.189042
8.580	-5.621211	-5.621211	-5.621211	-5.621211	-8.248947	-7.568415	-7.919860	-8.537292
8.590	-4.783253	-4.783253	-4.783253	-4.783253	-8.248947	-7.878538	-7.615488	-8.189042
8.600	-3.854044	-3.854044	-3.854044	-3.854044	-7.674213	-7.241969	-7.328027	-8.189042
8.610	-2.851310	-2.851310	-2.851310	-2.851310	-7.379080	-6.638045	-6.989836	-7.510871
8.620	-1.794182	-1.794182	-1.794182	-1.794182	-6.509213	-6.327922	-6.381094	-6.484450
8.630	-0.702826	-0.702826	-0.702826	-0.702826	-6.214079	-5.397552	-5.755442	-5.476358
8.640	0.401938	0.401938	0.401938	0.401938	-5.033545	-4.467182	-4.521047	-4.101687
8.650	1.499034	1.499034	1.499034	1.499034	-4.179212	-3.553134	-3.591024	-3.423516
8.660	2.567533	2.567533	2.567533	2.567533	-2.998678	-2.622764	-2.644091	-2.067174
8.670	3.587051	3.587051	3.587051	3.587051	-2.113278	-1.398594	-1.409696	-0.710832
8.680	4.538138	4.538138	4.538138	4.538138	-0.948277	-0.158100	-0.175301	-0.032661
8.690	5.402650	5.402650	5.402650	5.402650	-0.078410	0.755947	0.754722	1.360339
8.700	6.164095	6.164095	6.164095	6.164095	1.102123	2.012763	1.701655	2.698352
8.710	6.807947	6.807947	6.807947	6.807947	1.971990	2.926810	3.240421	3.724773
8.720	7.321923	7.321923	7.321923	7.321923	2.872924	3.857180	4.170444	4.732865
8.730	7.696217	7.696217	7.696217	7.696217	3.742791	4.771228	4.813006	5.795944
8.740	7.923689	7.923689	7.923689	7.923689	4.597125	5.375152	6.030491	6.455786
8.750	8.000000	8.000000	8.000000	8.000000	5.202925	6.011721	6.656143	7.133957
8.760	7.923694	7.923694	7.923694	7.923694	5.762125	6.615645	6.977424	7.463878
8.770	7.696226	7.696226	7.696226	7.696226	5.777658	7.219569	7.264886	8.142049
8.780	7.321936	7.321936	7.321936	7.321936	6.072792	7.235892	6.960514	8.142049
8.790	6.807965	6.807965	6.807965	6.807965	6.367925	7.235892	7.281795	7.812128
8.800	6.164117	6.164117	6.164117	6.164117	6.352392	7.235892	7.586167	8.160378
8.810	5.402675	5.402675	5.402675	5.402675	6.367925	7.252214	7.264886	8.142049
8.820	4.538165	4.538165	4.538165	4.538165	6.072792	6.925768	7.264886	7.830457
8.830	3.587081	3.587081	3.587081	3.587081	5.482525	6.925768	6.960514	7.482207
8.840	2.567565	2.567565	2.567565	2.567565	4.892258	6.305522	6.351772	6.804036
8.850	1.499067	1.499067	1.499067	1.499067	4.301991	5.391474	5.726120	5.777615
8.860	0.401971	0.401971	0.401971	0.401971	3.447658	4.461104	4.796096	5.081115
8.870	-0.702793	-0.702793	-0.702793	-0.702793	2.546724	3.840858	3.561702	4.073023
8.880	-1.794150	-1.794150	-1.794150	-1.794150	1.676857	2.616687	2.614769	3.064931
8.890	-2.851279	-2.851279	-2.851279	-2.851279	0.806990	1.686317	1.701655	1.708589
8.900	-3.854015	-3.854015	-3.854015	-3.854015	-0.653144	0.755947	0.467260	0.663839
8.910	-4.783226	-4.783226	-4.783226	-4.783226	-1.538544	-0.158100	-0.479673	-0.362582
8.920	-5.621188	-5.621188	-5.621188	-5.621188	-2.703545	-1.398594	-1.409696	-1.718924
8.930	-6.351913	-6.351913	-6.351913	-6.351913	-3.588945	-2.328963	-2.644091	-3.093595
8.940	-6.961462	-6.961462	-6.961462	-6.961462	-4.443279	-3.569457	-3.895395	-3.753437
8.950	-7.438206	-7.438206	-7.438206	-7.438206	-5.328679	-4.467182	-4.487228	-4.779858
8.960	-7.773050	-7.773050	-7.773050	-7.773050	-6.198546	-5.103751	-5.755442	-5.806279
8.970	-7.959606	-7.959606	-7.959606	-7.959606	-6.788813	-6.327922	-6.685465	-6.814371
8.980	-7.994316	-7.994316	-7.994316	-7.994316	-7.379080	-6.621723	-7.311117	-7.510871
8.990	-7.876518	-7.876518	-7.876518	-7.876518	-7.674213	-6.638045	-7.615488	-8.207371
9.000	-7.608457	-7.608457	-7.608457	-7.608457	-8.264480	-7.241969	-7.919860	-8.207371
9.010	-7.195249	-7.195249	-7.195249	-7.195249	-8.233413	-7.552092	-7.919860	-8.170713
9.020	-6.644777	-6.644777	-6.644777	-6.644777	-8.544080	-7.552092	-7.919860	-8.189042
9.030	-5.967541	-5.967541	-5.967541	-5.967541	-8.544080	-7.552092	-7.919860	-8.170713
9.040	-5.176461	-5.176461	-5.176461	-5.176461	-8.248947	-7.568415	-7.598579	-8.189042
9.050	-4.286629	-4.286629	-4.286629	-4.286629	-7.953813	-7.568415	-7.615488	-8.189042
9.060	-3.315020	-3.315020	-3.315020	-3.315020	-7.379080	-6.931846	-7.294208	-7.859121
9.070	-2.280170	-2.280170	-2.280170	-2.280170	-7.379080	-6.621723	-6.381094	-6.832700
9.080	-1.201822	-1.201822	-1.201822	-1.201822	-6.214079	-5.707675	-6.059813	-6.154529
9.090	-0.100545	-0.100545	-0.100545	-0.100545	-5.328679	-5.087428	-5.146699	-4.816516
9.100	1.002649	1.002649	1.002649	1.002649	-4.443279	-3.846935	-3.895395	-3.423516
9.110	2.086715	2.086715	2.086715	2.086715	-3.557878	-2.949210	-2.965371	-2.745345
9.120	3.130974	3.130974	3.130974	3.130974	-2.703545	-2.035162	-1.730977	-1.370674
9.130	4.115502	4.115502	4.115502	4.115502	-1.538544	-1.088470	-0.784044	-0.362582
9.140	5.021517	5.021517	5.021517	5.021517	-0.653144	0.135701	0.450351	1.012089
9.150	5.831737	5.831737	5.831737	5.831737	0.527390	1.066070	1.380374	2.020181
9.160	6.530704	6.530704	6.530704	6.530704	1.381724	2.306564	2.597859	3.028273
9.170	7.105084	7.105084	7.105084	7.105084	2.562257	3.220611	3.544792	4.402944
9.180	7.543919	7.543919	7.543919	7.543919	3.447658	4.150981	4.491725	5.081115
9.190	7.838837	7.838837	7.838837	7.838837	4.317525	5.065029	5.100468	6.089207
9.200	7.984213	7.984213	7.984213	7.984213	4.907791	5.701597	5.726120	6.804036
9.210	7.977273	7.977273	7.977273	7.977273	5.777658	5.995399	6.639234	7.463878
9.220	7.818149	7.818149	7.818149	7.818149	5.777658	6.615645	6.960514	7.812128
9.230	7.509877	7.509877	7.509877	7.509877	6.072792	7.235892	7.586167	8.160378
9.240	7.058338	7.058338	7.058338	7.058338	6.072792	6.925768	7.264886	8.508628
9.250	6.472146	6.472146	6.472146	6.472146	6.072792	7.219569	7.586167	8.490299
9.260	5.762484	5.762484	5.762484	5.762484	6.352392	7.235892	7.586167	8.160378
9.270	4.942891	4.942891	4.942891	4.942891	6.072792	6.925768	7.281795	7.812128
9.280	4.029001	4.029001	4.029001	4.029001	5.482525	6.925768	7.264886	7.482207
9.290	3.038249	3.038249	3.038249	3.038249	5.202925	6.615645	6.656143	6.804036
9.300	1.989536	1.989536	1.989536	1.989536	4.612658	5.701597	6.030491	6.125865
9.310	0.902869	0.902869	0.902869	0.902869	3.742791	4.787550	5.100468	5.081115
9.320	-0.201023	-0.201023	-0.201023	-0.201023	2.857391	4.134659	4.170444	4.054694
9.330	-1.301080	-1.301080	-1.301080	-1.301080	1.676857	3.220611	3.240421	3.724773
9.340	-2.376316	-2.376316	-2.376316	-2.376316	1.086590	2.322886	2.310398	2.368431
9.350	-3.406218	-3.406218	-3.406218	-3.406218	0.216723	1.376194	1.076003	1.360339
9.360	-4.371140	-4.371140	-4.371140	-4.371140	-0.932744	0.462146	-0.175301	-0.014332
9.370	-5.252673	-5.252673	-5.252673	-5.252673	-2.113278	-0.778347	-1.088415	-1.040753
9.380	-6.033999	-6.033999	-6.033999	-6.033999	-2.998678	-2.018840	-2.018439	-2.415424
9.390	-6.700215	-6.700215	-6.700215	-6.700215	-3.868545	-2.949210	-3.269743	-3.423516
9.400	-7.238609	-7.238609	-7.238609	-7.238609	-4.753945	-3.863258	-4.199766	-4.101687
9.410	-7.638911	-7.638911	-7.638911	-7.638911	-5.623812	-5.103751	-5.129790	-5.458029
9.420	-7.893485	-7.893485	-7.893485	-7.893485	-6.509213	-5.723997	-5.755442	-6.136200
9.430	-7.997473	-7.997473	-7.997473	-7.997473	-7.083946	-6.327922	-6.668555	-6.832700
9.440	-7.948892	-7.948892	-7.948892	-7.948892	-7.658680	-6.654367	-7.006746	-7.510871
9.450	-7.748670	-7.748670	-7.748670	-7.748670	-8.248947	-6.964490	-7.615488	-7.859121
9.460	-7.400624	-7.400624	-7.400624	-7.400624	-8.248947	-7.552092	-7.919860	-8.170713
9.470	-6.911396	-6.911396	-6.911396	-6.911396	-8.528547	-7.568415	-7.919860	-7.840792
9.480	-6.290319	-6.290319	-6.290319	-6.290319	-8.248947	-7.584737	-7.902950	-8.189042
9.490	-5.549239	-5.549239	-5.549239	-5.549239	-8.264480	-7.568415	-7.919860	-7.859121
9.500	-4.702297	-4.702297	-4.702297	-4.702297	-7.969346	-7.258291	-7.615488	-7.859121
9.510	-3.765647	-3.765647	-3.765647	-3.765647	-7.969346	-7.274614	-7.294208	-7.840792
9.520	-2.757160	-2.757160	-2.757160	-2.757160	-7.394613	-6.638045	-6.989836	-7.510871
9.530	-1.696074	-1.696074	-1.696074	-1.696074	-6.788813	-6.017798	-6.042903	-6.484450
9.540	-0.602632	-0.602632	-0.602632	-0.602632	-5.623812	-5.087428	-5.434161	-5.476358
9.550	0.502306	0.502306	0.502306	0.502306	-5.049079	-4.467182	-4.504137	-4.449937
9.560	1.597662	1.597662	1.597662	1.597662	-3.868545	-3.569457	-3.269743	-2.745345
9.570	2.662539	2.662539	2.662539	2.662539	-2.998678	-2.639087	-2.356629	-2.085503
9.580	3.676623	3.676623	3.676623	3.676623	-2.128811	-1.692395	-1.409696	-1.040753
9.590	4.620567	4.620567	4.620567	4.620567	-0.932744	-0.484546	-0.175301	0.315589
9.600	5.476364	5.476364	5.476364	5.476364	0.232256	0.739625	1.059093	1.671931
9.610	6.227687	6.227687	6.227687	6.227687	1.086590	1.669995	2.006026	3.064931
9.620	6.860204	6.860204	6.860204	6.860204	2.267124	2.910488	2.919140	3.724773
9.630	7.361848	7.361848	7.361848	7.361848	3.152524	4.167303	3.866073	4.732865
9.640	7.723048	7.723048	7.723048	7.723048	4.022391	4.754905	4.796096	6.107536
9.650	7.936915	7.936915	7.936915	7.936915	4.892258	5.701597	5.726120	6.804036
9.660	7.999369	7.999369	7.999369	7.999369	5.482525	5.995399	6.351772	7.463878
9.670	7.909217	7.909217	7.909217	7.909217	6.057259	6.631967	6.960514	7.812128
9.680	7.668180	7.668180	7.668180	7.668180	6.072792	6.942091	6.977424	7.793799
9.690	7.280855	7.280855	7.280855	7.280855	6.072792	7.235892	7.264886	8.160378
9.700	6.754633	6.754633	6.754633	6.754633	6.057259	7.235892	7.569257	8.160378
9.710	6.099552	6.099552	6.099552	6.099552	6.367925	7.219569	7.264886	7.812128
9.720	5.328109	5.328109	5.328109	5.328109	6.072792	7.235892	7.281795	7.812128
9.730	4.455020	4.455020	4.455020	4.455020	5.777658	7.235892	7.586167	7.812128
9.740	3.496943	3.496943	3.496943	3.496943	5.482525	6.615645	6.960514	7.133957
9.750	2.472153	2.472153	2.472153	2.472153	4.892258	5.995399	6.317953	6.455786
9.760	1.400203	1.400203	1.400203	1.400203	4.317525	5.375152	5.404839	5.759286
9.770	0.301540	0.301540	0.301540	0.301540	3.136991	4.444782	4.796096	4.751194
9.780	-0.802875	-0.802875	-0.802875	-0.802875	2.267124	3.514412	3.544792	4.073023
9.790	-1.891974	-1.891974	-1.891974	-1.891974	1.397257	2.600365	2.614769	3.046602
9.800	-2.944979	-2.944979	-2.944979	-2.944979	0.511857	1.669995	1.380374	1.690260
9.810	-3.941803	-3.941803	-3.941803	-3.941803	-0.932744	0.429502	0.145979	0.663839
9.820	-4.863428	-4.863428	-4.863428	-4.863428	-1.523011	-0.468224	-0.800953	-0.692503
9.830	-5.692272	-5.692272	-5.692272	-5.692272	-2.703545	-1.398594	-1.730977	-1.737253
9.840	-6.412525	-6.412525	-6.412525	-6.412525	-3.573412	-2.639087	-2.965371	-3.093595
9.850	-7.010444	-7.010444	-7.010444	-7.010444	-4.458812	-3.569457	-3.878485	-4.101687
9.860	-7.474625	-7.474625	-7.474625	-7.474625	-5.328679	-4.483504	-4.825418	-5.128108
9.870	-7.796211	-7.796211	-7.796211	-7.796211	-6.229612	-5.397552	-6.076722	-6.154529
9.880	-7.969067	-7.969067	-7.969067	-7.969067	-7.083946	-6.327922	-6.364184	-6.502779
9.890	-7.989897	-7.989897	-7.989897	-7.989897	-7.379080	-6.654367	-6.989836	-7.492542
9.900	-7.858302	-7.858302	-7.858302	-7.858302	-7.674213	-6.948168	-7.615488	-7.859121
9.910	-7.576792	-7.576792	-7.576792	-7.576792	-8.264480	-7.258291	-7.598579	-8.170713
9.920	-7.150740	-7.150740	-7.150740	-7.150740	-8.264480	-7.878538	-7.615488	-8.189042
9.930	-6.588271	-6.588271	-6.588271	-6.588271	-8.544080	-7.878538	-7.902950	-8.170713
9.940	-5.900118	-5.900118	-5.900118	-5.900118	-8.264480	-7.878538	-7.919860	-8.189042
9.950	-5.099406	-5.099406	-5.099406	-5.099406	-8.544080	-7.878538	-7.919860	-8.189042
9.960	-4.201413	-4.201413	-4.201413	-4.201413	-7.969346	-7.258291	-7.615488	-8.189042
9.970	-3.223269	-3.223269	-3.223269	-3.223269	-7.674213	-6.964490	-6.972927	-7.510871
9.980	-2.183634	-2.183634	-2.183634	-2.183634	-6.788813	-6.327922	-6.702375	-6.484450
10.000	-0.000019	-0.000019	-0.000019	-0.000019	-5.328679	-4.793627	-5.129790	-4.779858
10.010	1.102304	1.102304	1.102304	1.102304	-4.443279	-3.879580	-3.878485	-3.441845
10.020	2.183597	2.183597	2.183597	2.183597	-3.278278	-2.916565	-2.982281	-2.415424
10.030	3.223234	3.223234	3.223234	3.223234	-2.392878	-2.002518	-1.714067	-1.370674
10.040	4.201381	4.201381	4.201381	4.201381	-1.538544	-0.778347	-1.105325	-0.014332
10.050	5.099377	5.099377	5.099377	5.099377	-0.358010	0.152023	0.450351	1.012089
10.060	5.900092	5.900092	5.900092	5.900092	0.511857	1.392516	1.380374	2.020181
10.070	6.588250	6.588250	6.588250	6.588250	1.397257	2.322886	2.631678	3.394852
10.080	7.150723	7.150723	7.150723	7.150723	2.562257	3.547057	3.849164	4.402944
10.090	7.576780	7.576780	7.576780	7.576780	3.152524	4.461104	4.796096	5.429365
10.100	7.858294	7.858294	7.858294	7.858294	4.317525	5.081351	5.421749	6.125865
10.110	7.989895	7.989895	7.989895	7.989895	4.907791	5.995399	6.656143	7.133957
10.120	7.969071	7.969071	7.969071	7.969071	5.482525	6.305522	6.656143	7.482207
10.130	7.796219	7.796219	7.796219	7.796219	5.777658	6.599323	6.977424	8.142049
10.140	7.474638	7.474638	7.474638	7.474638	6.072792	6.909446	7.586167	8.490299
10.150	7.010463	7.010463	7.010463	7.010463	6.367925	7.252214	7.890538	8.508628
10.160	6.412547	6.412547	6.412547	6.412547	6.367925	6.942091	7.586167	8.508628
10.170	5.692299	5.692299	5.692299	5.692299	6.352392	6.942091	7.586167	8.490299
10.180	4.863458	4.863458	4.863458	4.863458	5.777658	7.235892	7.281795	7.830457
10.190	3.941835	3.941835	3.941835	3.941835	5.498058	6.925768	6.960514	7.463878
10.200	2.945014	2.945014	2.945014	2.945014	4.907791	6.321844	6.334862	6.455786
10.210	1.892011	1.892011	1.892011	1.892011	4.317525	5.685275	5.709210	6.125865
10.220	0.802913	0.802913	0.802913	0.802913	3.727258	5.097673	5.100468	5.429365
10.230	-0.301502	-0.301502	-0.301502	-0.301502	2.841857	4.167303	3.849164	4.421273
10.240	-1.400165	-1.400165	-1.400165	-1.400165	1.676857	2.910488	2.936050	3.394852
10.250	-2.472118	-2.472118	-2.472118	-2.472118	1.102123	2.306564	1.989117	2.350102
10.260	-3.496909	-3.496909	-3.496909	-3.496909	-0.062877	1.066070	0.771632	0.993760
10.270	-4.454989	-4.454989	-4.454989	-4.454989	-1.243411	0.152023	-0.175301	-0.014332
10.280	-5.328080	-5.328080	-5.328080	-5.328080	-2.128811	-0.762025	-1.105325	-1.040753
10.290	-6.099528	-6.099528	-6.099528	-6.099528	-3.293811	-2.002518	-2.339719	-2.397095
10.300	-6.754613	-6.754613	-6.754613	-6.754613	-4.163678	-2.949210	-3.574114	-3.441845
10.310	-7.280840	-7.280840	-7.280840	-7.280840	-5.049079	-3.863258	-4.521047	-4.449937
10.320	-7.668169	-7.668169	-7.668169	-7.668169	-5.903412	-5.103751	-5.129790	-5.787950
10.330	-7.909211	-7.909211	-7.909211	-7.909211	-6.493679	-5.707675	-6.059813	-6.484450
10.340	-7.999368	-7.999368	-7.999368	-7.999368	-7.379080	-6.327922	-6.685465	-7.180950
10.350	-7.936920	-7.936920	-7.936920	-7.936920	-7.658680	-6.931846	-6.989836	-7.859121
10.360	-7.723058	-7.723058	-7.723058	-7.723058	-8.248947	-7.568415	-7.598579	-8.207371
10.370	-7.361862	-7.361862	-7.361862	-7.361862	-8.839213	-7.878538	-7.615488	-8.207371
10.380	-6.860223	-6.860223	-6.860223	-6.860223	-8.839213	-7.862216	-7.615488	-8.537292
10.390	-6.227711	-6.227711	-6.227711	-6.227711	-8.559613	-7.862216	-7.919860	-8.170713
10.400	-5.476391	-5.476391	-5.476391	-5.476391	-8.248947	-7.878538	-7.615488	-8.189042
10.410	-4.620598	-4.620598	-4.620598	-4.620598	-8.264480	-7.862216	-7.919860	-8.207371
10.420	-3.676656	-3.676656	-3.676656	-3.676656	-7.394613	-6.931846	-7.598579	-7.859121
10.430	-2.662575	-2.662575	-2.662575	-2.662575	-7.379080	-6.654367	-6.685465	-7.180950
10.440	-1.597699	-1.597699	-1.597699	-1.597699	-6.198546	-6.017798	-6.381094	-6.154529
10.450	-0.502344	-0.502344	-0.502344	-0.502344	-5.623812	-5.397552	-5.434161	-5.109779
10.460	0.602595	0.602595	0.602595	0.602595	-4.738412	-4.483504	-4.504137	-4.449937
10.470	1.696038	1.696038	1.696038	1.696038	-3.884078	-3.553134	-3.574114	-3.075266
10.480	2.757125	2.757125	2.757125	2.757125	-2.983145	-2.296319	-2.339719	-1.737253
10.490	3.765614	3.765614	3.765614	3.765614	-1.818144	-1.398594	-1.409696	-0.710832
10.500	4.702266	4.702266	4.702266	4.702266	-0.948277	-0.451901	0.129070	0.663839
10.510	5.549212	5.549212	5.549212	5.549212	0.216723	0.772269	0.771632	1.671931
10.520	6.290295	6.290295	6.290295	6.290295	1.102123	1.996440	2.006026	2.680023
10.530	6.911377	6.911377	6.911377	6.911377	2.267124	2.926810	3.257330	4.054694
10.540	7.400610	7.400610	7.400610	7.400610	3.136991	4.150981	4.170444	5.081115
10.550	7.748660	7.748660	7.748660	7.748660	4.022391	4.771228	5.100468	6.107536
10.560	7.948888	7.948888	7.948888	7.948888	4.892258	5.391474	5.726120	6.785707
10.570	7.997474	7.997474	7.997474	7.997474	5.187392	5.995399	6.656143	7.812128
10.580	7.893491	7.893491	7.893491	7.893491	5.482525	6.615645	6.960514	8.160378
10.590	7.638922	7.638922	7.638922	7.638922	6.072792	6.925768	7.264886	8.160378
10.600	7.238625	7.238625	7.238625	7.238625	6.072792	7.235892	7.586167	8.178707
10.610	6.700235	6.700235	6.700235	6.700235	6.072792	7.235892	7.586167	8.160378
10.620	6.034024	6.034024	6.034024	6.034024	6.057259	7.235892	7.569257	8.142049
10.630	5.252701	5.252701	5.252701	5.252701	6.072792	7.235892	7.586167	7.812128
10.640	4.371172	4.371172	4.371172	4.371172	5.793192	7.252214	7.264886	7.482207
10.650	3.406253	3.406253	3.406253	3.406253	5.482525	6.925768	6.960514	7.115628
10.660	2.376352	2.376352	2.376352	2.376352	4.907791	6.011721	6.030491	6.089207
10.670	1.301117	1.301117	1.301117	1.301117	4.037924	5.407796	5.421749	5.429365
10.680	0.201061	0.201061	0.201061	0.201061	3.136991	4.771228	4.491725	4.751194
10.690	-0.902831	-0.902831	-0.902831	-0.902831	2.562257	3.530735	3.561702	4.054694
10.700	-1.989500	-1.989500	-1.989500	-1.989500	1.381724	2.616687	2.631678	2.698352
10.710	-3.038214	-3.038214	-3.038214	-3.038214	0.527390	1.669995	1.380374	1.671931
10.720	-4.028968	-4.028968	-4.028968	-4.028968	-0.653144	0.445824	0.450351	0.645510
10.730	-4.942861	-4.942861	-4.942861	-4.942861	-1.833678	-0.484546	-0.784044	-0.710832
10.740	-5.762458	-5.762458	-5.762458	-5.762458	-2.703545	-1.708717	-1.714067	-1.737253
10.750	-6.472124	-6.472124	-6.472124	-6.472124	-3.588945	-2.622764	-2.644091	-3.111924
10.760	-7.058320	-7.058320	-7.058320	-7.058320	-4.738412	-3.863258	-3.878485	-3.771766
10.770	-7.509864	-7.509864	-7.509864	-7.509864	-5.328679	-4.483504	-4.825418	-4.798187
10.780	-7.818141	-7.818141	-7.818141	-7.818141	-6.214079	-5.413874	-5.755442	-6.154529
10.790	-7.977270	-7.977270	-7.977270	-7.977270	-6.788813	-6.017798	-6.364184	-6.484450
11.020	7.994315	7.994315	7.994315	7.994315	5.202925	5.685275	6.317953	7.115628
11.030	7.959610	7.959610	7.959610	7.959610	5.777658	6.305522	6.960514	7.812128
11.040	7.773059	7.773059	7.773059	7.773059	5.777658	6.925768	7.264886	8.160378
11.050	7.438220	7.438220	7.438220	7.438220	6.072792	7.252214	7.281795	8.490299
11.060	6.961480	6.961480	6.961480	6.961480	6.072792	7.252214	7.264886	8.508628
11.070	6.351936	6.351936	6.351936	6.351936	6.072792	7.235892	7.569257	8.490299
11.080	5.621215	5.621215	5.621215	5.621215	6.072792	7.235892	7.586167	7.812128
11.090	4.783257	4.783257	4.783257	4.783257	6.072792	6.925768	7.264886	7.830457
11.100	3.854048	3.854048	3.854048	3.854048	5.777658	6.631967	6.977424	7.133957
11.110	2.851315	2.851315	2.851315	2.851315	4.892258	6.321844	6.639234	6.785707
11.120	1.794187	1.794187	1.794187	1.794187	4.317525	5.701597	5.726120	5.759286
11.130	0.702830	0.702830	0.702830	0.702830	3.727258	4.771228	4.796096	5.081115
11.140	-0.401934	-0.401934	-0.401934	-0.401934	2.841857	4.167303	3.866073	4.421273
11.150	-1.499030	-1.499030	-1.499030	-1.499030	1.676857	2.910488	2.919140	3.376523
11.160	-2.567529	-2.567529	-2.567529	-2.567529	1.086590	2.306564	2.006026	2.350102
11.170	-3.587047	-3.587047	-3.587047	-3.587047	-0.078410	1.376194	0.754722	1.012089
11.180	-4.538134	-4.538134	-4.538134	-4.538134	-1.227877	-0.158100	-0.175301	-0.050990
11.190	-5.402647	-5.402647	-5.402647	-5.402647	-2.128811	-1.088470	-1.409696	-1.040753
11.200	-6.164092	-6.164092	-6.164092	-6.164092	-3.588945	-2.018840	-2.339719	-2.745345
11.210	-6.807945	-6.807945	-6.807945	-6.807945	-4.163678	-2.932888	-3.557205	-3.423516
11.220	-7.321921	-7.321921	-7.321921	-7.321921	-5.344212	-4.189703	-4.182857	-4.449937
11.230	-7.696216	-7.696216	-7.696216	-7.696216	-5.918946	-5.103751	-5.434161	-5.806279
11.240	-7.923688	-7.923688	-7.923688	-7.923688	-6.509213	-5.707675	-6.059813	-6.484450
11.250	-8.000000	-8.000000	-8.000000	-8.000000	-7.083946	-6.638045	-6.668555	-7.162621
11.260	-7.923694	-7.923694	-7.923694	-7.923694	-7.689746	-6.948168	-6.989836	-7.822463
11.270	-7.696227	-7.696227	-7.696227	-7.696227	-8.248947	-7.862216	-7.294208	-8.189042
11.280	-7.321938	-7.321938	-7.321938	-7.321938	-8.264480	-7.845893	-7.615488	-8.189042
11.290	-6.807967	-6.807967	-6.807967	-6.807967	-8.248947	-7.862216	-7.919860	-8.189042
11.300	-6.164120	-6.164120	-6.164120	-6.164120	-8.248947	-7.862216	-7.615488	-8.189042
11.310	-5.402678	-5.402678	-5.402678	-5.402678	-8.264480	-7.862216	-7.615488	-8.207371
11.320	-4.538169	-4.538169	-4.538169	-4.538169	-8.264480	-7.552092	-7.615488	-8.189042
11.330	-3.587085	-3.587085	-3.587085	-3.587085	-7.689746	-7.241969	-7.311117	-7.840792
11.340	-2.567569	-2.567569	-2.567569	-2.567569	-7.083946	-6.621723	-6.685465	-6.851029
11.350	-1.499072	-1.499072	-1.499072	-1.499072	-6.509213	-6.017798	-6.059813	-5.806279
11.360	-0.401976	-0.401976	-0.401976	-0.401976	-5.328679	-5.103751	-5.434161	-5.128108
11.370	0.702788	0.702788	0.702788	0.702788	-5.049079	-4.189703	-4.199766	-3.771766
11.380	1.794145	1.794145	1.794145	1.794145	-3.853012	-3.243011	-3.252833	-3.093595
11.390	2.851275	2.851275	2.851275	2.851275	-3.014211	-2.328963	-2.018439	-1.737253
11.400	3.854011	3.854011	3.854011	3.854011	-1.833678	-1.072148	-1.392786	-0.710832
11.410	4.783223	4.783223	4.783223	4.783223	-0.948277	-0.158100	-0.158392	0.663839
11.420	5.621184	5.621184	5.621184	5.621184	0.216723	0.772269	1.076003	1.671931
11.430	6.351910	6.351910	6.351910	6.351910	1.102123	1.996440	2.310398	3.028273
11.440	6.961459	6.961459	6.961459	6.961459	2.267124	3.236933	3.561702	4.054694
11.450	7.438204	7.438204	7.438204	7.438204	3.152524	4.167303	4.170444	4.732865
11.460	7.773049	7.773049	7.773049	7.773049	4.022391	4.787550	5.100468	5.759286
11.470	7.959606	7.959606	7.959606	7.959606	4.907791	5.701597	5.709210	6.437457
11.480	7.994317	7.994317	7.994317	7.994317	5.466992	6.305522	6.639234	7.133957
11.490	7.876518	7.876518	7.876518	7.876518	6.072792	6.615645	7.281795	7.463878
